40.3773296281681     0.0924513872210564     0     8     -10
40.3905383424574     0.0926131086518831     0     8     -10
40.4037473740993     0.0928848702935389     0     8     -10
40.4169567221688     0.0927131830395024     0     8     -10
40.4301663857409     0.0924548127791543     0     8     -10
40.4433763638906     0.092580975385124     0     8     -10
40.4565866556934     0.0928124922130911     0     8     -10
40.4697972602245     0.092363945600276     0     8     -10
40.4830081765594     0.0923360578536456     0     8     -10
40.4962194037737     0.0919118144569075     0     8     -10
40.5094309409432     0.092107798569798     0     8     -10
40.5226427871436     0.0920107161149105     0     8     -10
40.5358549414509     0.09197866580239     0     8     -10
40.5490674029412     0.0918995313575905     0     8     -10
40.5622801706905     0.0922356933371666     0     8     -10
40.5754932437751     0.0917259135224451     0     8     -10
40.5887066212714     0.0919968805770242     0     8     -10
40.601920302256     0.0919460874244942     0     8     -10
40.6151342858053     0.0914965756840443     0     8     -10
40.628348570996     0.0915983855271994     0     8     -10
40.6415631569051     0.0914184909094284     0     8     -10
40.6547780426093     0.0915592293306756     0     8     -10
40.6679932271857     0.0911323204203554     0     8     -10
40.6812087097115     0.091400767155389     0     8     -10
40.6944244892639     0.0910882655403271     0     8     -10
40.7076405649202     0.0910317365518584     0     8     -10
40.7208569357578     0.0912450273537275     0     8     -10
40.7340736008544     0.0914161197070799     0     8     -10
40.7472905592876     0.0910443981052201     0     8     -10
40.7605078101351     0.0910402576788912     0     8     -10
40.7737253524748     0.0909192418783271     0     8     -10
40.7869431853848     0.0910092917841455     0     8     -10
40.800161307943     0.0912397604827518     0     8     -10
40.8133797192277     0.0908993761703699     0     8     -10
40.8265984183172     0.0905641063637876     0     8     -10
40.8398174042898     0.0905342258256691     0     8     -10
40.8530366762241     0.0905523469059924     0     8     -10
40.8662562331986     0.0903656916135117     0     8     -10
40.8794760742921     0.0903684921381323     0     8     -10
40.8926961985833     0.0906754737910263     0     8     -10
40.9059166051511     0.0903553344896046     0     8     -10
40.9191372930747     0.0895310030900283     0     8     -10
40.932358261433     0.0903830562041327     0     8     -10
40.9455795093053     0.0901397436091714     0     8     -10
40.9588010357708     0.0900781538345708     0     8     -10
40.9720228399091     0.0900963535028508     0     8     -10
40.9852449207996     0.0897746278513734     0     8     -10
40.9984672775219     0.0901274396588324     0     8     -10
41.0116899091557     0.0899941770281591     0     8     -10
41.0249128147808     0.0901083311081722     0     8     -10
41.0381359934772     0.0898308392895205     0     8     -10
41.0513594443248     0.0894774759317245     0     8     -10
41.0645831664038     0.0892318356024015     0     8     -10
41.0778071587943     0.0894908617632916     0     8     -10
41.0910314205766     0.089536725705945     0     8     -10
41.1042559508312     0.089531894330705     0     8     -10
41.1174807486384     0.0891144024067229     0     8     -10
41.130705813079     0.0892179922307692     0     8     -10
41.1439311432336     0.0891605884918366     0     8     -10
41.1571567381829     0.089239404490715     0     8     -10
41.1703825970079     0.0892060494582384     0     8     -10
41.1836087187894     0.0893625657842322     0     8     -10
41.1968351026086     0.0891396268760254     0     8     -10
41.2100617475467     0.0885276548824427     0     8     -10
41.2232886526848     0.0890243626688238     0     8     -10
41.2365158171043     0.0886477818501989     0     8     -10
41.2497432398867     0.0883433966689512     0     8     -10
41.2629709201134     0.0887513263874823     0     8     -10
41.2761988568661     0.0884929788824637     0     8     -10
41.2894270492266     0.0881353847855087     0     8     -10
41.3026554962766     0.0883136141398466     0     8     -10
41.315884197098     0.0882097737405308     0     8     -10
41.3291131507728     0.088319576035732     0     8     -10
41.3423423563831     0.0887176802399648     0     8     -10
41.3555718130111     0.0882711750676739     0     8     -10
41.368801519739     0.0883058489073736     0     8     -10
41.3820314756491     0.0885504743049592     0     8     -10
41.395261679824     0.08863999500785     0     8     -10
41.4084921313462     0.0882814568049546     0     8     -10
41.4217228292982     0.0885557937034575     0     8     -10
41.4349537727627     0.0884580514568406     0     8     -10
41.4481849608227     0.0881067198762037     0     8     -10
41.4614163925608     0.0884204431913029     0     8     -10
41.4746480670603     0.0880652249885788     0     8     -10
41.487879983404     0.0881039985044783     0     8     -10
41.5011121406751     0.0882184058863205     0     8     -10
41.5143445379569     0.0885091033353494     0     8     -10
41.5275771743327     0.0880073141320031     0     8     -10
41.5408100488858     0.0884050072603431     0     8     -10
41.5540431606999     0.0879437830573815     0     8     -10
41.5672765088584     0.0879591794268264     0     8     -10
41.580510092445     0.088119491667499     0     8     -10
41.5937439105435     0.0881484378521954     0     8     -10
41.6069779622377     0.0878666730141197     0     8     -10
41.6202122466115     0.0884578364959073     0     8     -10
41.6334467627489     0.0879224693701787     0     8     -10
41.646681509734     0.0880902092466698     0     8     -10
41.6599164866509     0.0880997572975907     0     8     -10
41.673151692584     0.0874899809391242     0     8     -10
41.6863871266174     0.087721568642614     0     8     -10
41.6996227878358     0.0876031926539922     0     8     -10
41.7128586753234     0.08796421743308     0     8     -10
41.726094788165     0.0877986084024402     0     8     -10
41.7393311254452     0.0878247737658162     0     8     -10
41.7525676862486     0.0879005407685807     0     8     -10
41.7658044696602     0.0872631287261693     0     8     -10
41.7790414747648     0.0876220575257647     0     8     -10
41.7922787006474     0.0872871432569767     0     8     -10
41.8055161463931     0.0873113981325693     0     8     -10
41.8187538110869     0.0874086956970791     0     8     -10
41.8319916938142     0.087145018491576     0     8     -10
41.8452297936601     0.0874468903031668     0     8     -10
41.8584681097102     0.0871921032648681     0     8     -10
41.8717066410497     0.0876727825778091     0     8     -10
41.8849453867643     0.0867574129196579     0     8     -10
41.8981843459396     0.0871559324540769     0     8     -10
41.9114235176612     0.0867762339988913     0     8     -10
41.9246629010149     0.0869407737338124     0     8     -10
41.9379024950865     0.0873352005248649     0     8     -10
41.9511422989619     0.0868198051940297     0     8     -10
41.9643823117272     0.0864002851633461     0     8     -10
41.9776225324684     0.0871437254549051     0     8     -10
41.9908629602715     0.0870315754352289     0     8     -10
42.0041035942229     0.0866918383680249     0     8     -10
42.0173444334088     0.0869313353389522     0     8     -10
42.0305854769156     0.086193569956798     0     8     -10
42.0438267238296     0.0867221626496647     0     8     -10
42.0570681732375     0.0867455816861491     0     8     -10
42.0703098242257     0.0860856556789051     0     8     -10
42.083551675881     0.0864826290907599     0     8     -10
42.09679372729     0.085771025694149     0     8     -10
42.1100359775395     0.0863778837582271     0     8     -10
42.1232784257165     0.085919186902164     0     8     -10
42.1365210709078     0.08634176193898     0     8     -10
42.1497639122005     0.0856337070408616     0     8     -10
42.1630069486816     0.0857064958046064     0     8     -10
42.1762501794383     0.085482781630853     0     8     -10
42.1894936035578     0.0857010315281591     0     8     -10
42.2027372201273     0.0858298299402685     0     8     -10
42.2159810282344     0.0857560846392218     0     8     -10
42.2292250269662     0.0858376048596769     0     8     -10
42.2424692154105     0.0853194206338293     0     8     -10
42.2557135926547     0.0856665691557267     0     8     -10
42.2689581577864     0.0853985588233074     0     8     -10
42.2822029098935     0.0853887974001647     0     8     -10
42.2954478480635     0.0853114260246433     0     8     -10
42.3086929713844     0.0847331831239215     0     8     -10
42.3219382789441     0.0849249237631701     0     8     -10
42.3351837698304     0.0850568629850609     0     8     -10
42.3484294431316     0.0853085636640994     0     8     -10
42.3616752979356     0.0850019473982684     0     8     -10
42.3749213333306     0.0852979868408329     0     8     -10
42.3881675484049     0.0853523580723408     0     8     -10
42.4014139422467     0.0846115619390052     0     8     -10
42.4146605139445     0.0844317224155002     0     8     -10
42.4279072625865     0.0842531941763999     0     8     -10
42.4411541872613     0.08418906045066     0     8     -10
42.4544012870576     0.0844715743022923     0     8     -10
42.4676485610637     0.084956706045245     0     8     -10
42.4808960083686     0.0846945361831403     0     8     -10
42.4941436280607     0.0843561854564709     0     8     -10
42.5073914192291     0.0844599443868323     0     8     -10
42.5206393809625     0.0843822729865294     0     8     -10
42.5338875123499     0.0843529184857812     0     8     -10
42.5471358124802     0.0845351715033415     0     8     -10
42.5603842804426     0.0845049579491727     0     8     -10
42.573632915326     0.0844975237289415     0     8     -10
42.5868817162196     0.0847178254889419     0     8     -10
42.6001306822128     0.0845238962474932     0     8     -10
42.6133798123947     0.0841576390666624     0     8     -10
42.6266291058547     0.0844974601247821     0     8     -10
42.6398785616822     0.0842619356175874     0     8     -10
42.6531281789667     0.0840018852839468     0     8     -10
42.6663779567977     0.0840812860381645     0     8     -10
42.6796278942648     0.0839748734228529     0     8     -10
42.6928779904575     0.0843384794594072     0     8     -10
42.7061282444657     0.0837492939326533     0     8     -10
42.719378655379     0.0837336150126762     0     8     -10
42.7326292222872     0.0832187029779375     0     8     -10
42.7458799442802     0.0834988307938294     0     8     -10
42.759130820448     0.0835597441073874     0     8     -10
42.7723818498804     0.0840357351691925     0     8     -10
42.7856330316676     0.0834444554008946     0     8     -10
42.7988843648995     0.0834945972745041     0     8     -10
42.8121358486664     0.0838791698936878     0     8     -10
42.8253874820585     0.0836526659622113     0     8     -10
42.8386392641659     0.083519049837205     0     8     -10
42.8518911940789     0.083901709615831     0     8     -10
42.865143270888     0.0837925520056713     0     8     -10
42.8783954936836     0.0832540201968735     0     8     -10
42.891647861556     0.0832603941825107     0     8     -10
42.9049003735958     0.0825822561917815     0     8     -10
42.9181530288935     0.0832562115575009     0     8     -10
42.9314058265398     0.0829986396836927     0     8     -10
42.9446587656254     0.0827258958784736     0     8     -10
42.9579118452409     0.0825409424406882     0     8     -10
42.9711650644771     0.0828762029507331     0     8     -10
42.9844184224248     0.083033799959407     0     8     -10
42.9976719181749     0.0829975484851193     0     8     -10
43.0109255508184     0.0826714438861741     0     8     -10
43.0241793194461     0.0832228933288712     0     8     -10
43.0374332231491     0.0829311335569067     0     8     -10
43.0506872610184     0.0823367873538024     0     8     -10
43.0639414321452     0.0823752048674432     0     8     -10
43.0771957356206     0.083344944585595     0     8     -10
43.0904501705359     0.0829269049192286     0     8     -10
43.1037047359822     0.0825674932100951     0     8     -10
43.1169594310509     0.0824290099519093     0     8     -10
43.1302142548334     0.0827823357871067     0     8     -10
43.1434692064209     0.0820875714385066     0     8     -10
43.1567242849051     0.0821614809490651     0     8     -10
43.1699794893773     0.0820697214186602     0     8     -10
43.183234818929     0.0821773076394077     0     8     -10
43.1964902726519     0.0823609809352063     0     8     -10
43.2097458496376     0.081920924591224     0     8     -10
43.2230015489777     0.0817151044660172     0     8     -10
43.236257369764     0.0820714192664857     0     8     -10
43.2495133110882     0.0820419714478882     0     8     -10
43.2627693720421     0.0817675945796143     0     8     -10
43.2760255517175     0.0821176443081431     0     8     -10
43.2892818492064     0.0819830940586204     0     8     -10
43.3025382636006     0.0814219915382058     0     8     -10
43.3157947939921     0.0817854878206829     0     8     -10
43.3290514394729     0.0812613064045363     0     8     -10
43.3423081991352     0.081349634239923     0     8     -10
43.3555650720708     0.0814235598966626     0     8     -10
43.3688220573721     0.0811727409716162     0     8     -10
43.3820791541312     0.0810210903620755     0     8     -10
43.3953363614402     0.0809358779655621     0     8     -10
43.4085936783915     0.0813494522629209     0     8     -10
43.4218511040773     0.0807016895125212     0     8     -10
43.43510863759     0.0809769421520998     0     8     -10
43.4483662780219     0.0809075211288518     0     8     -10
43.4616240244654     0.081135432228509     0     8     -10
43.4748818760131     0.0807625840068587     0     8     -10
43.4881398317573     0.0806386843983137     0     8     -10
43.5013978907905     0.0811515824461749     0     8     -10
43.5146560522055     0.0808358594100242     0     8     -10
43.5279143150947     0.0808104207786681     0     8     -10
43.5411726785508     0.0803579928749752     0     8     -10
43.5544311416664     0.0800986451280505     0     8     -10
43.5676897035343     0.0803287173072238     0     8     -10
43.5809483632472     0.0801847460773995     0     8     -10
43.5942071198979     0.0807396752733277     0     8     -10
43.6074659725792     0.0805569709899795     0     8     -10
43.6207249203839     0.0802723094651526     0     8     -10
43.6339839624049     0.0803748757014832     0     8     -10
43.6472430977351     0.0798274867651246     0     8     -10
43.6605023254675     0.0798268718254402     0     8     -10
43.6737616446951     0.0796367247446     0     8     -10
43.6870210545109     0.0799268844965304     0     8     -10
43.7002805540078     0.0796936675593929     0     8     -10
43.7135401422791     0.079551750535388     0     8     -10
43.7267998184177     0.0795926240363065     0     8     -10
43.7400595815169     0.0795908143478698     0     8     -10
43.7533194306699     0.0795220182260561     0     8     -10
43.7665793649697     0.0795248043600699     0     8     -10
43.7798393835097     0.0798085654335012     0     8     -10
43.7930994853832     0.0790791550047555     0     8     -10
43.8063596696833     0.0795037805056814     0     8     -10
43.8196199355036     0.0799264936719431     0     8     -10
43.8328802819372     0.0793876849941583     0     8     -10
43.8461407080776     0.0792056091717371     0     8     -10
43.8594012130182     0.0794820052904303     0     8     -10
43.8726617958525     0.0791621509409213     0     8     -10
43.8859224556739     0.0794047154060322     0     8     -10
43.8991831915758     0.0793036296494005     0     8     -10
43.912444002652     0.0789856632386839     0     8     -10
43.9257048879957     0.0787422456749337     0     8     -10
43.9389658467008     0.0790146126065775     0     8     -10
43.9522268778607     0.0789318767463323     0     8     -10
43.9654879805692     0.0787286039667406     0     8     -10
43.9787491539198     0.0788945875265495     0     8     -10
43.9920103970062     0.0786359517700412     0     8     -10
44.0052717089222     0.0791200364678227     0     8     -10
44.0185330887614     0.0786150509620637     0     8     -10
44.0317945356177     0.0783501519574194     0     8     -10
44.0450560485848     0.0785521883705754     0     8     -10
44.0583176267565     0.0787619226958833     0     8     -10
44.0715792692266     0.0790369364583604     0     8     -10
44.0848409750891     0.0785821752608812     0     8     -10
44.0981027434377     0.0783420457857839     0     8     -10
44.1113645733664     0.0783243499434362     0     8     -10
44.1246264639691     0.0779853647750507     0     8     -10
44.1378884143397     0.0779716644825162     0     8     -10
44.1511504235722     0.0776273598003382     0     8     -10
44.1644124907606     0.0774314624038928     0     8     -10
44.1776746149988     0.077230702713453     0     8     -10
44.190936795381     0.0776892418850751     0     8     -10
44.2041990310011     0.0772589097929829     0     8     -10
44.2174613209532     0.0773597657568739     0     8     -10
44.2307236643314     0.0776440881213399     0     8     -10
44.2439860602298     0.077730264487592     0     8     -10
44.2572485077426     0.0776242139008456     0     8     -10
44.2705110059638     0.0778515877768794     0     8     -10
44.2837735539876     0.0776083843277472     0     8     -10
44.2970361509082     0.0774490066176802     0     8     -10
44.3102987958199     0.077686785457213     0     8     -10
44.3235614878167     0.0770381452997608     0     8     -10
44.336824225993     0.0772817258414865     0     8     -10
44.3500870094429     0.0771559994654621     0     8     -10
44.3633498372608     0.0772930006470855     0     8     -10
44.376612708541     0.0776312371748497     0     8     -10
44.3898756223776     0.077079083876187     0     8     -10
44.4031385778651     0.0771404278613058     0     8     -10
44.4164015740977     0.0771529623443748     0     8     -10
44.4296646101698     0.0767039516438878     0     8     -10
44.4429276851758     0.0771634989392327     0     8     -10
44.45619079821     0.0771006365488331     0     8     -10
44.4694539483668     0.0771135137782711     0     8     -10
44.4827171347406     0.0771876414767973     0     8     -10
44.4959803564257     0.0769207842148126     0     8     -10
44.5092436125167     0.0770197443579756     0     8     -10
44.522506902108     0.0769296874883713     0     8     -10
44.5357702242939     0.0765006305045409     0     8     -10
44.549033578169     0.0764354716419295     0     8     -10
44.5622969628277     0.0765204454243796     0     8     -10
44.5755603773645     0.0763609566254281     0     8     -10
44.5888238208739     0.0763244826262079     0     8     -10
44.6020872924504     0.0759300939238178     0     8     -10
44.6153507911885     0.0762905425772803     0     8     -10
44.6286143161827     0.0763282475498394     0     8     -10
44.6418778665275     0.0762820912474757     0     8     -10
44.6551414413176     0.0760874491395517     0     8     -10
44.6684050396474     0.0762559919052176     0     8     -10
44.6816686606115     0.0757778027691696     0     8     -10
44.6949323033044     0.0758866712049057     0     8     -10
44.7081959668207     0.0756591443579539     0     8     -10
44.7214596502551     0.0762012932493836     0     8     -10
44.7347233527021     0.0754769946485104     0     8     -10
44.7479870732562     0.0753927612240073     0     8     -10
44.7612508110122     0.075448685489533     0     8     -10
44.7745145650645     0.0758307501157797     0     8     -10
44.7877783345079     0.07535465567599     0     8     -10
44.8010421184369     0.0754302516187123     0     8     -10
44.8143059159461     0.0757786953960235     0     8     -10
44.8275697261302     0.0750421120881824     0     8     -10
44.8408335480838     0.0754016456624612     0     8     -10
44.8540973809016     0.0752733075411274     0     8     -10
44.8673612236781     0.075350961967732     0     8     -10
44.8806250755081     0.0754539218566815     0     8     -10
44.8938889354862     0.074771464200627     0     8     -10
44.9071528027069     0.0746700919689861     0     8     -10
44.9204166762651     0.0750587526979003     0     8     -10
44.9336805552553     0.0743531969016873     0     8     -10
44.9469444387722     0.0744064590978981     0     8     -10
44.9602083259105     0.0749825828753855     0     8     -10
44.9734722157648     0.0745417994474044     0     8     -10
44.9867361074297     0.0738565939202199     0     8     -10
45     0.0745038392182659     0     8     -10
