40.3773296281681     0.237383864213238     0     -2     -8
40.3905383424574     0.22335591159165     0     -2     -8
40.4037473740993     0.209781491333169     0     -2     -8
40.4169567221688     0.210823284515891     0     -2     -8
40.4301663857409     0.213818192935571     0     -2     -8
40.4433763638906     0.200401331239458     0     -2     -8
40.4565866556934     0.189000516525215     0     -2     -8
40.4697972602245     0.193803615399459     0     -2     -8
40.4830081765594     0.191113362120977     0     -2     -8
40.4962194037737     0.176910757208785     0     -2     -8
40.5094309409432     0.171743913183852     0     -2     -8
40.5226427871436     0.178970033282783     0     -2     -8
40.5358549414509     0.17399820235043     0     -2     -8
40.5490674029412     0.162788284713143     0     -2     -8
40.5622801706905     0.167098588370395     0     -2     -8
40.5754932437751     0.173027192722679     0     -2     -8
40.5887066212714     0.165492548872205     0     -2     -8
40.601920302256     0.165474333873888     0     -2     -8
40.6151342858053     0.176796232356435     0     -2     -8
40.628348570996     0.178809225441008     0     -2     -8
40.6415631569051     0.17731632831888     0     -2     -8
40.6547780426093     0.191271076505307     0     -2     -8
40.6679932271857     0.201819445609179     0     -2     -8
40.6812087097115     0.204874375303483     0     -2     -8
40.6944244892639     0.215701486827363     0     -2     -8
40.7076405649202     0.232668698500362     0     -2     -8
40.7208569357578     0.241710533454128     0     -2     -8
40.7340736008544     0.252856606138132     0     -2     -8
40.7472905592876     0.274279482929303     0     -2     -8
40.7605078101351     0.289740838032023     0     -2     -8
40.7737253524748     0.302168611311901     0     -2     -8
40.7869431853848     0.32173181077909     0     -2     -8
40.800161307943     0.339188739931376     0     -2     -8
40.8133797192277     0.352869139171798     0     -2     -8
40.8265984183172     0.370906988047581     0     -2     -8
40.8398174042898     0.396087767675341     0     -2     -8
40.8530366762241     0.408601121805663     0     -2     -8
40.8662562331986     0.424128611062233     0     -2     -8
40.8794760742921     0.445698320973046     0     -2     -8
40.8926961985833     0.460337717849537     0     -2     -8
40.9059166051511     0.470631611589465     0     -2     -8
40.9191372930747     0.489290573832279     0     -2     -8
40.932358261433     0.507437303578906     0     -2     -8
40.9455795093053     0.514671323958681     0     -2     -8
40.9588010357708     0.524099299136011     0     -2     -8
40.9720228399091     0.540947588424844     0     -2     -8
40.9852449207996     0.551406692888234     0     -2     -8
40.9984672775219     0.555232174511187     0     -2     -8
41.0116899091557     0.564341373755167     0     -2     -8
41.0249128147808     0.577200975672128     0     -2     -8
41.0381359934772     0.582222672164733     0     -2     -8
41.0513594443248     0.583030612707679     0     -2     -8
41.0645831664038     0.589452155018598     0     -2     -8
41.0778071587943     0.598647304199877     0     -2     -8
41.0910314205766     0.600262081714047     0     -2     -8
41.1042559508312     0.598422856126203     0     -2     -8
41.1174807486384     0.601893168948456     0     -2     -8
41.130705813079     0.607584660302612     0     -2     -8
41.1439311432336     0.605709952771253     0     -2     -8
41.1571567381829     0.600342361796234     0     -2     -8
41.1703825970079     0.600771825943682     0     -2     -8
41.1836087187894     0.603025699823629     0     -2     -8
41.1968351026086     0.598521859812767     0     -2     -8
41.2100617475467     0.588420483274771     0     -2     -8
41.2232886526848     0.584802647688501     0     -2     -8
41.2365158171043     0.584029047484201     0     -2     -8
41.2497432398867     0.575996518398063     0     -2     -8
41.2629709201134     0.561410531477579     0     -2     -8
41.2761988568661     0.550733745134977     0     -2     -8
41.2894270492266     0.545330796742039     0     -2     -8
41.3026554962766     0.531144651249125     0     -2     -8
41.315884197098     0.509227626684251     0     -2     -8
41.3291131507728     0.488930573616521     0     -2     -8
41.3423423563831     0.475081979978557     0     -2     -8
41.3555718130111     0.454985041318873     0     -2     -8
41.368801519739     0.421687042976615     0     -2     -8
41.3820314756491     0.389852336519142     0     -2     -8
41.395261679824     0.366416506186636     0     -2     -8
41.4084921313462     0.337241238373714     0     -2     -8
41.4217228292982     0.29762048410889     0     -2     -8
41.4349537727627     0.266575886954062     0     -2     -8
41.4481849608227     0.250426199548306     0     -2     -8
41.4614163925608     0.2349209063738     0     -2     -8
41.4746480670603     0.219542289312583     0     -2     -8
41.487879983404     0.223167965085812     0     -2     -8
41.5011121406751     0.247663610045868     0     -2     -8
41.5143445379569     0.282404607907856     0     -2     -8
41.5275771743327     0.330240620790127     0     -2     -8
41.5408100488858     0.392904617460807     0     -2     -8
41.5540431606999     0.461696894325516     0     -2     -8
41.5672765088584     0.535289652933949     0     -2     -8
41.580510092445     0.597581251889604     0     -2     -8
41.5937439105435     0.650051275652879     0     -2     -8
41.6069779622377     0.686406233254259     0     -2     -8
41.6202122466115     0.716558222546076     0     -2     -8
41.6334467627489     0.7419843562586     0     -2     -8
41.646681509734     0.763987007588148     0     -2     -8
41.6599164866509     0.77965902696221     0     -2     -8
41.673151692584     0.791963046060214     0     -2     -8
41.6863871266174     0.803495439600758     0     -2     -8
41.6996227878358     0.813067643145627     0     -2     -8
41.7128586753234     0.820580829294559     0     -2     -8
41.726094788165     0.826123574195541     0     -2     -8
41.7393311254452     0.832044630614456     0     -2     -8
41.7525676862486     0.837439546321761     0     -2     -8
41.7658044696602     0.840749700354822     0     -2     -8
41.7790414747648     0.843772898156683     0     -2     -8
41.7922787006474     0.846608781464589     0     -2     -8
41.8055161463931     0.849420628106678     0     -2     -8
41.8187538110869     0.851304624499024     0     -2     -8
41.8319916938142     0.852866002107119     0     -2     -8
41.8452297936601     0.854533525363744     0     -2     -8
41.8584681097102     0.855675728688099     0     -2     -8
41.8717066410497     0.856764708076319     0     -2     -8
41.8849453867643     0.857714453047694     0     -2     -8
41.8981843459396     0.858249549037631     0     -2     -8
41.9114235176612     0.859242543023542     0     -2     -8
41.9246629010149     0.85968109857976     0     -2     -8
41.9379024950865     0.859912537415809     0     -2     -8
41.9511422989619     0.860906262682257     0     -2     -8
41.9643823117272     0.86119937628415     0     -2     -8
41.9776225324684     0.861549589427114     0     -2     -8
41.9908629602715     0.86226054673199     0     -2     -8
42.0041035942229     0.862286143645047     0     -2     -8
42.0173444334088     0.862343972149008     0     -2     -8
42.0305854769156     0.862893953885573     0     -2     -8
42.0438267238296     0.86287825099176     0     -2     -8
42.0570681732375     0.863145313391821     0     -2     -8
42.0703098242257     0.863348551465478     0     -2     -8
42.083551675881     0.863143291440639     0     -2     -8
42.09679372729     0.863551563518315     0     -2     -8
42.1100359775395     0.863789333729633     0     -2     -8
42.1232784257165     0.863537782834079     0     -2     -8
42.1365210709078     0.86390757513367     0     -2     -8
42.1497639122005     0.863868055981969     0     -2     -8
42.1630069486816     0.864140390535692     0     -2     -8
42.1762501794383     0.864134911005954     0     -2     -8
42.1894936035578     0.864197991893683     0     -2     -8
42.2027372201273     0.864422876475606     0     -2     -8
42.2159810282344     0.864568154742967     0     -2     -8
42.2292250269662     0.864446116675587     0     -2     -8
42.2424692154105     0.864507885844354     0     -2     -8
42.2557135926547     0.864707102247633     0     -2     -8
42.2689581577864     0.864668246420659     0     -2     -8
42.2822029098935     0.865506598408238     0     -2     -8
42.2954478480635     0.864827169523206     0     -2     -8
42.3086929713844     0.86515633020987     0     -2     -8
42.3219382789441     0.864906418293421     0     -2     -8
42.3351837698304     0.86512175711439     0     -2     -8
42.3484294431316     0.864958175375634     0     -2     -8
42.3616752979356     0.865193814537681     0     -2     -8
42.3749213333306     0.865154470504281     0     -2     -8
42.3881675484049     0.865148837273683     0     -2     -8
42.4014139422467     0.865264912007033     0     -2     -8
42.4146605139445     0.864803585781364     0     -2     -8
42.4279072625865     0.865299613756444     0     -2     -8
42.4411541872613     0.865036027704804     0     -2     -8
42.4544012870576     0.865216854545784     0     -2     -8
42.4676485610637     0.865013850996914     0     -2     -8
42.4808960083686     0.865500669577891     0     -2     -8
42.4941436280607     0.865578415240768     0     -2     -8
42.5073914192291     0.865246106458711     0     -2     -8
42.5206393809625     0.865617578380714     0     -2     -8
42.5338875123499     0.865168372388295     0     -2     -8
42.5471358124802     0.8655485393021     0     -2     -8
42.5603842804426     0.865175519709937     0     -2     -8
42.573632915326     0.865645537123506     0     -2     -8
42.5868817162196     0.865304243866357     0     -2     -8
42.6001306822128     0.86579381390783     0     -2     -8
42.6133798123947     0.865496441336807     0     -2     -8
42.6266291058547     0.865765825681047     0     -2     -8
42.6398785616822     0.865561135565827     0     -2     -8
42.6531281789667     0.8658241065725     0     -2     -8
42.6663779567977     0.865399462089657     0     -2     -8
42.6796278942648     0.865812540579005     0     -2     -8
42.6928779904575     0.865854117259861     0     -2     -8
42.7061282444657     0.86579085678937     0     -2     -8
42.719378655379     0.865816241464157     0     -2     -8
42.7326292222872     0.866069896955098     0     -2     -8
42.7458799442802     0.865938582870719     0     -2     -8
42.759130820448     0.865859303581494     0     -2     -8
42.7723818498804     0.866058935376107     0     -2     -8
42.7856330316676     0.86615949338703     0     -2     -8
42.7988843648995     0.865976081890395     0     -2     -8
42.8121358486664     0.865952760057649     0     -2     -8
42.8253874820585     0.866052515796823     0     -2     -8
42.8386392641659     0.866187483311782     0     -2     -8
42.8518911940789     0.865946766850497     0     -2     -8
42.865143270888     0.866179188414587     0     -2     -8
42.8783954936836     0.866138823351797     0     -2     -8
42.891647861556     0.866260472078509     0     -2     -8
42.9049003735958     0.866012958346296     0     -2     -8
42.9181530288935     0.866192513451416     0     -2     -8
42.9314058265398     0.866328606250495     0     -2     -8
42.9446587656254     0.866314655967419     0     -2     -8
42.9579118452409     0.866370781183903     0     -2     -8
42.9711650644771     0.866381039622893     0     -2     -8
42.9844184224248     0.866102889836438     0     -2     -8
42.9976719181749     0.866176610989773     0     -2     -8
43.0109255508184     0.866400416774005     0     -2     -8
43.0241793194461     0.866107690029015     0     -2     -8
43.0374332231491     0.866171626520681     0     -2     -8
43.0506872610184     0.866176269322985     0     -2     -8
43.0639414321452     0.866410951892103     0     -2     -8
43.0771957356206     0.86634021092956     0     -2     -8
43.0904501705359     0.866332557282701     0     -2     -8
43.1037047359822     0.866482420254151     0     -2     -8
43.1169594310509     0.866343101920284     0     -2     -8
43.1302142548334     0.866512941906792     0     -2     -8
43.1434692064209     0.866162130275684     0     -2     -8
43.1567242849051     0.866493587816963     0     -2     -8
43.1699794893773     0.866267431575662     0     -2     -8
43.183234818929     0.866354945947744     0     -2     -8
43.1964902726519     0.866350518334603     0     -2     -8
43.2097458496376     0.866096580972823     0     -2     -8
43.2230015489777     0.866433730354189     0     -2     -8
43.236257369764     0.866386230977862     0     -2     -8
43.2495133110882     0.866349368205148     0     -2     -8
43.2627693720421     0.866517263876974     0     -2     -8
43.2760255517175     0.866523641216843     0     -2     -8
43.2892818492064     0.866520657089813     0     -2     -8
43.3025382636006     0.866515763545277     0     -2     -8
43.3157947939921     0.866131361317172     0     -2     -8
43.3290514394729     0.866500025477187     0     -2     -8
43.3423081991352     0.866452318837832     0     -2     -8
43.3555650720708     0.866255501390522     0     -2     -8
43.3688220573721     0.866645507469636     0     -2     -8
43.3820791541312     0.866378369718901     0     -2     -8
43.3953363614402     0.866809017187441     0     -2     -8
43.4085936783915     0.866626684025612     0     -2     -8
43.4218511040773     0.866785573027783     0     -2     -8
43.43510863759     0.866838640081173     0     -2     -8
43.4483662780219     0.866531998656762     0     -2     -8
43.4616240244654     0.866627466999432     0     -2     -8
43.4748818760131     0.866582546751931     0     -2     -8
43.4881398317573     0.866625106902583     0     -2     -8
43.5013978907905     0.866804541411958     0     -2     -8
43.5146560522055     0.866761333620082     0     -2     -8
43.5279143150947     0.867125219681065     0     -2     -8
43.5411726785508     0.866705787929668     0     -2     -8
43.5544311416664     0.866860703255709     0     -2     -8
43.5676897035343     0.867157231250116     0     -2     -8
43.5809483632472     0.866969612215712     0     -2     -8
43.5942071198979     0.867035572004724     0     -2     -8
43.6074659725792     0.867320944072107     0     -2     -8
43.6207249203839     0.867187285484106     0     -2     -8
43.6339839624049     0.866841812483053     0     -2     -8
43.6472430977351     0.867217318938141     0     -2     -8
43.6605023254675     0.867064991178658     0     -2     -8
43.6737616446951     0.867382035441785     0     -2     -8
43.6870210545109     0.867218732376268     0     -2     -8
43.7002805540078     0.867340068552067     0     -2     -8
43.7135401422791     0.867418684239907     0     -2     -8
43.7267998184177     0.867581163733002     0     -2     -8
43.7400595815169     0.867542458147972     0     -2     -8
43.7533194306699     0.867510908010606     0     -2     -8
43.7665793649697     0.867484875877301     0     -2     -8
43.7798393835097     0.867656393060552     0     -2     -8
43.7930994853832     0.867713553547447     0     -2     -8
43.8063596696833     0.867648834341786     0     -2     -8
43.8196199355036     0.867750548054028     0     -2     -8
43.8328802819372     0.867649737686168     0     -2     -8
43.8461407080776     0.867843811447282     0     -2     -8
43.8594012130182     0.867672400885308     0     -2     -8
43.8726617958525     0.867925414482699     0     -2     -8
43.8859224556739     0.867552574742523     0     -2     -8
43.8991831915758     0.868015775659573     0     -2     -8
43.912444002652     0.86780091007305     0     -2     -8
43.9257048879957     0.867836166076734     0     -2     -8
43.9389658467008     0.867666776965739     0     -2     -8
43.9522268778607     0.86780678528191     0     -2     -8
43.9654879805692     0.868014323048436     0     -2     -8
43.9787491539198     0.868053041707974     0     -2     -8
43.9920103970062     0.868082124660608     0     -2     -8
44.0052717089222     0.868197581948719     0     -2     -8
44.0185330887614     0.867906239359946     0     -2     -8
44.0317945356177     0.868137935743866     0     -2     -8
44.0450560485848     0.868031557139616     0     -2     -8
44.0583176267565     0.868070619935134     0     -2     -8
44.0715792692266     0.868210394802167     0     -2     -8
44.0848409750891     0.868239866918679     0     -2     -8
44.0981027434377     0.868211843282915     0     -2     -8
44.1113645733664     0.868135832872322     0     -2     -8
44.1246264639691     0.86820799144212     0     -2     -8
44.1378884143397     0.868374967052715     0     -2     -8
44.1511504235722     0.868181522801006     0     -2     -8
44.1644124907606     0.868196135048893     0     -2     -8
44.1776746149988     0.868342549340154     0     -2     -8
44.190936795381     0.868333331189465     0     -2     -8
44.2041990310011     0.868390186721314     0     -2     -8
44.2174613209532     0.868416114110459     0     -2     -8
44.2307236643314     0.86832962722173     0     -2     -8
44.2439860602298     0.868312278742221     0     -2     -8
44.2572485077426     0.86860341808074     0     -2     -8
44.2705110059638     0.86841142458099     0     -2     -8
44.2837735539876     0.86839265325938     0     -2     -8
44.2970361509082     0.868426460552072     0     -2     -8
44.3102987958199     0.868497606032405     0     -2     -8
44.3235614878167     0.868687013422414     0     -2     -8
44.336824225993     0.868642425600167     0     -2     -8
44.3500870094429     0.868737389447701     0     -2     -8
44.3633498372608     0.868641256416339     0     -2     -8
44.376612708541     0.868689437021994     0     -2     -8
44.3898756223776     0.86828912317613     0     -2     -8
44.4031385778651     0.868856299305428     0     -2     -8
44.4164015740977     0.868701558715521     0     -2     -8
44.4296646101698     0.868925496625252     0     -2     -8
44.4429276851758     0.868876241749592     0     -2     -8
44.45619079821     0.869047592237704     0     -2     -8
44.4694539483668     0.869339156558061     0     -2     -8
44.4827171347406     0.869209884350841     0     -2     -8
44.4959803564257     0.869373089566775     0     -2     -8
44.5092436125167     0.869178543579779     0     -2     -8
44.522506902108     0.86959999594218     0     -2     -8
44.5357702242939     0.869644178835076     0     -2     -8
44.549033578169     0.869221949452765     0     -2     -8
44.5622969628277     0.869857996906423     0     -2     -8
44.5755603773645     0.869554267332745     0     -2     -8
44.5888238208739     0.869912777088432     0     -2     -8
44.6020872924504     0.869818455490953     0     -2     -8
44.6153507911885     0.869898347745039     0     -2     -8
44.6286143161827     0.8700936016179     0     -2     -8
44.6418778665275     0.869840538506782     0     -2     -8
44.6551414413176     0.870052928856561     0     -2     -8
44.6684050396474     0.869914991010407     0     -2     -8
44.6816686606115     0.869889472998176     0     -2     -8
44.6949323033044     0.870432423194326     0     -2     -8
44.7081959668207     0.870008615818956     0     -2     -8
44.7214596502551     0.870215928519765     0     -2     -8
44.7347233527021     0.870047053444082     0     -2     -8
44.7479870732562     0.8699819487327     0     -2     -8
44.7612508110122     0.870168189555843     0     -2     -8
44.7745145650645     0.870261583722752     0     -2     -8
44.7877783345079     0.870092870190603     0     -2     -8
44.8010421184369     0.870313364042184     0     -2     -8
44.8143059159461     0.870184586166349     0     -2     -8
44.8275697261302     0.87046967057248     0     -2     -8
44.8408335480838     0.870414274397764     0     -2     -8
44.8540973809016     0.870471090405556     0     -2     -8
44.8673612236781     0.870292138234296     0     -2     -8
44.8806250755081     0.870185407372251     0     -2     -8
44.8938889354862     0.87039493571666     0     -2     -8
44.9071528027069     0.870032270613023     0     -2     -8
44.9204166762651     0.870532408198554     0     -2     -8
44.9336805552553     0.870475870885204     0     -2     -8
44.9469444387722     0.870500243609613     0     -2     -8
44.9602083259105     0.870586228510587     0     -2     -8
44.9734722157648     0.870311050525988     0     -2     -8
44.9867361074297     0.870631934603513     0     -2     -8
45     0.870270959054608     0     -2     -8
