40.3773296281681     0.0903200960827007     0     4     10
40.3905383424574     0.0902051884954655     0     4     10
40.4037473740993     0.08978811197476     0     4     10
40.4169567221688     0.0901235386458721     0     4     10
40.4301663857409     0.089944216158048     0     4     10
40.4433763638906     0.0901572687834122     0     4     10
40.4565866556934     0.0901989877159827     0     4     10
40.4697972602245     0.0902947240744598     0     4     10
40.4830081765594     0.0905702323388737     0     4     10
40.4962194037737     0.0899724774450409     0     4     10
40.5094309409432     0.0899140457107135     0     4     10
40.5226427871436     0.0903831918069337     0     4     10
40.5358549414509     0.090168724247415     0     4     10
40.5490674029412     0.0897989191230921     0     4     10
40.5622801706905     0.0899214445454886     0     4     10
40.5754932437751     0.0896695256268291     0     4     10
40.5887066212714     0.0898083911358753     0     4     10
40.601920302256     0.0895920271491529     0     4     10
40.6151342858053     0.0895552824429091     0     4     10
40.628348570996     0.0896867972997063     0     4     10
40.6415631569051     0.0898218733565869     0     4     10
40.6547780426093     0.0894612857042176     0     4     10
40.6679932271857     0.0894687870526535     0     4     10
40.6812087097115     0.0893895901926805     0     4     10
40.6944244892639     0.0892785188069322     0     4     10
40.7076405649202     0.0892931698748212     0     4     10
40.7208569357578     0.0892168195999037     0     4     10
40.7340736008544     0.0893892099832622     0     4     10
40.7472905592876     0.0890638305407331     0     4     10
40.7605078101351     0.0895489904856043     0     4     10
40.7737253524748     0.0889362085418505     0     4     10
40.7869431853848     0.0889512056043402     0     4     10
40.800161307943     0.0885588234591174     0     4     10
40.8133797192277     0.0890509949679938     0     4     10
40.8265984183172     0.088565042318801     0     4     10
40.8398174042898     0.088633108163028     0     4     10
40.8530366762241     0.0885455142879309     0     4     10
40.8662562331986     0.0886709902678087     0     4     10
40.8794760742921     0.0885206301353357     0     4     10
40.8926961985833     0.088418647387859     0     4     10
40.9059166051511     0.0886270575044411     0     4     10
40.9191372930747     0.0883795147978815     0     4     10
40.932358261433     0.0883526099830669     0     4     10
40.9455795093053     0.0882523801712185     0     4     10
40.9588010357708     0.0884644743384505     0     4     10
40.9720228399091     0.0884336724222247     0     4     10
40.9852449207996     0.0887459431065567     0     4     10
40.9984672775219     0.0886607102022397     0     4     10
41.0116899091557     0.0880906696173824     0     4     10
41.0249128147808     0.0878717732723349     0     4     10
41.0381359934772     0.0882839333348301     0     4     10
41.0513594443248     0.0882117089686137     0     4     10
41.0645831664038     0.0882370982486725     0     4     10
41.0778071587943     0.0882495430141349     0     4     10
41.0910314205766     0.087922929693204     0     4     10
41.1042559508312     0.0878806304300909     0     4     10
41.1174807486384     0.0875482515792032     0     4     10
41.130705813079     0.088082323833255     0     4     10
41.1439311432336     0.0880627247895096     0     4     10
41.1571567381829     0.0880819301193641     0     4     10
41.1703825970079     0.0882464655884551     0     4     10
41.1836087187894     0.0875305654855592     0     4     10
41.1968351026086     0.0875990060483292     0     4     10
41.2100617475467     0.0873830719295757     0     4     10
41.2232886526848     0.0874749624060515     0     4     10
41.2365158171043     0.087593286738727     0     4     10
41.2497432398867     0.0875095226727388     0     4     10
41.2629709201134     0.0875586292972539     0     4     10
41.2761988568661     0.0875637917802087     0     4     10
41.2894270492266     0.0874928850115554     0     4     10
41.3026554962766     0.0870946932824292     0     4     10
41.315884197098     0.0871664744213743     0     4     10
41.3291131507728     0.0870813926598885     0     4     10
41.3423423563831     0.087306766978352     0     4     10
41.3555718130111     0.0870494163284042     0     4     10
41.368801519739     0.0872876336325641     0     4     10
41.3820314756491     0.0871655979346318     0     4     10
41.395261679824     0.0872607812424473     0     4     10
41.4084921313462     0.0873544030735989     0     4     10
41.4217228292982     0.0865263489530724     0     4     10
41.4349537727627     0.0866914025668792     0     4     10
41.4481849608227     0.0865942976127133     0     4     10
41.4614163925608     0.0864151466692404     0     4     10
41.4746480670603     0.086303040700209     0     4     10
41.487879983404     0.0860684512170635     0     4     10
41.5011121406751     0.0865987368510448     0     4     10
41.5143445379569     0.0861832493155445     0     4     10
41.5275771743327     0.0864476605275154     0     4     10
41.5408100488858     0.0864249381442517     0     4     10
41.5540431606999     0.0863188934470856     0     4     10
41.5672765088584     0.0864084110452162     0     4     10
41.580510092445     0.0861017698863977     0     4     10
41.5937439105435     0.0861615202447689     0     4     10
41.6069779622377     0.0868266247067821     0     4     10
41.6202122466115     0.0865446279812071     0     4     10
41.6334467627489     0.0865563007217688     0     4     10
41.646681509734     0.0862555166260669     0     4     10
41.6599164866509     0.0861926689704443     0     4     10
41.673151692584     0.0863740993417984     0     4     10
41.6863871266174     0.086447417474533     0     4     10
41.6996227878358     0.0864703074395087     0     4     10
41.7128586753234     0.0860038282363854     0     4     10
41.726094788165     0.0861721622249377     0     4     10
41.7393311254452     0.0865322376908508     0     4     10
41.7525676862486     0.0863209422939393     0     4     10
41.7658044696602     0.0861430976668668     0     4     10
41.7790414747648     0.0862045356370114     0     4     10
41.7922787006474     0.0862517146733588     0     4     10
41.8055161463931     0.0860738668910719     0     4     10
41.8187538110869     0.0859628400057608     0     4     10
41.8319916938142     0.0855955173265811     0     4     10
41.8452297936601     0.0858160302277855     0     4     10
41.8584681097102     0.0852844046540982     0     4     10
41.8717066410497     0.0853560205753446     0     4     10
41.8849453867643     0.0856718815328145     0     4     10
41.8981843459396     0.0856658678756763     0     4     10
41.9114235176612     0.0854519015187558     0     4     10
41.9246629010149     0.0857527413335845     0     4     10
41.9379024950865     0.0854265875972382     0     4     10
41.9511422989619     0.0853816140297602     0     4     10
41.9643823117272     0.0855806243479188     0     4     10
41.9776225324684     0.0852653346548502     0     4     10
41.9908629602715     0.0850190736340792     0     4     10
42.0041035942229     0.0851784207700212     0     4     10
42.0173444334088     0.0852981393090106     0     4     10
42.0305854769156     0.0854926307204495     0     4     10
42.0438267238296     0.0848091866938907     0     4     10
42.0570681732375     0.0850377440751574     0     4     10
42.0703098242257     0.0846472656935299     0     4     10
42.083551675881     0.0849013635138578     0     4     10
42.09679372729     0.085184374264173     0     4     10
42.1100359775395     0.0850839944154187     0     4     10
42.1232784257165     0.0851449104959184     0     4     10
42.1365210709078     0.0849962885218754     0     4     10
42.1497639122005     0.0851239205236995     0     4     10
42.1630069486816     0.0851004322136249     0     4     10
42.1762501794383     0.0853372178517812     0     4     10
42.1894936035578     0.0846966826617021     0     4     10
42.2027372201273     0.0847373994074683     0     4     10
42.2159810282344     0.0848734122242462     0     4     10
42.2292250269662     0.0849312508969474     0     4     10
42.2424692154105     0.0851481531426807     0     4     10
42.2557135926547     0.084387993162906     0     4     10
42.2689581577864     0.0845798832406635     0     4     10
42.2822029098935     0.0843839054097904     0     4     10
42.2954478480635     0.0842738787703978     0     4     10
42.3086929713844     0.0840932836212938     0     4     10
42.3219382789441     0.0844488576176964     0     4     10
42.3351837698304     0.0839046794355061     0     4     10
42.3484294431316     0.0841998192846758     0     4     10
42.3616752979356     0.0843943914178197     0     4     10
42.3749213333306     0.0844656925487853     0     4     10
42.3881675484049     0.0841516740393015     0     4     10
42.4014139422467     0.0841856377874766     0     4     10
42.4146605139445     0.0842358246113227     0     4     10
42.4279072625865     0.0845013183257198     0     4     10
42.4411541872613     0.0842109962114844     0     4     10
42.4544012870576     0.0842337849056104     0     4     10
42.4676485610637     0.0841872844754911     0     4     10
42.4808960083686     0.0838585779266013     0     4     10
42.4941436280607     0.0837766585832671     0     4     10
42.5073914192291     0.0838644803856565     0     4     10
42.5206393809625     0.0841365531351615     0     4     10
42.5338875123499     0.0839540623538886     0     4     10
42.5471358124802     0.083730796930868     0     4     10
42.5603842804426     0.083831128938212     0     4     10
42.573632915326     0.0840850285621077     0     4     10
42.5868817162196     0.0839921089833903     0     4     10
42.6001306822128     0.083776039063824     0     4     10
42.6133798123947     0.0838893802717289     0     4     10
42.6266291058547     0.083495468623038     0     4     10
42.6398785616822     0.083141638064762     0     4     10
42.6531281789667     0.082933804518585     0     4     10
42.6663779567977     0.0832117709664011     0     4     10
42.6796278942648     0.0833813506769821     0     4     10
42.6928779904575     0.0830926456050528     0     4     10
42.7061282444657     0.0831431179958775     0     4     10
42.719378655379     0.0831300658501225     0     4     10
42.7326292222872     0.0831593865682423     0     4     10
42.7458799442802     0.0831784873089829     0     4     10
42.759130820448     0.0833083133578959     0     4     10
42.7723818498804     0.0835705761972081     0     4     10
42.7856330316676     0.0835395256852914     0     4     10
42.7988843648995     0.0832257748051668     0     4     10
42.8121358486664     0.0831744477474509     0     4     10
42.8253874820585     0.0832932903111708     0     4     10
42.8386392641659     0.0832341537963273     0     4     10
42.8518911940789     0.0829135896616177     0     4     10
42.865143270888     0.0827902000040253     0     4     10
42.8783954936836     0.0826493087755057     0     4     10
42.891647861556     0.0825266011877271     0     4     10
42.9049003735958     0.0827308918740099     0     4     10
42.9181530288935     0.0821135101164002     0     4     10
42.9314058265398     0.0824480611467382     0     4     10
42.9446587656254     0.0822026068857342     0     4     10
42.9579118452409     0.0825747191645127     0     4     10
42.9711650644771     0.082805871176628     0     4     10
42.9844184224248     0.0828444124209523     0     4     10
42.9976719181749     0.0824429743077311     0     4     10
43.0109255508184     0.082552086166574     0     4     10
43.0241793194461     0.0822395578513348     0     4     10
43.0374332231491     0.0823372192317197     0     4     10
43.0506872610184     0.0826080968871341     0     4     10
43.0639414321452     0.0827842103657062     0     4     10
43.0771957356206     0.0823417782158382     0     4     10
43.0904501705359     0.0819406569160366     0     4     10
43.1037047359822     0.0819885718112252     0     4     10
43.1169594310509     0.0823199824659599     0     4     10
43.1302142548334     0.0823282840718167     0     4     10
43.1434692064209     0.081900463372951     0     4     10
43.1567242849051     0.0821766421449426     0     4     10
43.1699794893773     0.0822473083885532     0     4     10
43.183234818929     0.0819507376323373     0     4     10
43.1964902726519     0.0820374349705085     0     4     10
43.2097458496376     0.0820532401856178     0     4     10
43.2230015489777     0.08197988412313     0     4     10
43.236257369764     0.0819418787724242     0     4     10
43.2495133110882     0.0818797795638418     0     4     10
43.2627693720421     0.082120904965309     0     4     10
43.2760255517175     0.0817423457794979     0     4     10
43.2892818492064     0.0819051623361146     0     4     10
43.3025382636006     0.0816176406513369     0     4     10
43.3157947939921     0.0817311501148888     0     4     10
43.3290514394729     0.0815332234461145     0     4     10
43.3423081991352     0.0815476529810722     0     4     10
43.3555650720708     0.0817067214127286     0     4     10
43.3688220573721     0.081856853565003     0     4     10
43.3820791541312     0.0815615539551458     0     4     10
43.3953363614402     0.0818414742353289     0     4     10
43.4085936783915     0.0815627592032023     0     4     10
43.4218511040773     0.0815091219053499     0     4     10
43.43510863759     0.0815186555413779     0     4     10
43.4483662780219     0.0820105864617388     0     4     10
43.4616240244654     0.0816264457584037     0     4     10
43.4748818760131     0.0815148490732865     0     4     10
43.4881398317573     0.0813230884282637     0     4     10
43.5013978907905     0.0810243590711383     0     4     10
43.5146560522055     0.081167737348149     0     4     10
43.5279143150947     0.0811222354156921     0     4     10
43.5411726785508     0.0811300582435461     0     4     10
43.5544311416664     0.0810944085132113     0     4     10
43.5676897035343     0.0813147840729142     0     4     10
43.5809483632472     0.0811832613430488     0     4     10
43.5942071198979     0.0811485659364027     0     4     10
43.6074659725792     0.0813136263556232     0     4     10
43.6207249203839     0.0814127531374596     0     4     10
43.6339839624049     0.0812197071982184     0     4     10
43.6472430977351     0.0812006368773431     0     4     10
43.6605023254675     0.0809497215746329     0     4     10
43.6737616446951     0.0806747636795426     0     4     10
43.6870210545109     0.0806646650803671     0     4     10
43.7002805540078     0.0806382976391136     0     4     10
43.7135401422791     0.0805869410715294     0     4     10
43.7267998184177     0.0804173816124936     0     4     10
43.7400595815169     0.0807220984089995     0     4     10
43.7533194306699     0.0808466387303604     0     4     10
43.7665793649697     0.0808979617480827     0     4     10
43.7798393835097     0.0804032869765187     0     4     10
43.7930994853832     0.0808131808600765     0     4     10
43.8063596696833     0.080578836764935     0     4     10
43.8196199355036     0.0804192572543674     0     4     10
43.8328802819372     0.0804817753355754     0     4     10
43.8461407080776     0.0803672618168029     0     4     10
43.8594012130182     0.0801117556056034     0     4     10
43.8726617958525     0.080204546753864     0     4     10
43.8859224556739     0.0799615692595827     0     4     10
43.8991831915758     0.0796597901818356     0     4     10
43.912444002652     0.0798573709977152     0     4     10
43.9257048879957     0.0804503338607202     0     4     10
43.9389658467008     0.0804624189831513     0     4     10
43.9522268778607     0.0800691722749493     0     4     10
43.9654879805692     0.0805238386476302     0     4     10
43.9787491539198     0.0804488501466258     0     4     10
43.9920103970062     0.0803450355570004     0     4     10
44.0052717089222     0.0800363254665417     0     4     10
44.0185330887614     0.0801206612631038     0     4     10
44.0317945356177     0.0797631220248418     0     4     10
44.0450560485848     0.0795516357212567     0     4     10
44.0583176267565     0.0794540330639624     0     4     10
44.0715792692266     0.0793876576141275     0     4     10
44.0848409750891     0.0792617002395734     0     4     10
44.0981027434377     0.0799670065822736     0     4     10
44.1113645733664     0.0793307290656277     0     4     10
44.1246264639691     0.0796347884257154     0     4     10
44.1378884143397     0.079748269344594     0     4     10
44.1511504235722     0.0795792813946354     0     4     10
44.1644124907606     0.0797862856398648     0     4     10
44.1776746149988     0.0800625474707239     0     4     10
44.190936795381     0.0794695757059377     0     4     10
44.2041990310011     0.0799920014606425     0     4     10
44.2174613209532     0.0801346190864285     0     4     10
44.2307236643314     0.0794934850208858     0     4     10
44.2439860602298     0.0795594465926955     0     4     10
44.2572485077426     0.0795225992483647     0     4     10
44.2705110059638     0.0794442863260132     0     4     10
44.2837735539876     0.0791198716970411     0     4     10
44.2970361509082     0.0790374524430362     0     4     10
44.3102987958199     0.0788354097439719     0     4     10
44.3235614878167     0.0785774761473161     0     4     10
44.336824225993     0.0788159811457543     0     4     10
44.3500870094429     0.0789841095239295     0     4     10
44.3633498372608     0.0791538568027971     0     4     10
44.376612708541     0.0794230364296428     0     4     10
44.3898756223776     0.0794749841404629     0     4     10
44.4031385778651     0.0789336140523258     0     4     10
44.4164015740977     0.079143352534258     0     4     10
44.4296646101698     0.0788480602605764     0     4     10
44.4429276851758     0.0790960833529301     0     4     10
44.45619079821     0.0788734471653065     0     4     10
44.4694539483668     0.0786596552925957     0     4     10
44.4827171347406     0.078887211725717     0     4     10
44.4959803564257     0.0785293554828754     0     4     10
44.5092436125167     0.0792475922690554     0     4     10
44.522506902108     0.0793955835651379     0     4     10
44.5357702242939     0.0789477646029641     0     4     10
44.549033578169     0.0785285426861814     0     4     10
44.5622969628277     0.0788911237247161     0     4     10
44.5755603773645     0.07881788629088     0     4     10
44.5888238208739     0.078659192017375     0     4     10
44.6020872924504     0.0787121617348849     0     4     10
44.6153507911885     0.0785315101414597     0     4     10
44.6286143161827     0.0788072281386714     0     4     10
44.6418778665275     0.0788941384236448     0     4     10
44.6551414413176     0.0787304737134867     0     4     10
44.6684050396474     0.0788521558840487     0     4     10
44.6816686606115     0.0786906604340195     0     4     10
44.6949323033044     0.0783474635487885     0     4     10
44.7081959668207     0.0780148675521646     0     4     10
44.7214596502551     0.0782274715620065     0     4     10
44.7347233527021     0.0781342540082661     0     4     10
44.7479870732562     0.0787136170921513     0     4     10
44.7612508110122     0.0785290423303725     0     4     10
44.7745145650645     0.0784510839909979     0     4     10
44.7877783345079     0.0784523327130275     0     4     10
44.8010421184369     0.0786399854044239     0     4     10
44.8143059159461     0.0788024543088074     0     4     10
44.8275697261302     0.0785326038392143     0     4     10
44.8408335480838     0.0785187869859691     0     4     10
44.8540973809016     0.0782395866332004     0     4     10
44.8673612236781     0.0783307919177366     0     4     10
44.8806250755081     0.0776450476273383     0     4     10
44.8938889354862     0.077621129220215     0     4     10
44.9071528027069     0.0776914162217981     0     4     10
44.9204166762651     0.0775117182811288     0     4     10
44.9336805552553     0.0776934584121115     0     4     10
44.9469444387722     0.0779692022240082     0     4     10
44.9602083259105     0.0780785543190195     0     4     10
44.9734722157648     0.077632043434435     0     4     10
44.9867361074297     0.0781938710140644     0     4     10
45     0.0781042206112129     0     4     10
