44.9867361074297     0.0978660423809441     0     4     -8
44.9734722157648     0.098278347967897     0     4     -8
44.9602083259105     0.0986388212152772     0     4     -8
44.9469444387722     0.0989204479067823     0     4     -8
44.9336805552553     0.0990365802533674     0     4     -8
44.9204166762651     0.098946190863647     0     4     -8
44.9071528027069     0.0991764425161614     0     4     -8
44.8938889354862     0.098855102221573     0     4     -8
44.8806250755081     0.0990089881701109     0     4     -8
44.8673612236781     0.0991517564378734     0     4     -8
44.8540973809016     0.0992175264030802     0     4     -8
44.8408335480838     0.0989364994003497     0     4     -8
44.8275697261302     0.0988646970144418     0     4     -8
44.8143059159461     0.098747657419867     0     4     -8
44.8010421184369     0.0988386998092643     0     4     -8
44.7877783345079     0.0989769899696708     0     4     -8
44.7745145650645     0.0992495981287844     0     4     -8
44.7612508110122     0.0996457020946065     0     4     -8
44.7479870732562     0.099296541615517     0     4     -8
44.7347233527021     0.0996523299159572     0     4     -8
44.7214596502551     0.0997820314739317     0     4     -8
44.7081959668207     0.0998629575013438     0     4     -8
44.6949323033044     0.10019674866281     0     4     -8
44.6816686606115     0.0997793184584169     0     4     -8
44.6684050396474     0.0995775489625316     0     4     -8
44.6551414413176     0.0993479918129732     0     4     -8
44.6418778665275     0.0993196969062299     0     4     -8
44.6286143161827     0.0997849368640446     0     4     -8
44.6153507911885     0.0996185670035939     0     4     -8
44.6020872924504     0.0999796633884286     0     4     -8
44.5888238208739     0.0999818397774478     0     4     -8
44.5755603773645     0.100407456758752     0     4     -8
44.5622969628277     0.100308094519542     0     4     -8
44.549033578169     0.100717521871472     0     4     -8
44.5357702242939     0.100758553711825     0     4     -8
44.522506902108     0.100768359229883     0     4     -8
44.5092436125167     0.100699661939765     0     4     -8
44.4959803564257     0.100529125716674     0     4     -8
44.4827171347406     0.100175308029024     0     4     -8
44.4694539483668     0.100538497627942     0     4     -8
44.45619079821     0.10056331545634     0     4     -8
44.4429276851758     0.100211284894539     0     4     -8
44.4296646101698     0.100510308890914     0     4     -8
44.4164015740977     0.10068541212841     0     4     -8
44.4031385778651     0.100751161959574     0     4     -8
44.3898756223776     0.101231791284921     0     4     -8
44.376612708541     0.101143302237225     0     4     -8
44.3633498372608     0.101518853493296     0     4     -8
44.3500870094429     0.101756879676922     0     4     -8
44.336824225993     0.101794787392995     0     4     -8
44.3235614878167     0.101489338062192     0     4     -8
44.3102987958199     0.10171753414389     0     4     -8
44.2970361509082     0.101367330261823     0     4     -8
44.2837735539876     0.101375974195198     0     4     -8
44.2705110059638     0.101136033163453     0     4     -8
44.2572485077426     0.100820164383698     0     4     -8
44.2439860602298     0.100950793242433     0     4     -8
44.2307236643314     0.101098943865519     0     4     -8
44.2174613209532     0.101272069221896     0     4     -8
44.2041990310011     0.101769379992686     0     4     -8
44.190936795381     0.101483245173567     0     4     -8
44.1776746149988     0.101861447006495     0     4     -8
44.1644124907606     0.102480509767688     0     4     -8
44.1511504235722     0.102449574100326     0     4     -8
44.1378884143397     0.102458325548897     0     4     -8
44.1246264639691     0.102350269046583     0     4     -8
44.1113645733664     0.102627323875612     0     4     -8
44.0981027434377     0.102447096775338     0     4     -8
44.0848409750891     0.102370897184724     0     4     -8
44.0715792692266     0.102213310384758     0     4     -8
44.0583176267565     0.101974873882982     0     4     -8
44.0450560485848     0.101970139725785     0     4     -8
44.0317945356177     0.102093226931165     0     4     -8
44.0185330887614     0.102427546598803     0     4     -8
44.0052717089222     0.102179099477523     0     4     -8
43.9920103970062     0.102081796081842     0     4     -8
43.9787491539198     0.102453427493083     0     4     -8
43.9654879805692     0.10291770915938     0     4     -8
43.9522268778607     0.102767795031398     0     4     -8
43.9389658467008     0.102926252449287     0     4     -8
43.9257048879957     0.102963692696299     0     4     -8
43.912444002652     0.103332686557158     0     4     -8
43.8991831915758     0.103312494432785     0     4     -8
43.8859224556739     0.103413083042188     0     4     -8
43.8726617958525     0.103179259016162     0     4     -8
43.8594012130182     0.103236249078783     0     4     -8
43.8461407080776     0.103287734848692     0     4     -8
43.8328802819372     0.103123647809095     0     4     -8
43.8196199355036     0.102816160703988     0     4     -8
43.8063596696833     0.103067783778656     0     4     -8
43.7930994853832     0.10297769259179     0     4     -8
43.7798393835097     0.102934542295145     0     4     -8
43.7665793649697     0.103404418689939     0     4     -8
43.7533194306699     0.10324990005105     0     4     -8
43.7400595815169     0.103748564871701     0     4     -8
43.7267998184177     0.103939738703445     0     4     -8
43.7135401422791     0.104228647841112     0     4     -8
43.7002805540078     0.104140435675807     0     4     -8
43.6870210545109     0.1040351573339     0     4     -8
43.6737616446951     0.103727314653806     0     4     -8
43.6605023254675     0.104166842102263     0     4     -8
43.6472430977351     0.104134896018213     0     4     -8
43.6339839624049     0.103756467207323     0     4     -8
43.6207249203839     0.103394263436042     0     4     -8
43.6074659725792     0.103659100862315     0     4     -8
43.5942071198979     0.103919568588039     0     4     -8
43.5809483632472     0.104103590771499     0     4     -8
43.5676897035343     0.104106384445839     0     4     -8
43.5544311416664     0.104358546169295     0     4     -8
43.5411726785508     0.10436405993224     0     4     -8
43.5279143150947     0.104748521187722     0     4     -8
43.5146560522055     0.104703522652989     0     4     -8
43.5013978907905     0.105202962220335     0     4     -8
43.4881398317573     0.105315546458183     0     4     -8
43.4748818760131     0.104987452771939     0     4     -8
43.4616240244654     0.104878712434899     0     4     -8
43.4483662780219     0.10467691184566     0     4     -8
43.43510863759     0.104498645601887     0     4     -8
43.4218511040773     0.104721597769577     0     4     -8
43.4085936783915     0.104502907152186     0     4     -8
43.3953363614402     0.104797350755584     0     4     -8
43.3820791541312     0.105120310212014     0     4     -8
43.3688220573721     0.105255868396631     0     4     -8
43.3555650720708     0.105655923291161     0     4     -8
43.3423081991352     0.105460555703116     0     4     -8
43.3290514394729     0.105647341070772     0     4     -8
43.3157947939921     0.105578752810405     0     4     -8
43.3025382636006     0.105561706273977     0     4     -8
43.2892818492064     0.105787318511454     0     4     -8
43.2760255517175     0.105646772818062     0     4     -8
43.2627693720421     0.105086696405157     0     4     -8
43.2495133110882     0.105405750108077     0     4     -8
43.236257369764     0.105596352682462     0     4     -8
43.2230015489777     0.105570486631182     0     4     -8
43.2097458496376     0.10563592713319     0     4     -8
43.1964902726519     0.105908028150831     0     4     -8
43.183234818929     0.106116568978559     0     4     -8
43.1699794893773     0.106422123929813     0     4     -8
43.1567242849051     0.106423353493114     0     4     -8
43.1434692064209     0.106482084745422     0     4     -8
43.1302142548334     0.106413769596588     0     4     -8
43.1169594310509     0.106628040554351     0     4     -8
43.1037047359822     0.106349541452179     0     4     -8
43.0904501705359     0.106037995541744     0     4     -8
43.0771957356206     0.106386870663987     0     4     -8
43.0639414321452     0.106281622595133     0     4     -8
43.0506872610184     0.106238453760702     0     4     -8
43.0374332231491     0.106293218155904     0     4     -8
43.0241793194461     0.106078841033607     0     4     -8
43.0109255508184     0.106381907524745     0     4     -8
42.9976719181749     0.106271612281607     0     4     -8
42.9844184224248     0.107013135446888     0     4     -8
42.9711650644771     0.10692704667638     0     4     -8
42.9579118452409     0.106801774333155     0     4     -8
42.9446587656254     0.107023855584916     0     4     -8
42.9314058265398     0.107153822933876     0     4     -8
42.9181530288935     0.107200480113733     0     4     -8
42.9049003735958     0.107088914141049     0     4     -8
42.891647861556     0.107011958893719     0     4     -8
42.8783954936836     0.106974485159174     0     4     -8
42.865143270888     0.106915181630581     0     4     -8
42.8518911940789     0.106706938719959     0     4     -8
42.8386392641659     0.10635492059992     0     4     -8
42.8253874820585     0.107090968524492     0     4     -8
42.8121358486664     0.107178256679007     0     4     -8
42.7988843648995     0.107025661564479     0     4     -8
42.7856330316676     0.107160574582189     0     4     -8
42.7723818498804     0.107110030151219     0     4     -8
42.759130820448     0.107508021975508     0     4     -8
42.7458799442802     0.108019549050577     0     4     -8
42.7326292222872     0.107707632854736     0     4     -8
42.719378655379     0.107985125501025     0     4     -8
42.7061282444657     0.10813771742953     0     4     -8
42.6928779904575     0.107491208137457     0     4     -8
42.6796278942648     0.10778785581617     0     4     -8
42.6663779567977     0.10789682063662     0     4     -8
42.6531281789667     0.107658363061409     0     4     -8
42.6398785616822     0.107347342929066     0     4     -8
42.6266291058547     0.107680701978071     0     4     -8
42.6133798123947     0.107287435741966     0     4     -8
42.6001306822128     0.107724229663797     0     4     -8
42.5868817162196     0.107430737407042     0     4     -8
42.573632915326     0.107673473142942     0     4     -8
42.5603842804426     0.107949649607907     0     4     -8
42.5471358124802     0.108011139977413     0     4     -8
42.5338875123499     0.108385734304103     0     4     -8
42.5206393809625     0.108267439997959     0     4     -8
42.5073914192291     0.108500433121479     0     4     -8
42.4941436280607     0.108460576704588     0     4     -8
42.4808960083686     0.108545689194806     0     4     -8
42.4676485610637     0.108394753667102     0     4     -8
42.4544012870576     0.108298478205898     0     4     -8
42.4411541872613     0.108250437590754     0     4     -8
42.4279072625865     0.108106542238983     0     4     -8
42.4146605139445     0.107860097181201     0     4     -8
42.4014139422467     0.108139666165363     0     4     -8
42.3881675484049     0.108099699432818     0     4     -8
42.3749213333306     0.108379225662104     0     4     -8
42.3616752979356     0.108330657671131     0     4     -8
42.3484294431316     0.108528426037441     0     4     -8
42.3351837698304     0.108881250726766     0     4     -8
42.3219382789441     0.108314361074378     0     4     -8
42.3086929713844     0.108871927069799     0     4     -8
42.2954478480635     0.109001348386844     0     4     -8
42.2822029098935     0.109005852596467     0     4     -8
42.2689581577864     0.108844366170051     0     4     -8
42.2557135926547     0.108849651447351     0     4     -8
42.2424692154105     0.108701180871589     0     4     -8
42.2292250269662     0.108552482350992     0     4     -8
42.2159810282344     0.108920661317418     0     4     -8
42.2027372201273     0.108638394600784     0     4     -8
42.1894936035578     0.108636538907164     0     4     -8
42.1762501794383     0.108560149847804     0     4     -8
42.1630069486816     0.10889329078416     0     4     -8
42.1497639122005     0.109308423142859     0     4     -8
42.1365210709078     0.109361809973579     0     4     -8
42.1232784257165     0.109460213220374     0     4     -8
42.1100359775395     0.109430577311566     0     4     -8
42.09679372729     0.109517959729533     0     4     -8
42.083551675881     0.108873952864419     0     4     -8
42.0703098242257     0.109060794403019     0     4     -8
42.0570681732375     0.10875914545444     0     4     -8
42.0438267238296     0.108336738571534     0     4     -8
42.0305854769156     0.10868430244031     0     4     -8
42.0173444334088     0.108584210429777     0     4     -8
42.0041035942229     0.108600804862942     0     4     -8
41.9908629602715     0.108958178107919     0     4     -8
41.9776225324684     0.108862865608287     0     4     -8
41.9643823117272     0.108756116945355     0     4     -8
41.9511422989619     0.109109202436559     0     4     -8
41.9379024950865     0.108738182261008     0     4     -8
41.9246629010149     0.109253362300913     0     4     -8
41.9114235176612     0.109166302549805     0     4     -8
41.8981843459396     0.10905478490063     0     4     -8
41.8849453867643     0.108698349615115     0     4     -8
41.8717066410497     0.10908896673605     0     4     -8
41.8584681097102     0.108592145243971     0     4     -8
41.8452297936601     0.108392437691641     0     4     -8
41.8319916938142     0.108206205423699     0     4     -8
41.8187538110869     0.108241570384604     0     4     -8
41.8055161463931     0.108256830181446     0     4     -8
41.7922787006474     0.108425180672319     0     4     -8
41.7790414747648     0.108521638823455     0     4     -8
41.7658044696602     0.108150819467185     0     4     -8
41.7525676862486     0.108182853960382     0     4     -8
41.7393311254452     0.10813282463783     0     4     -8
41.726094788165     0.107790277110948     0     4     -8
41.7128586753234     0.107852909214933     0     4     -8
41.6996227878358     0.107758599802576     0     4     -8
41.6863871266174     0.107907440912282     0     4     -8
41.673151692584     0.107550776906375     0     4     -8
41.6599164866509     0.107063202850342     0     4     -8
41.646681509734     0.107196400914093     0     4     -8
41.6334467627489     0.106918560023847     0     4     -8
41.6202122466115     0.106299560266931     0     4     -8
41.6069779622377     0.106012781064167     0     4     -8
41.5937439105435     0.106141926136172     0     4     -8
41.580510092445     0.106263258476108     0     4     -8
41.5672765088584     0.106213573035591     0     4     -8
41.5540431606999     0.106067465932318     0     4     -8
41.5408100488858     0.105855896322367     0     4     -8
41.5275771743327     0.105813459323265     0     4     -8
41.5143445379569     0.105335035589631     0     4     -8
41.5011121406751     0.105522409238586     0     4     -8
41.487879983404     0.10471114613893     0     4     -8
41.4746480670603     0.104733087656123     0     4     -8
41.4614163925608     0.104450781378768     0     4     -8
41.4481849608227     0.104118607869162     0     4     -8
41.4349537727627     0.103654318422829     0     4     -8
41.4217228292982     0.103827440635759     0     4     -8
41.4084921313462     0.103402483081731     0     4     -8
41.395261679824     0.103481070563267     0     4     -8
41.3820314756491     0.102795326655695     0     4     -8
41.368801519739     0.102578690014355     0     4     -8
41.3555718130111     0.102571675084668     0     4     -8
41.3423423563831     0.102439938505195     0     4     -8
41.3291131507728     0.102185994183089     0     4     -8
41.315884197098     0.101682861987899     0     4     -8
41.3026554962766     0.101493633352302     0     4     -8
41.2894270492266     0.101460870659347     0     4     -8
41.2761988568661     0.101065772628024     0     4     -8
41.2629709201134     0.100602920398905     0     4     -8
41.2497432398867     0.0999618388074661     0     4     -8
41.2365158171043     0.100035234294077     0     4     -8
41.2232886526848     0.0995928838780794     0     4     -8
41.2100617475467     0.0990905065921166     0     4     -8
41.1968351026086     0.0986913738691733     0     4     -8
41.1836087187894     0.0982244546772152     0     4     -8
41.1703825970079     0.098008212017844     0     4     -8
41.1571567381829     0.0975886478097811     0     4     -8
41.1439311432336     0.097724345697339     0     4     -8
41.130705813079     0.0971959351618142     0     4     -8
41.1174807486384     0.0969921909034467     0     4     -8
41.1042559508312     0.0965409942271009     0     4     -8
41.0910314205766     0.0962272256557399     0     4     -8
41.0778071587943     0.0958467353052981     0     4     -8
41.0645831664038     0.0955906689983883     0     4     -8
41.0513594443248     0.0952983504992812     0     4     -8
41.0381359934772     0.0947174912122139     0     4     -8
41.0249128147808     0.0945214967546444     0     4     -8
41.0116899091557     0.0940437055831081     0     4     -8
40.9984672775219     0.0938506001020893     0     4     -8
40.9852449207996     0.0935764300984111     0     4     -8
40.9720228399091     0.0931441223236806     0     4     -8
40.9588010357708     0.0931425393825104     0     4     -8
40.9455795093053     0.0925019510890621     0     4     -8
40.932358261433     0.0926636693646108     0     4     -8
40.9191372930747     0.0928110300607389     0     4     -8
40.9059166051511     0.0920045142648342     0     4     -8
40.8926961985833     0.092026193430562     0     4     -8
40.8794760742921     0.0918555813492286     0     4     -8
40.8662562331986     0.0915004749456691     0     4     -8
40.8530366762241     0.0914517165759817     0     4     -8
40.8398174042898     0.0917219369846568     0     4     -8
40.8265984183172     0.0913106908146694     0     4     -8
40.8133797192277     0.0913601680911445     0     4     -8
40.800161307943     0.0906922159254301     0     4     -8
40.7869431853848     0.0910349746842687     0     4     -8
40.7737253524748     0.090568879664627     0     4     -8
40.7605078101351     0.0907915514761393     0     4     -8
40.7472905592876     0.090660617638781     0     4     -8
40.7340736008544     0.0911324192745969     0     4     -8
40.7208569357578     0.0907499913834176     0     4     -8
40.7076405649202     0.0907190850758944     0     4     -8
40.6944244892639     0.0908826324541744     0     4     -8
40.6812087097115     0.091074736690447     0     4     -8
40.6679932271857     0.0910017685740095     0     4     -8
40.6547780426093     0.0912305737554163     0     4     -8
40.6415631569051     0.0912382154129501     0     4     -8
40.628348570996     0.0910189802201542     0     4     -8
40.6151342858053     0.0905805235669992     0     4     -8
40.601920302256     0.09077625872657     0     4     -8
40.5887066212714     0.0908741028474524     0     4     -8
40.5754932437751     0.0908638805738604     0     4     -8
40.5622801706905     0.0913714658843013     0     4     -8
40.5490674029412     0.0912956267429711     0     4     -8
40.5358549414509     0.0910992147778121     0     4     -8
40.5226427871436     0.0913860210449637     0     4     -8
40.5094309409432     0.0916821272931338     0     4     -8
40.4962194037737     0.0916742631051431     0     4     -8
40.4830081765594     0.0915804325901027     0     4     -8
40.4697972602245     0.0918465290689685     0     4     -8
40.4565866556934     0.091517910740808     0     4     -8
40.4433763638906     0.091777716899115     0     4     -8
40.4301663857409     0.0918255711145716     0     4     -8
40.4169567221688     0.0917155048998508     0     4     -8
40.4037473740993     0.0917497164485112     0     4     -8
40.3905383424574     0.0919559634415657     0     4     -8
40.3773296281681     0.0918241537382225     0     4     -8
40.3641212321566     0.092063131406829     0     4     -8
