40.3773296281681     0.254900868130241     0     -10     4
40.3905383424574     0.265820238158281     0     -10     4
40.4037473740993     0.28201015502106     0     -10     4
40.4169567221688     0.291108325153538     0     -10     4
40.4301663857409     0.293484323711217     0     -10     4
40.4433763638906     0.300790088591406     0     -10     4
40.4565866556934     0.316387924616432     0     -10     4
40.4697972602245     0.326574814002347     0     -10     4
40.4830081765594     0.327542047564324     0     -10     4
40.4962194037737     0.331191607919224     0     -10     4
40.5094309409432     0.345166860091428     0     -10     4
40.5226427871436     0.356122376310548     0     -10     4
40.5358549414509     0.354508479101634     0     -10     4
40.5490674029412     0.355453218045503     0     -10     4
40.5622801706905     0.369244879201328     0     -10     4
40.5754932437751     0.379361149004187     0     -10     4
40.5887066212714     0.376162662081399     0     -10     4
40.601920302256     0.373641513425162     0     -10     4
40.6151342858053     0.385198897246839     0     -10     4
40.628348570996     0.393605140545669     0     -10     4
40.6415631569051     0.38635892731739     0     -10     4
40.6547780426093     0.382837746709967     0     -10     4
40.6679932271857     0.394416784367951     0     -10     4
40.6812087097115     0.397599119698553     0     -10     4
40.6944244892639     0.385190494128024     0     -10     4
40.7076405649202     0.384055213092142     0     -10     4
40.7208569357578     0.395560283572577     0     -10     4
40.7340736008544     0.389335395871065     0     -10     4
40.7472905592876     0.372984031769617     0     -10     4
40.7605078101351     0.378139361060795     0     -10     4
40.7737253524748     0.383316862521561     0     -10     4
40.7869431853848     0.364088774110141     0     -10     4
40.800161307943     0.354186589254107     0     -10     4
40.8133797192277     0.36324732697829     0     -10     4
40.8265984183172     0.353268832173517     0     -10     4
40.8398174042898     0.326836292648515     0     -10     4
40.8530366762241     0.328308264557635     0     -10     4
40.8662562331986     0.330327908442528     0     -10     4
40.8794760742921     0.302727316027909     0     -10     4
40.8926961985833     0.287222202208796     0     -10     4
40.9059166051511     0.295043544382631     0     -10     4
40.9191372930747     0.279289459886994     0     -10     4
40.932358261433     0.247098274764426     0     -10     4
40.9455795093053     0.247608877286101     0     -10     4
40.9588010357708     0.248775085045369     0     -10     4
40.9720228399091     0.217747941916481     0     -10     4
40.9852449207996     0.203117903296578     0     -10     4
40.9984672775219     0.214070123250669     0     -10     4
41.0116899091557     0.19946722091068     0     -10     4
41.0249128147808     0.176586352713051     0     -10     4
41.0381359934772     0.186939932624996     0     -10     4
41.0513594443248     0.194946902576373     0     -10     4
41.0645831664038     0.181274804658611     0     -10     4
41.0778071587943     0.190186508753396     0     -10     4
41.0910314205766     0.213968607014795     0     -10     4
41.1042559508312     0.218711436665839     0     -10     4
41.1174807486384     0.235349251735273     0     -10     4
41.130705813079     0.266603910700923     0     -10     4
41.1439311432336     0.288441390330663     0     -10     4
41.1571567381829     0.309517817734852     0     -10     4
41.1703825970079     0.344023284573557     0     -10     4
41.1836087187894     0.373228747688095     0     -10     4
41.1968351026086     0.397060248762789     0     -10     4
41.2100617475467     0.434980558421481     0     -10     4
41.2232886526848     0.465376586137986     0     -10     4
41.2365158171043     0.48463574440917     0     -10     4
41.2497432398867     0.510941611745212     0     -10     4
41.2629709201134     0.542132365002336     0     -10     4
41.2761988568661     0.55988181194872     0     -10     4
41.2894270492266     0.571562051893157     0     -10     4
41.3026554962766     0.593896448672518     0     -10     4
41.315884197098     0.614379467998888     0     -10     4
41.3291131507728     0.621427754948006     0     -10     4
41.3423423563831     0.627156489086167     0     -10     4
41.3555718130111     0.640829537084034     0     -10     4
41.368801519739     0.654002902694015     0     -10     4
41.3820314756491     0.655302584146988     0     -10     4
41.395261679824     0.656814027641323     0     -10     4
41.4084921313462     0.665831949013745     0     -10     4
41.4217228292982     0.675668686939582     0     -10     4
41.4349537727627     0.674389463489297     0     -10     4
41.4481849608227     0.670632797945198     0     -10     4
41.4614163925608     0.675475413417728     0     -10     4
41.4746480670603     0.683759921781336     0     -10     4
41.487879983404     0.681615358418735     0     -10     4
41.5011121406751     0.673756455849109     0     -10     4
41.5143445379569     0.67405757692147     0     -10     4
41.5275771743327     0.680316125550137     0     -10     4
41.5408100488858     0.676723664738114     0     -10     4
41.5540431606999     0.663912625454465     0     -10     4
41.5672765088584     0.658849575474891     0     -10     4
41.580510092445     0.661221812579656     0     -10     4
41.5937439105435     0.653588391315843     0     -10     4
41.6069779622377     0.633302533624383     0     -10     4
41.6202122466115     0.61942332891898     0     -10     4
41.6334467627489     0.615026242385376     0     -10     4
41.646681509734     0.598765430148514     0     -10     4
41.6599164866509     0.563190493025237     0     -10     4
41.673151692584     0.534713869251452     0     -10     4
41.6863871266174     0.516609588048185     0     -10     4
41.6996227878358     0.482380969499051     0     -10     4
41.7128586753234     0.431299263652627     0     -10     4
41.726094788165     0.393940667845359     0     -10     4
41.7393311254452     0.378747377006258     0     -10     4
41.7525676862486     0.371920785581098     0     -10     4
41.7658044696602     0.386729013165631     0     -10     4
41.7790414747648     0.440251308400719     0     -10     4
41.7922787006474     0.524445133193375     0     -10     4
41.8055161463931     0.605568904423839     0     -10     4
41.8187538110869     0.66201790998456     0     -10     4
41.8319916938142     0.696111827165391     0     -10     4
41.8452297936601     0.720318407441206     0     -10     4
41.8584681097102     0.738867079059956     0     -10     4
41.8717066410497     0.757224605958329     0     -10     4
41.8849453867643     0.771877178549702     0     -10     4
41.8981843459396     0.783353827051536     0     -10     4
41.9114235176612     0.796492917864102     0     -10     4
41.9246629010149     0.808632452974188     0     -10     4
41.9379024950865     0.816350566543391     0     -10     4
41.9511422989619     0.821526752427933     0     -10     4
41.9643823117272     0.827709301674198     0     -10     4
41.9776225324684     0.832872827525667     0     -10     4
41.9908629602715     0.835751154648905     0     -10     4
42.0041035942229     0.838138030640703     0     -10     4
42.0173444334088     0.841206636836533     0     -10     4
42.0305854769156     0.84297698955653     0     -10     4
42.0438267238296     0.844520822085402     0     -10     4
42.0570681732375     0.845772777587737     0     -10     4
42.0703098242257     0.847086927170538     0     -10     4
42.083551675881     0.848109152235112     0     -10     4
42.09679372729     0.848614654845967     0     -10     4
42.1100359775395     0.849343130633889     0     -10     4
42.1232784257165     0.850015290394715     0     -10     4
42.1365210709078     0.850141159880573     0     -10     4
42.1497639122005     0.85082102811754     0     -10     4
42.1630069486816     0.851414821132075     0     -10     4
42.1762501794383     0.851257255019592     0     -10     4
42.1894936035578     0.851860828510776     0     -10     4
42.2027372201273     0.852100304181394     0     -10     4
42.2159810282344     0.852149161910765     0     -10     4
42.2292250269662     0.852620086174533     0     -10     4
42.2424692154105     0.852701071805332     0     -10     4
42.2557135926547     0.852748593760005     0     -10     4
42.2689581577864     0.852901326180364     0     -10     4
42.2822029098935     0.852844589075637     0     -10     4
42.2954478480635     0.853137449243892     0     -10     4
42.3086929713844     0.853335134766812     0     -10     4
42.3219382789441     0.853211031522276     0     -10     4
42.3351837698304     0.85344705043092     0     -10     4
42.3484294431316     0.853426205066269     0     -10     4
42.3616752979356     0.85342248018941     0     -10     4
42.3749213333306     0.853702065668405     0     -10     4
42.3881675484049     0.853663893705071     0     -10     4
42.4014139422467     0.8538073085653     0     -10     4
42.4146605139445     0.853752067891226     0     -10     4
42.4279072625865     0.853751899448048     0     -10     4
42.4411541872613     0.854012422566588     0     -10     4
42.4544012870576     0.853879686408671     0     -10     4
42.4676485610637     0.854122924532675     0     -10     4
42.4808960083686     0.854075431176939     0     -10     4
42.4941436280607     0.853753073466092     0     -10     4
42.5073914192291     0.854155422967285     0     -10     4
42.5206393809625     0.854164377543513     0     -10     4
42.5338875123499     0.854229724245849     0     -10     4
42.5471358124802     0.854346574548014     0     -10     4
42.5603842804426     0.854136120497401     0     -10     4
42.573632915326     0.854386847790329     0     -10     4
42.5868817162196     0.854160958749348     0     -10     4
42.6001306822128     0.85451261939811     0     -10     4
42.6133798123947     0.854332122003815     0     -10     4
42.6266291058547     0.854560574090944     0     -10     4
42.6398785616822     0.85454976318554     0     -10     4
42.6531281789667     0.85448633257863     0     -10     4
42.6663779567977     0.854649575882551     0     -10     4
42.6796278942648     0.854416927836062     0     -10     4
42.6928779904575     0.854771460188425     0     -10     4
42.7061282444657     0.85461584626304     0     -10     4
42.719378655379     0.854659096068944     0     -10     4
42.7326292222872     0.854717863708125     0     -10     4
42.7458799442802     0.854732601266898     0     -10     4
42.759130820448     0.85475992279086     0     -10     4
42.7723818498804     0.854862900637276     0     -10     4
42.7856330316676     0.854781544017153     0     -10     4
42.7988843648995     0.854806038258775     0     -10     4
42.8121358486664     0.854956014299442     0     -10     4
42.8253874820585     0.855055581487822     0     -10     4
42.8386392641659     0.85493591960182     0     -10     4
42.8518911940789     0.85499364379202     0     -10     4
42.865143270888     0.854936652462978     0     -10     4
42.8783954936836     0.855016834472015     0     -10     4
42.891647861556     0.854944931999982     0     -10     4
42.9049003735958     0.855054723641839     0     -10     4
42.9181530288935     0.855084093110083     0     -10     4
42.9314058265398     0.8551307886715     0     -10     4
42.9446587656254     0.855223816278168     0     -10     4
42.9579118452409     0.855042970615267     0     -10     4
42.9711650644771     0.855250966172503     0     -10     4
42.9844184224248     0.855165686539831     0     -10     4
42.9976719181749     0.85538881088692     0     -10     4
43.0109255508184     0.85515251544978     0     -10     4
43.0241793194461     0.855339459372786     0     -10     4
43.0374332231491     0.855212934979632     0     -10     4
43.0506872610184     0.855380215820365     0     -10     4
43.0639414321452     0.855238286393485     0     -10     4
43.0771957356206     0.855440267378614     0     -10     4
43.0904501705359     0.855238968481274     0     -10     4
43.1037047359822     0.855471637766472     0     -10     4
43.1169594310509     0.85530365299161     0     -10     4
43.1302142548334     0.855646758958534     0     -10     4
43.1434692064209     0.855363854079665     0     -10     4
43.1567242849051     0.855672847120929     0     -10     4
43.1699794893773     0.855553036398197     0     -10     4
43.183234818929     0.855593561057007     0     -10     4
43.1964902726519     0.855482553194656     0     -10     4
43.2097458496376     0.85576252489845     0     -10     4
43.2230015489777     0.855530010385078     0     -10     4
43.236257369764     0.855724003454968     0     -10     4
43.2495133110882     0.855759619022303     0     -10     4
43.2627693720421     0.855716336379254     0     -10     4
43.2760255517175     0.855737247802978     0     -10     4
43.2892818492064     0.855793941987684     0     -10     4
43.3025382636006     0.855956411154812     0     -10     4
43.3157947939921     0.855914325123884     0     -10     4
43.3290514394729     0.855872249827853     0     -10     4
43.3423081991352     0.85595358645434     0     -10     4
43.3555650720708     0.855982437305844     0     -10     4
43.3688220573721     0.855966020859827     0     -10     4
43.3820791541312     0.855932401988467     0     -10     4
43.3953363614402     0.856059073401767     0     -10     4
43.4085936783915     0.855953624017686     0     -10     4
43.4218511040773     0.856064449280961     0     -10     4
43.43510863759     0.856254468458309     0     -10     4
43.4483662780219     0.855967228241583     0     -10     4
43.4616240244654     0.856203557521323     0     -10     4
43.4748818760131     0.856109212560088     0     -10     4
43.4881398317573     0.856146872441737     0     -10     4
43.5013978907905     0.856302530043568     0     -10     4
43.5146560522055     0.856156210149169     0     -10     4
43.5279143150947     0.856173736845546     0     -10     4
43.5411726785508     0.856302039607886     0     -10     4
43.5544311416664     0.856170593290019     0     -10     4
43.5676897035343     0.85616326306099     0     -10     4
43.5809483632472     0.856305266420941     0     -10     4
43.5942071198979     0.856403061287076     0     -10     4
43.6074659725792     0.856400489761981     0     -10     4
43.6207249203839     0.856458147217628     0     -10     4
43.6339839624049     0.856508030324064     0     -10     4
43.6472430977351     0.856624208934194     0     -10     4
43.6605023254675     0.856478920192312     0     -10     4
43.6737616446951     0.856546584491689     0     -10     4
43.6870210545109     0.856428550352292     0     -10     4
43.7002805540078     0.856729513244993     0     -10     4
43.7135401422791     0.856661435616306     0     -10     4
43.7267998184177     0.856669728025087     0     -10     4
43.7400595815169     0.856723882314981     0     -10     4
43.7533194306699     0.856782732485185     0     -10     4
43.7665793649697     0.856579602882825     0     -10     4
43.7798393835097     0.856565420779767     0     -10     4
43.7930994853832     0.856735100896812     0     -10     4
43.8063596696833     0.856815067110319     0     -10     4
43.8196199355036     0.856736530165089     0     -10     4
43.8328802819372     0.856789344886675     0     -10     4
43.8461407080776     0.856657058475754     0     -10     4
43.8594012130182     0.856882690145297     0     -10     4
43.8726617958525     0.856660479796913     0     -10     4
43.8859224556739     0.856889252786301     0     -10     4
43.8991831915758     0.856871183247945     0     -10     4
43.912444002652     0.856827338782616     0     -10     4
43.9257048879957     0.856923058197143     0     -10     4
43.9389658467008     0.856931248066547     0     -10     4
43.9522268778607     0.857120783401903     0     -10     4
43.9654879805692     0.85688556851154     0     -10     4
43.9787491539198     0.857043979276456     0     -10     4
43.9920103970062     0.85693199534057     0     -10     4
44.0052717089222     0.857041971749257     0     -10     4
44.0185330887614     0.856915488175208     0     -10     4
44.0317945356177     0.857116259843705     0     -10     4
44.0450560485848     0.857061805203136     0     -10     4
44.0583176267565     0.857229164689059     0     -10     4
44.0715792692266     0.857191097618196     0     -10     4
44.0848409750891     0.857141390319416     0     -10     4
44.0981027434377     0.857126025449297     0     -10     4
44.1113645733664     0.857340347540597     0     -10     4
44.1246264639691     0.857470785191302     0     -10     4
44.1378884143397     0.857469337946464     0     -10     4
44.1511504235722     0.857521835780148     0     -10     4
44.1644124907606     0.857409672226746     0     -10     4
44.1776746149988     0.85757522202686     0     -10     4
44.190936795381     0.857560448220175     0     -10     4
44.2041990310011     0.857671695127159     0     -10     4
44.2174613209532     0.85757403558245     0     -10     4
44.2307236643314     0.857880877196901     0     -10     4
44.2439860602298     0.857753599413596     0     -10     4
44.2572485077426     0.857889573289318     0     -10     4
44.2705110059638     0.857600581783791     0     -10     4
44.2837735539876     0.857911903413576     0     -10     4
44.2970361509082     0.857929882474092     0     -10     4
44.3102987958199     0.857826180592682     0     -10     4
44.3235614878167     0.858025041713462     0     -10     4
44.336824225993     0.857988417557106     0     -10     4
44.3500870094429     0.858032188264564     0     -10     4
44.3633498372608     0.858019150036472     0     -10     4
44.376612708541     0.857905203959379     0     -10     4
44.3898756223776     0.858037554279209     0     -10     4
44.4031385778651     0.857956654312983     0     -10     4
44.4164015740977     0.858198275746979     0     -10     4
44.4296646101698     0.858113739062696     0     -10     4
44.4429276851758     0.858368756517018     0     -10     4
44.45619079821     0.858211421022063     0     -10     4
44.4694539483668     0.858299449059569     0     -10     4
44.4827171347406     0.858125388627415     0     -10     4
44.4959803564257     0.858292242286555     0     -10     4
44.5092436125167     0.858396172711064     0     -10     4
44.522506902108     0.858326001416863     0     -10     4
44.5357702242939     0.858311456980624     0     -10     4
44.549033578169     0.85843652074446     0     -10     4
44.5622969628277     0.858425746965663     0     -10     4
44.5755603773645     0.858768823442134     0     -10     4
44.5888238208739     0.858641426645526     0     -10     4
44.6020872924504     0.858636690117711     0     -10     4
44.6153507911885     0.858848817706262     0     -10     4
44.6286143161827     0.858881640362543     0     -10     4
44.6418778665275     0.858905952728428     0     -10     4
44.6551414413176     0.858857551737672     0     -10     4
44.6684050396474     0.859100134115577     0     -10     4
44.6816686606115     0.859202078551897     0     -10     4
44.6949323033044     0.859217743344867     0     -10     4
44.7081959668207     0.859133542718147     0     -10     4
44.7214596502551     0.859249970103701     0     -10     4
44.7347233527021     0.859306639351049     0     -10     4
44.7479870732562     0.859139047286109     0     -10     4
44.7612508110122     0.859398425269319     0     -10     4
44.7745145650645     0.859407091035323     0     -10     4
44.7877783345079     0.859311004542779     0     -10     4
44.8010421184369     0.859471254081318     0     -10     4
44.8143059159461     0.859395778508816     0     -10     4
44.8275697261302     0.859623006777304     0     -10     4
44.8408335480838     0.859612117310294     0     -10     4
44.8540973809016     0.859452338378222     0     -10     4
44.8673612236781     0.859627049187541     0     -10     4
44.8806250755081     0.859738433289965     0     -10     4
44.8938889354862     0.859841136034404     0     -10     4
44.9071528027069     0.859733167305023     0     -10     4
44.9204166762651     0.859784172424648     0     -10     4
44.9336805552553     0.859846065213301     0     -10     4
44.9469444387722     0.859704331119589     0     -10     4
44.9602083259105     0.859935331993098     0     -10     4
44.9734722157648     0.859587309324105     0     -10     4
44.9867361074297     0.859959987797893     0     -10     4
45     0.860082980625503     0     -10     4
