40.3773296281681     0.832601332084442     0     4     2
40.3905383424574     0.832734429198067     0     4     2
40.4037473740993     0.832908625035251     0     4     2
40.4169567221688     0.833431723902631     0     4     2
40.4301663857409     0.833461981673998     0     4     2
40.4433763638906     0.833774150711038     0     4     2
40.4565866556934     0.833817021788444     0     4     2
40.4697972602245     0.834032263724308     0     4     2
40.4830081765594     0.834125454987668     0     4     2
40.4962194037737     0.834461538241827     0     4     2
40.5094309409432     0.834651588081963     0     4     2
40.5226427871436     0.834818810289746     0     4     2
40.5358549414509     0.8350551271629     0     4     2
40.5490674029412     0.835304766520043     0     4     2
40.5622801706905     0.835352852780528     0     4     2
40.5754932437751     0.835415916261597     0     4     2
40.5887066212714     0.835710843498964     0     4     2
40.601920302256     0.835856715310473     0     4     2
40.6151342858053     0.836077079900319     0     4     2
40.628348570996     0.836367525025937     0     4     2
40.6415631569051     0.836310701319147     0     4     2
40.6547780426093     0.836590596679512     0     4     2
40.6679932271857     0.836735998002028     0     4     2
40.6812087097115     0.836884505907839     0     4     2
40.6944244892639     0.837043918658976     0     4     2
40.7076405649202     0.837059473428898     0     4     2
40.7208569357578     0.837456722939577     0     4     2
40.7340736008544     0.837567835864931     0     4     2
40.7472905592876     0.837706746145882     0     4     2
40.7605078101351     0.837813266196272     0     4     2
40.7737253524748     0.838039762174668     0     4     2
40.7869431853848     0.838089782766261     0     4     2
40.800161307943     0.83823097410097     0     4     2
40.8133797192277     0.838518796533342     0     4     2
40.8265984183172     0.83850660921089     0     4     2
40.8398174042898     0.838389091127763     0     4     2
40.8530366762241     0.838721948372537     0     4     2
40.8662562331986     0.838889843295507     0     4     2
40.8794760742921     0.838870397619575     0     4     2
40.8926961985833     0.839152240686541     0     4     2
40.9059166051511     0.839218226587865     0     4     2
40.9191372930747     0.839300997044115     0     4     2
40.932358261433     0.839338894264503     0     4     2
40.9455795093053     0.839366430566134     0     4     2
40.9588010357708     0.839606754830041     0     4     2
40.9720228399091     0.839483426678274     0     4     2
40.9852449207996     0.839589618692389     0     4     2
40.9984672775219     0.839789566264807     0     4     2
41.0116899091557     0.839805475557213     0     4     2
41.0249128147808     0.839712167951162     0     4     2
41.0381359934772     0.839873680640631     0     4     2
41.0513594443248     0.839942399413378     0     4     2
41.0645831664038     0.839785007319318     0     4     2
41.0778071587943     0.839877279927383     0     4     2
41.0910314205766     0.840000726354718     0     4     2
41.1042559508312     0.839843245608726     0     4     2
41.1174807486384     0.839832431454914     0     4     2
41.130705813079     0.839868792387371     0     4     2
41.1439311432336     0.839940980806521     0     4     2
41.1571567381829     0.839870702660189     0     4     2
41.1703825970079     0.839913569947686     0     4     2
41.1836087187894     0.839821466983508     0     4     2
41.1968351026086     0.839742096527063     0     4     2
41.2100617475467     0.839716786961937     0     4     2
41.2232886526848     0.839592533798957     0     4     2
41.2365158171043     0.839658690575174     0     4     2
41.2497432398867     0.839483746949106     0     4     2
41.2629709201134     0.839342965001234     0     4     2
41.2761988568661     0.839484548199183     0     4     2
41.2894270492266     0.839417856842727     0     4     2
41.3026554962766     0.839259408614486     0     4     2
41.315884197098     0.839154840794203     0     4     2
41.3291131507728     0.839011085803581     0     4     2
41.3423423563831     0.83888473500077     0     4     2
41.3555718130111     0.838916665967689     0     4     2
41.368801519739     0.838699703345069     0     4     2
41.3820314756491     0.838664548524418     0     4     2
41.395261679824     0.838476803433943     0     4     2
41.4084921313462     0.838430641007862     0     4     2
41.4217228292982     0.838203381330874     0     4     2
41.4349537727627     0.838052837024544     0     4     2
41.4481849608227     0.837987459821847     0     4     2
41.4614163925608     0.837775876880519     0     4     2
41.4746480670603     0.837792593470545     0     4     2
41.487879983404     0.837521598239995     0     4     2
41.5011121406751     0.83749354140665     0     4     2
41.5143445379569     0.837280688268088     0     4     2
41.5275771743327     0.837005718240244     0     4     2
41.5408100488858     0.836856315094834     0     4     2
41.5540431606999     0.836525109591292     0     4     2
41.5672765088584     0.836551296341265     0     4     2
41.580510092445     0.836521742538415     0     4     2
41.5937439105435     0.836167462214301     0     4     2
41.6069779622377     0.836027403007862     0     4     2
41.6202122466115     0.835652184302994     0     4     2
41.6334467627489     0.835671918961597     0     4     2
41.646681509734     0.835315900269469     0     4     2
41.6599164866509     0.835085409860316     0     4     2
41.673151692584     0.834966597849333     0     4     2
41.6863871266174     0.834702098690949     0     4     2
41.6996227878358     0.834365330038252     0     4     2
41.7128586753234     0.834088801209403     0     4     2
41.726094788165     0.833973773778754     0     4     2
41.7393311254452     0.833485020037441     0     4     2
41.7525676862486     0.833530795664214     0     4     2
41.7658044696602     0.833091328983405     0     4     2
41.7790414747648     0.83275944502287     0     4     2
41.7922787006474     0.832483088757368     0     4     2
41.8055161463931     0.832161703492767     0     4     2
41.8187538110869     0.831684940756793     0     4     2
41.8319916938142     0.831433275635464     0     4     2
41.8452297936601     0.830955509676408     0     4     2
41.8584681097102     0.830548244554326     0     4     2
41.8717066410497     0.830248926811919     0     4     2
41.8849453867643     0.829573265952335     0     4     2
41.8981843459396     0.829407675484265     0     4     2
41.9114235176612     0.828860971384199     0     4     2
41.9246629010149     0.828432834006566     0     4     2
41.9379024950865     0.827837993293229     0     4     2
41.9511422989619     0.827211427207582     0     4     2
41.9643823117272     0.826775842893427     0     4     2
41.9776225324684     0.82593924039885     0     4     2
41.9908629602715     0.825307682878014     0     4     2
42.0041035942229     0.8246190302229     0     4     2
42.0173444334088     0.823722259642418     0     4     2
42.0305854769156     0.822811473906601     0     4     2
42.0438267238296     0.822074704261541     0     4     2
42.0570681732375     0.820964216748397     0     4     2
42.0703098242257     0.819911840451907     0     4     2
42.083551675881     0.818696512241021     0     4     2
42.09679372729     0.817453720853385     0     4     2
42.1100359775395     0.816114599134818     0     4     2
42.1232784257165     0.814659676547259     0     4     2
42.1365210709078     0.813164795716112     0     4     2
42.1497639122005     0.811273410178807     0     4     2
42.1630069486816     0.809530781091068     0     4     2
42.1762501794383     0.807167432146916     0     4     2
42.1894936035578     0.804796795399466     0     4     2
42.2027372201273     0.802340274640338     0     4     2
42.2159810282344     0.799490310334038     0     4     2
42.2292250269662     0.796366847151923     0     4     2
42.2424692154105     0.792973939551228     0     4     2
42.2557135926547     0.788838793465458     0     4     2
42.2689581577864     0.784531045913936     0     4     2
42.2822029098935     0.780091814243884     0     4     2
42.2954478480635     0.774840863916768     0     4     2
42.3086929713844     0.768576355137719     0     4     2
42.3219382789441     0.761442610358246     0     4     2
42.3351837698304     0.753963089835737     0     4     2
42.3484294431316     0.744972559816976     0     4     2
42.3616752979356     0.734831972049706     0     4     2
42.3749213333306     0.723080997806397     0     4     2
42.3881675484049     0.710682710122808     0     4     2
42.4014139422467     0.69690783694986     0     4     2
42.4146605139445     0.679937375978462     0     4     2
42.4279072625865     0.659807159066922     0     4     2
42.4411541872613     0.636077620341885     0     4     2
42.4544012870576     0.608473271616136     0     4     2
42.4676485610637     0.576812713493365     0     4     2
42.4808960083686     0.541509145280865     0     4     2
42.4941436280607     0.499911620059919     0     4     2
42.5073914192291     0.452949387689288     0     4     2
42.5206393809625     0.398475607003444     0     4     2
42.5338875123499     0.339316366364195     0     4     2
42.5471358124802     0.277780208955396     0     4     2
42.5603842804426     0.216090923216506     0     4     2
42.573632915326     0.163043217834889     0     4     2
42.5868817162196     0.121633196152312     0     4     2
42.6001306822128     0.0996183254908583     0     4     2
42.6133798123947     0.0997876395389197     0     4     2
42.6266291058547     0.12370956527594     0     4     2
42.6398785616822     0.168307045805333     0     4     2
42.6531281789667     0.226784939860445     0     4     2
42.6663779567977     0.293391920630314     0     4     2
42.6796278942648     0.35908277824362     0     4     2
42.6928779904575     0.422725528512973     0     4     2
42.7061282444657     0.479869963387658     0     4     2
42.719378655379     0.530605673811135     0     4     2
42.7326292222872     0.573887525161459     0     4     2
42.7458799442802     0.61011132699214     0     4     2
42.759130820448     0.641609802195547     0     4     2
42.7723818498804     0.668389643414034     0     4     2
42.7856330316676     0.690135364799143     0     4     2
42.7988843648995     0.708607296689366     0     4     2
42.8121358486664     0.72508182035091     0     4     2
42.8253874820585     0.739165014334192     0     4     2
42.8386392641659     0.751251637613195     0     4     2
42.8518911940789     0.762352633204927     0     4     2
42.865143270888     0.771823820429758     0     4     2
42.8783954936836     0.780353499941796     0     4     2
42.891647861556     0.788077948550508     0     4     2
42.9049003735958     0.794574957169427     0     4     2
42.9181530288935     0.800059434118195     0     4     2
42.9314058265398     0.805206884184043     0     4     2
42.9446587656254     0.809743892761905     0     4     2
42.9579118452409     0.813828415089093     0     4     2
42.9711650644771     0.817255703071054     0     4     2
42.9844184224248     0.820579630766405     0     4     2
42.9976719181749     0.823307768510074     0     4     2
43.0109255508184     0.82606849301537     0     4     2
43.0241793194461     0.828101832313439     0     4     2
43.0374332231491     0.830345606079877     0     4     2
43.0506872610184     0.832192547097185     0     4     2
43.0639414321452     0.834028179708647     0     4     2
43.0771957356206     0.835636483060534     0     4     2
43.0904501705359     0.83712531132568     0     4     2
43.1037047359822     0.838392459251017     0     4     2
43.1169594310509     0.839567426844344     0     4     2
43.1302142548334     0.840801619810302     0     4     2
43.1434692064209     0.841752176773861     0     4     2
43.1567242849051     0.842812777899342     0     4     2
43.1699794893773     0.843897631994807     0     4     2
43.183234818929     0.844589127828199     0     4     2
43.1964902726519     0.84560868887154     0     4     2
43.2097458496376     0.846326351940291     0     4     2
43.2230015489777     0.846987241296769     0     4     2
43.236257369764     0.847691616529209     0     4     2
43.2495133110882     0.848368651764256     0     4     2
43.2627693720421     0.848824900201486     0     4     2
43.2760255517175     0.849662225780087     0     4     2
43.2892818492064     0.850005145765505     0     4     2
43.3025382636006     0.850628743011323     0     4     2
43.3157947939921     0.851062248006118     0     4     2
43.3290514394729     0.851371464671947     0     4     2
43.3423081991352     0.851965628307445     0     4     2
43.3555650720708     0.852354912779536     0     4     2
43.3688220573721     0.85284676395401     0     4     2
43.3820791541312     0.85323754408009     0     4     2
43.3953363614402     0.853553881923595     0     4     2
43.4085936783915     0.853886100384179     0     4     2
43.4218511040773     0.854174987955954     0     4     2
43.43510863759     0.854518744901379     0     4     2
43.4483662780219     0.854757027273563     0     4     2
43.4616240244654     0.855246210690862     0     4     2
43.4748818760131     0.85560663039276     0     4     2
43.4881398317573     0.85537704434404     0     4     2
43.5013978907905     0.85596656303172     0     4     2
43.5146560522055     0.855868884412705     0     4     2
43.5279143150947     0.856167446647981     0     4     2
43.5411726785508     0.856386411407378     0     4     2
43.5544311416664     0.856841704305654     0     4     2
43.5676897035343     0.85703658953491     0     4     2
43.5809483632472     0.857242961220458     0     4     2
43.5942071198979     0.857291279985139     0     4     2
43.6074659725792     0.857455166792352     0     4     2
43.6207249203839     0.857572166657868     0     4     2
43.6339839624049     0.857790363723559     0     4     2
43.6472430977351     0.857988601006589     0     4     2
43.6605023254675     0.858061132147786     0     4     2
43.6737616446951     0.858312213480475     0     4     2
43.6870210545109     0.858448333360882     0     4     2
43.7002805540078     0.858467565756885     0     4     2
43.7135401422791     0.858695458824809     0     4     2
43.7267998184177     0.85866370912035     0     4     2
43.7400595815169     0.859022952598124     0     4     2
43.7533194306699     0.859096161464999     0     4     2
43.7665793649697     0.859228259303345     0     4     2
43.7798393835097     0.859303887109806     0     4     2
43.7930994853832     0.859397754661238     0     4     2
43.8063596696833     0.859515988558666     0     4     2
43.8196199355036     0.859551640330111     0     4     2
43.8328802819372     0.859701060319177     0     4     2
43.8461407080776     0.859771293794722     0     4     2
43.8594012130182     0.859862934499512     0     4     2
43.8726617958525     0.85988870875204     0     4     2
43.8859224556739     0.859947833090753     0     4     2
43.8991831915758     0.860057171986246     0     4     2
43.912444002652     0.860097220887321     0     4     2
43.9257048879957     0.860159431726436     0     4     2
43.9389658467008     0.860161223089004     0     4     2
43.9522268778607     0.860246831905051     0     4     2
43.9654879805692     0.860470143259761     0     4     2
43.9787491539198     0.86029910370209     0     4     2
43.9920103970062     0.860415673910322     0     4     2
44.0052717089222     0.860508649018262     0     4     2
44.0185330887614     0.86060314303562     0     4     2
44.0317945356177     0.860416256107739     0     4     2
44.0450560485848     0.860584089678531     0     4     2
44.0583176267565     0.860445658947494     0     4     2
44.0715792692266     0.860632680598936     0     4     2
44.0848409750891     0.860582933667415     0     4     2
44.0981027434377     0.860887367220334     0     4     2
44.1113645733664     0.860743316508259     0     4     2
44.1246264639691     0.860915805746192     0     4     2
44.1378884143397     0.860774500805459     0     4     2
44.1511504235722     0.860930132206413     0     4     2
44.1644124907606     0.861030751108908     0     4     2
44.1776746149988     0.861120719673459     0     4     2
44.190936795381     0.860928679218036     0     4     2
44.2041990310011     0.861054223197976     0     4     2
44.2174613209532     0.861114106181991     0     4     2
44.2307236643314     0.861206215052879     0     4     2
44.2439860602298     0.86110293182882     0     4     2
44.2572485077426     0.861167688969979     0     4     2
44.2705110059638     0.861292538034301     0     4     2
44.2837735539876     0.861317041596018     0     4     2
44.2970361509082     0.861181581393328     0     4     2
44.3102987958199     0.861345442714886     0     4     2
44.3235614878167     0.861164482063973     0     4     2
44.336824225993     0.861308915146379     0     4     2
44.3500870094429     0.861307050484669     0     4     2
44.3633498372608     0.861405467476209     0     4     2
44.376612708541     0.861315306292365     0     4     2
44.3898756223776     0.861257812570096     0     4     2
44.4031385778651     0.861499250091623     0     4     2
44.4164015740977     0.861386924426728     0     4     2
44.4296646101698     0.861392119824023     0     4     2
44.4429276851758     0.861443385033277     0     4     2
44.45619079821     0.861351766581602     0     4     2
44.4694539483668     0.86139470155066     0     4     2
44.4827171347406     0.861394150673246     0     4     2
44.4959803564257     0.861346922419633     0     4     2
44.5092436125167     0.861511425395996     0     4     2
44.522506902108     0.861179848051401     0     4     2
44.5357702242939     0.861173232671465     0     4     2
44.549033578169     0.8613872809845     0     4     2
44.5622969628277     0.86134799085585     0     4     2
44.5755603773645     0.861439621984524     0     4     2
44.5888238208739     0.861373235259816     0     4     2
44.6020872924504     0.861439053832515     0     4     2
44.6153507911885     0.861174502281091     0     4     2
44.6286143161827     0.861489609008445     0     4     2
44.6418778665275     0.861098078656374     0     4     2
44.6551414413176     0.861443330758592     0     4     2
44.6684050396474     0.861356115068128     0     4     2
44.6816686606115     0.861156109174845     0     4     2
44.6949323033044     0.861548165894198     0     4     2
44.7081959668207     0.861282953059039     0     4     2
44.7214596502551     0.86132228676836     0     4     2
44.7347233527021     0.861455035406366     0     4     2
44.7479870732562     0.861449480924873     0     4     2
44.7612508110122     0.861518018414431     0     4     2
44.7745145650645     0.861368873613772     0     4     2
44.7877783345079     0.861452625641726     0     4     2
44.8010421184369     0.86152991885274     0     4     2
44.8143059159461     0.861193610595252     0     4     2
44.8275697261302     0.861504882029806     0     4     2
44.8408335480838     0.86110328545416     0     4     2
44.8540973809016     0.861480568521447     0     4     2
44.8673612236781     0.861330579361965     0     4     2
44.8806250755081     0.861333668419852     0     4     2
44.8938889354862     0.861416401661889     0     4     2
44.9071528027069     0.861272391488857     0     4     2
44.9204166762651     0.861447662492777     0     4     2
44.9336805552553     0.861391284876618     0     4     2
44.9469444387722     0.861316398002933     0     4     2
44.9602083259105     0.861257401501432     0     4     2
44.9734722157648     0.861354502206138     0     4     2
44.9867361074297     0.861395868095636     0     4     2
45     0.861112571116524     0     4     2
