44.9867361074297     0.868499250624871     0     -10     10
44.9734722157648     0.868446433433031     0     -10     10
44.9602083259105     0.868304578068636     0     -10     10
44.9469444387722     0.868313480505508     0     -10     10
44.9336805552553     0.868254263197525     0     -10     10
44.9204166762651     0.868154300580696     0     -10     10
44.9071528027069     0.868412844473567     0     -10     10
44.8938889354862     0.868241065145799     0     -10     10
44.8806250755081     0.868203503762572     0     -10     10
44.8673612236781     0.868139094967991     0     -10     10
44.8540973809016     0.86841453926261     0     -10     10
44.8408335480838     0.868215106512544     0     -10     10
44.8275697261302     0.868199834965312     0     -10     10
44.8143059159461     0.86832543625611     0     -10     10
44.8010421184369     0.868213713299391     0     -10     10
44.7877783345079     0.868347312801918     0     -10     10
44.7745145650645     0.868215399867569     0     -10     10
44.7612508110122     0.868168787333197     0     -10     10
44.7479870732562     0.868180756043952     0     -10     10
44.7347233527021     0.868129163790777     0     -10     10
44.7214596502551     0.868053240453184     0     -10     10
44.7081959668207     0.867896922666587     0     -10     10
44.6949323033044     0.867831560461165     0     -10     10
44.6816686606115     0.867888388338127     0     -10     10
44.6684050396474     0.867837256998547     0     -10     10
44.6551414413176     0.867848271470829     0     -10     10
44.6418778665275     0.868055831903661     0     -10     10
44.6286143161827     0.867896052687667     0     -10     10
44.6153507911885     0.86782906855598     0     -10     10
44.6020872924504     0.867633307847914     0     -10     10
44.5888238208739     0.867838633641118     0     -10     10
44.5755603773645     0.867801179346092     0     -10     10
44.5622969628277     0.867615023018862     0     -10     10
44.549033578169     0.867636075945712     0     -10     10
44.5357702242939     0.867737041357196     0     -10     10
44.522506902108     0.867563126093175     0     -10     10
44.5092436125167     0.867607191167962     0     -10     10
44.4959803564257     0.867533101735975     0     -10     10
44.4827171347406     0.867619970135101     0     -10     10
44.4694539483668     0.86743775374436     0     -10     10
44.45619079821     0.867547864508749     0     -10     10
44.4429276851758     0.867658579879353     0     -10     10
44.4296646101698     0.867328337316259     0     -10     10
44.4164015740977     0.867581720112352     0     -10     10
44.4031385778651     0.867276425083111     0     -10     10
44.3898756223776     0.867659737827209     0     -10     10
44.376612708541     0.867029173823726     0     -10     10
44.3633498372608     0.867538850204027     0     -10     10
44.3500870094429     0.867340918202975     0     -10     10
44.336824225993     0.867354665184184     0     -10     10
44.3235614878167     0.867285292939818     0     -10     10
44.3102987958199     0.867464570913895     0     -10     10
44.2970361509082     0.867183765100051     0     -10     10
44.2837735539876     0.867210263616109     0     -10     10
44.2705110059638     0.867348387250835     0     -10     10
44.2572485077426     0.867175009492445     0     -10     10
44.2439860602298     0.866831168166751     0     -10     10
44.2307236643314     0.867252215755797     0     -10     10
44.2174613209532     0.867199237886535     0     -10     10
44.2041990310011     0.867239771514663     0     -10     10
44.190936795381     0.866951148924357     0     -10     10
44.1776746149988     0.866968627562016     0     -10     10
44.1644124907606     0.867001015097186     0     -10     10
44.1511504235722     0.867123641095589     0     -10     10
44.1378884143397     0.867017387237549     0     -10     10
44.1246264639691     0.867125592869689     0     -10     10
44.1113645733664     0.866961757480721     0     -10     10
44.0981027434377     0.866930352202551     0     -10     10
44.0848409750891     0.866760717727969     0     -10     10
44.0715792692266     0.866974161315437     0     -10     10
44.0583176267565     0.866715215295662     0     -10     10
44.0450560485848     0.866990369719745     0     -10     10
44.0317945356177     0.866696568079339     0     -10     10
44.0185330887614     0.866956603241202     0     -10     10
44.0052717089222     0.86689277942646     0     -10     10
43.9920103970062     0.866975311558793     0     -10     10
43.9787491539198     0.866793306473388     0     -10     10
43.9654879805692     0.866960735302388     0     -10     10
43.9522268778607     0.866663184270382     0     -10     10
43.9389658467008     0.86684306360894     0     -10     10
43.9257048879957     0.86674905096954     0     -10     10
43.912444002652     0.866668424627221     0     -10     10
43.8991831915758     0.866894891870248     0     -10     10
43.8859224556739     0.866438050532309     0     -10     10
43.8726617958525     0.866587731970138     0     -10     10
43.8594012130182     0.866171719954031     0     -10     10
43.8461407080776     0.866662228816341     0     -10     10
43.8328802819372     0.866617585769522     0     -10     10
43.8196199355036     0.866689009907732     0     -10     10
43.8063596696833     0.866450556805527     0     -10     10
43.7930994853832     0.866578181995372     0     -10     10
43.7798393835097     0.866482962463605     0     -10     10
43.7665793649697     0.866388931648365     0     -10     10
43.7533194306699     0.866554654891568     0     -10     10
43.7400595815169     0.866503938647544     0     -10     10
43.7267998184177     0.866349638880737     0     -10     10
43.7135401422791     0.866395365648183     0     -10     10
43.7002805540078     0.866139246689961     0     -10     10
43.6870210545109     0.866354324646103     0     -10     10
43.6737616446951     0.866043270621648     0     -10     10
43.6605023254675     0.86625996710354     0     -10     10
43.6472430977351     0.866296057283341     0     -10     10
43.6339839624049     0.866179259490734     0     -10     10
43.6207249203839     0.866297763042497     0     -10     10
43.6074659725792     0.866154594410433     0     -10     10
43.5942071198979     0.866173798362443     0     -10     10
43.5809483632472     0.866333803833703     0     -10     10
43.5676897035343     0.865933644645443     0     -10     10
43.5544311416664     0.866181704628258     0     -10     10
43.5411726785508     0.865697045947356     0     -10     10
43.5279143150947     0.866087179143343     0     -10     10
43.5146560522055     0.866008492099979     0     -10     10
43.5013978907905     0.865852612831622     0     -10     10
43.4881398317573     0.865801068786495     0     -10     10
43.4748818760131     0.865734421774686     0     -10     10
43.4616240244654     0.865979754648583     0     -10     10
43.4483662780219     0.865568511828684     0     -10     10
43.43510863759     0.865634980550765     0     -10     10
43.4218511040773     0.865756359684395     0     -10     10
43.4085936783915     0.865259263117526     0     -10     10
43.3953363614402     0.865886776646687     0     -10     10
43.3820791541312     0.865810332086273     0     -10     10
43.3688220573721     0.865519159687621     0     -10     10
43.3555650720708     0.865715655684115     0     -10     10
43.3423081991352     0.865382183785211     0     -10     10
43.3290514394729     0.865474390152169     0     -10     10
43.3157947939921     0.865383450565124     0     -10     10
43.3025382636006     0.865105537488518     0     -10     10
43.2892818492064     0.865307786987351     0     -10     10
43.2760255517175     0.865127501869913     0     -10     10
43.2627693720421     0.865336959358837     0     -10     10
43.2495133110882     0.865149175347016     0     -10     10
43.236257369764     0.86529519652314     0     -10     10
43.2230015489777     0.865244069689303     0     -10     10
43.2097458496376     0.865012582313063     0     -10     10
43.1964902726519     0.864977855671577     0     -10     10
43.183234818929     0.864381813604449     0     -10     10
43.1699794893773     0.865187456299622     0     -10     10
43.1567242849051     0.864637329282267     0     -10     10
43.1434692064209     0.865113095567733     0     -10     10
43.1302142548334     0.864591754984461     0     -10     10
43.1169594310509     0.865093772741283     0     -10     10
43.1037047359822     0.864461910587184     0     -10     10
43.0904501705359     0.864757444709766     0     -10     10
43.0771957356206     0.864595169383988     0     -10     10
43.0639414321452     0.864584278936503     0     -10     10
43.0506872610184     0.864478972263125     0     -10     10
43.0374332231491     0.864537284634676     0     -10     10
43.0241793194461     0.864345137112134     0     -10     10
43.0109255508184     0.864480863127452     0     -10     10
42.9976719181749     0.864414920878309     0     -10     10
42.9844184224248     0.864438225009599     0     -10     10
42.9711650644771     0.864224166013606     0     -10     10
42.9579118452409     0.864525840751263     0     -10     10
42.9446587656254     0.864139439710977     0     -10     10
42.9314058265398     0.864141227928504     0     -10     10
42.9181530288935     0.86408524829753     0     -10     10
42.9049003735958     0.864255879571596     0     -10     10
42.891647861556     0.864043595102555     0     -10     10
42.8783954936836     0.864116130517744     0     -10     10
42.865143270888     0.864192110402407     0     -10     10
42.8518911940789     0.863933203798122     0     -10     10
42.8386392641659     0.863950006252345     0     -10     10
42.8253874820585     0.86379926208349     0     -10     10
42.8121358486664     0.86398404348531     0     -10     10
42.7988843648995     0.863745949551001     0     -10     10
42.7856330316676     0.863757196864111     0     -10     10
42.7723818498804     0.863647588471262     0     -10     10
42.759130820448     0.86395567247032     0     -10     10
42.7458799442802     0.863281556378073     0     -10     10
42.7326292222872     0.863691638062369     0     -10     10
42.719378655379     0.863379414685672     0     -10     10
42.7061282444657     0.863597589293115     0     -10     10
42.6928779904575     0.863464638671476     0     -10     10
42.6796278942648     0.863584816866247     0     -10     10
42.6663779567977     0.863400315609514     0     -10     10
42.6531281789667     0.863212549338193     0     -10     10
42.6398785616822     0.863227425642646     0     -10     10
42.6266291058547     0.862887122162605     0     -10     10
42.6133798123947     0.86328536821723     0     -10     10
42.6001306822128     0.863041847171496     0     -10     10
42.5868817162196     0.863013296975174     0     -10     10
42.573632915326     0.862845448067752     0     -10     10
42.5603842804426     0.862861238209281     0     -10     10
42.5471358124802     0.862985102604049     0     -10     10
42.5338875123499     0.862661649100782     0     -10     10
42.5206393809625     0.862736141422922     0     -10     10
42.5073914192291     0.862566136842823     0     -10     10
42.4941436280607     0.862618538238542     0     -10     10
42.4808960083686     0.862448167397694     0     -10     10
42.4676485610637     0.862339832474235     0     -10     10
42.4544012870576     0.862294925842338     0     -10     10
42.4411541872613     0.862187681855872     0     -10     10
42.4279072625865     0.86241694753563     0     -10     10
42.4146605139445     0.862280980494931     0     -10     10
42.4014139422467     0.861881520294548     0     -10     10
42.3881675484049     0.861958549325422     0     -10     10
42.3749213333306     0.862002203829067     0     -10     10
42.3616752979356     0.861907995251155     0     -10     10
42.3484294431316     0.861735378433754     0     -10     10
42.3351837698304     0.861868279807724     0     -10     10
42.3219382789441     0.861680866021161     0     -10     10
42.3086929713844     0.8615603975434     0     -10     10
42.2954478480635     0.861696157367135     0     -10     10
42.2822029098935     0.861479989741307     0     -10     10
42.2689581577864     0.861282725929243     0     -10     10
42.2557135926547     0.861536801683069     0     -10     10
42.2424692154105     0.861509818059765     0     -10     10
42.2292250269662     0.861207571122168     0     -10     10
42.2159810282344     0.861142669097581     0     -10     10
42.2027372201273     0.860904124920216     0     -10     10
42.1894936035578     0.860843559209831     0     -10     10
42.1762501794383     0.860723125198979     0     -10     10
42.1630069486816     0.860812490674478     0     -10     10
42.1497639122005     0.860532159357407     0     -10     10
42.1365210709078     0.860456676416393     0     -10     10
42.1232784257165     0.860211007545576     0     -10     10
42.1100359775395     0.860209361362907     0     -10     10
42.09679372729     0.859983700429385     0     -10     10
42.083551675881     0.859740793694551     0     -10     10
42.0703098242257     0.859197132655335     0     -10     10
42.0570681732375     0.858868453582043     0     -10     10
42.0438267238296     0.858349804672728     0     -10     10
42.0305854769156     0.857797200681498     0     -10     10
42.0173444334088     0.857046458939393     0     -10     10
42.0041035942229     0.855592919957393     0     -10     10
41.9908629602715     0.853398993208095     0     -10     10
41.9776225324684     0.851625350939972     0     -10     10
41.9643823117272     0.848013208475711     0     -10     10
41.9511422989619     0.842179285492663     0     -10     10
41.9379024950865     0.834371776727158     0     -10     10
41.9246629010149     0.824802681589249     0     -10     10
41.9114235176612     0.808469909409269     0     -10     10
41.8981843459396     0.784990124054665     0     -10     10
41.8849453867643     0.756929023983854     0     -10     10
41.8717066410497     0.723225989997682     0     -10     10
41.8584681097102     0.654550252824234     0     -10     10
41.8452297936601     0.538108329511192     0     -10     10
41.8319916938142     0.42553189875174     0     -10     10
41.8187538110869     0.409490539556659     0     -10     10
41.8055161463931     0.471080503493359     0     -10     10
41.7922787006474     0.5383619475361     0     -10     10
41.7790414747648     0.591607284854056     0     -10     10
41.7658044696602     0.634017895989232     0     -10     10
41.7525676862486     0.669097591403867     0     -10     10
41.7393311254452     0.689230902750242     0     -10     10
41.726094788165     0.699157875880933     0     -10     10
41.7128586753234     0.710341775112543     0     -10     10
41.6996227878358     0.723574731168155     0     -10     10
41.6863871266174     0.727993439516108     0     -10     10
41.673151692584     0.72733143624277     0     -10     10
41.6599164866509     0.72899412692741     0     -10     10
41.646681509734     0.733902308680106     0     -10     10
41.6334467627489     0.734269816394495     0     -10     10
41.6202122466115     0.729103464863905     0     -10     10
41.6069779622377     0.725705872014274     0     -10     10
41.5937439105435     0.726965450058384     0     -10     10
41.580510092445     0.725196985986481     0     -10     10
41.5672765088584     0.718090477653566     0     -10     10
41.5540431606999     0.712319527439352     0     -10     10
41.5408100488858     0.708656039188571     0     -10     10
41.5275771743327     0.703203540260526     0     -10     10
41.5143445379569     0.689754095730129     0     -10     10
41.5011121406751     0.672606304072231     0     -10     10
41.487879983404     0.65215421321576     0     -10     10
41.4746480670603     0.626092183772767     0     -10     10
41.4614163925608     0.588211938437373     0     -10     10
41.4481849608227     0.544576468975795     0     -10     10
41.4349537727627     0.502350540356404     0     -10     10
41.4217228292982     0.455491569804996     0     -10     10
41.4084921313462     0.4118096969901     0     -10     10
41.395261679824     0.380110588387756     0     -10     10
41.3820314756491     0.345045278934939     0     -10     10
41.368801519739     0.31849331096852     0     -10     10
41.3555718130111     0.316491647671134     0     -10     10
41.3423423563831     0.320379111935917     0     -10     10
41.3291131507728     0.310313319133247     0     -10     10
41.315884197098     0.320579295811663     0     -10     10
41.3026554962766     0.356161999515235     0     -10     10
41.2894270492266     0.372346956427122     0     -10     10
41.2761988568661     0.376682103494029     0     -10     10
41.2629709201134     0.407787304915249     0     -10     10
41.2497432398867     0.443958922766438     0     -10     10
41.2365158171043     0.452134757230207     0     -10     10
41.2232886526848     0.46121108177902     0     -10     10
41.2100617475467     0.490158231690446     0     -10     10
41.1968351026086     0.51243012939711     0     -10     10
41.1836087187894     0.510945556612367     0     -10     10
41.1703825970079     0.520958309264492     0     -10     10
41.1571567381829     0.54444314744067     0     -10     10
41.1439311432336     0.55216535394134     0     -10     10
41.130705813079     0.546032419232697     0     -10     10
41.1174807486384     0.556739294950105     0     -10     10
41.1042559508312     0.571013115928473     0     -10     10
41.0910314205766     0.566286488508061     0     -10     10
41.0778071587943     0.559849705910469     0     -10     10
41.0645831664038     0.570360834956953     0     -10     10
41.0513594443248     0.572340618964352     0     -10     10
41.0381359934772     0.558405200015237     0     -10     10
41.0249128147808     0.555458779890917     0     -10     10
41.0116899091557     0.560365769028959     0     -10     10
40.9984672775219     0.548758815754952     0     -10     10
40.9852449207996     0.531607696494338     0     -10     10
40.9720228399091     0.530719668491324     0     -10     10
40.9588010357708     0.522143723137705     0     -10     10
40.9455795093053     0.499971465944336     0     -10     10
40.932358261433     0.483664909417307     0     -10     10
40.9191372930747     0.477763430222485     0     -10     10
40.9059166051511     0.456417439924878     0     -10     10
40.8926961985833     0.430055628095966     0     -10     10
40.8794760742921     0.413778369553485     0     -10     10
40.8662562331986     0.397744404638589     0     -10     10
40.8530366762241     0.366883531914288     0     -10     10
40.8398174042898     0.34673406288609     0     -10     10
40.8265984183172     0.328221197039798     0     -10     10
40.8133797192277     0.303760787491328     0     -10     10
40.800161307943     0.27968922261408     0     -10     10
40.7869431853848     0.262933727395013     0     -10     10
40.7737253524748     0.239379717024056     0     -10     10
40.7605078101351     0.220897040358121     0     -10     10
40.7472905592876     0.214338471242212     0     -10     10
40.7340736008544     0.198604397539311     0     -10     10
40.7208569357578     0.17937479355103     0     -10     10
40.7076405649202     0.181527399842115     0     -10     10
40.6944244892639     0.181337096292547     0     -10     10
40.6812087097115     0.164872031314238     0     -10     10
40.6679932271857     0.167144208992273     0     -10     10
40.6547780426093     0.183357573497605     0     -10     10
40.6415631569051     0.177436048178035     0     -10     10
40.628348570996     0.171439834417451     0     -10     10
40.6151342858053     0.192558020318156     0     -10     10
40.601920302256     0.207566269929663     0     -10     10
40.5887066212714     0.19866601273834     0     -10     10
40.5754932437751     0.203757156717307     0     -10     10
40.5622801706905     0.230805616313956     0     -10     10
40.5490674029412     0.239662921994412     0     -10     10
40.5358549414509     0.230187414123595     0     -10     10
40.5226427871436     0.240803218016091     0     -10     10
40.5094309409432     0.269003332541107     0     -10     10
40.4962194037737     0.274401288462464     0     -10     10
40.4830081765594     0.26545954688324     0     -10     10
40.4697972602245     0.273823160846825     0     -10     10
40.4565866556934     0.297794062440514     0     -10     10
40.4433763638906     0.304542167575117     0     -10     10
40.4301663857409     0.294405629882909     0     -10     10
40.4169567221688     0.299749327749524     0     -10     10
40.4037473740993     0.320701445546939     0     -10     10
40.3905383424574     0.327593344002533     0     -10     10
40.3773296281681     0.317338690954811     0     -10     10
40.3641212321566     0.315945970576552     0     -10     10
