44.9867361074297     0.855475373583069     0     2     6
44.9734722157648     0.855406512020179     0     2     6
44.9602083259105     0.855375185018106     0     2     6
44.9469444387722     0.855911638263318     0     2     6
44.9336805552553     0.855406925359708     0     2     6
44.9204166762651     0.855606844962531     0     2     6
44.9071528027069     0.855335469995958     0     2     6
44.8938889354862     0.855565436638255     0     2     6
44.8806250755081     0.855594137250197     0     2     6
44.8673612236781     0.855660040782507     0     2     6
44.8540973809016     0.855854410634553     0     2     6
44.8408335480838     0.855352253112629     0     2     6
44.8275697261302     0.855515286357055     0     2     6
44.8143059159461     0.85561908238339     0     2     6
44.8010421184369     0.855523392850862     0     2     6
44.7877783345079     0.855489872283294     0     2     6
44.7745145650645     0.85600109018489     0     2     6
44.7612508110122     0.855350405342501     0     2     6
44.7479870732562     0.855521349034282     0     2     6
44.7347233527021     0.855471736304016     0     2     6
44.7214596502551     0.855545879165917     0     2     6
44.7081959668207     0.85576070969841     0     2     6
44.6949323033044     0.855729558534188     0     2     6
44.6816686606115     0.855658774335367     0     2     6
44.6684050396474     0.855769830620764     0     2     6
44.6551414413176     0.855863852873304     0     2     6
44.6418778665275     0.855610039701355     0     2     6
44.6286143161827     0.855798985820973     0     2     6
44.6153507911885     0.855781389298697     0     2     6
44.6020872924504     0.855776180401318     0     2     6
44.5888238208739     0.855775841418072     0     2     6
44.5755603773645     0.855916667399078     0     2     6
44.5622969628277     0.855688449770592     0     2     6
44.549033578169     0.855975659924781     0     2     6
44.5357702242939     0.855642713171744     0     2     6
44.522506902108     0.855828662096058     0     2     6
44.5092436125167     0.855909285870877     0     2     6
44.4959803564257     0.856211270241144     0     2     6
44.4827171347406     0.855612761120216     0     2     6
44.4694539483668     0.855821754199683     0     2     6
44.45619079821     0.855896608450992     0     2     6
44.4429276851758     0.855868581181096     0     2     6
44.4296646101698     0.855754683535898     0     2     6
44.4164015740977     0.85590437218683     0     2     6
44.4031385778651     0.855896487233322     0     2     6
44.3898756223776     0.855791658813304     0     2     6
44.376612708541     0.856056925423166     0     2     6
44.3633498372608     0.855430968519101     0     2     6
44.3500870094429     0.855864044671477     0     2     6
44.336824225993     0.855754581785758     0     2     6
44.3235614878167     0.855867860253834     0     2     6
44.3102987958199     0.855631161753045     0     2     6
44.2970361509082     0.855969824558877     0     2     6
44.2837735539876     0.856061028444573     0     2     6
44.2705110059638     0.855935541121485     0     2     6
44.2572485077426     0.856062020311341     0     2     6
44.2439860602298     0.855551841931482     0     2     6
44.2307236643314     0.855589669291372     0     2     6
44.2174613209532     0.855538538844901     0     2     6
44.2041990310011     0.855721934697018     0     2     6
44.190936795381     0.855708567737136     0     2     6
44.1776746149988     0.855463981087606     0     2     6
44.1644124907606     0.855516108108122     0     2     6
44.1511504235722     0.855671806918847     0     2     6
44.1378884143397     0.855500844743039     0     2     6
44.1246264639691     0.855560993391334     0     2     6
44.1113645733664     0.855217864234512     0     2     6
44.0981027434377     0.855770489521522     0     2     6
44.0848409750891     0.855393551543948     0     2     6
44.0715792692266     0.855409469046517     0     2     6
44.0583176267565     0.855395988168514     0     2     6
44.0450560485848     0.855422679868147     0     2     6
44.0317945356177     0.855339338566685     0     2     6
44.0185330887614     0.855325406548952     0     2     6
44.0052717089222     0.855262781493102     0     2     6
43.9920103970062     0.855307262401562     0     2     6
43.9787491539198     0.855502550986594     0     2     6
43.9654879805692     0.855295226437191     0     2     6
43.9522268778607     0.855251387401139     0     2     6
43.9389658467008     0.855474817874671     0     2     6
43.9257048879957     0.855116372860289     0     2     6
43.912444002652     0.855350727746434     0     2     6
43.8991831915758     0.855519890282729     0     2     6
43.8859224556739     0.855575556819386     0     2     6
43.8726617958525     0.855552295985643     0     2     6
43.8594012130182     0.855203390961766     0     2     6
43.8461407080776     0.855115656602576     0     2     6
43.8328802819372     0.85517967153359     0     2     6
43.8196199355036     0.85496636397757     0     2     6
43.8063596696833     0.85523377864812     0     2     6
43.7930994853832     0.854906123677475     0     2     6
43.7798393835097     0.855162895172344     0     2     6
43.7665793649697     0.855190874259598     0     2     6
43.7533194306699     0.855078447527415     0     2     6
43.7400595815169     0.854797099725583     0     2     6
43.7267998184177     0.854784852823933     0     2     6
43.7135401422791     0.854627109834783     0     2     6
43.7002805540078     0.855158756996957     0     2     6
43.6870210545109     0.854801097776089     0     2     6
43.6737616446951     0.854733110248704     0     2     6
43.6605023254675     0.855055490045637     0     2     6
43.6472430977351     0.854778931260062     0     2     6
43.6339839624049     0.854721869216628     0     2     6
43.6207249203839     0.854776342222413     0     2     6
43.6074659725792     0.854518177647126     0     2     6
43.5942071198979     0.854235096145603     0     2     6
43.5809483632472     0.853880904365408     0     2     6
43.5676897035343     0.854380497821198     0     2     6
43.5544311416664     0.854338222836544     0     2     6
43.5411726785508     0.854084455350209     0     2     6
43.5279143150947     0.854356241069564     0     2     6
43.5146560522055     0.854438160374033     0     2     6
43.5013978907905     0.854283263277095     0     2     6
43.4881398317573     0.854182444776628     0     2     6
43.4748818760131     0.854438106230201     0     2     6
43.4616240244654     0.854389663558724     0     2     6
43.4483662780219     0.854586074611696     0     2     6
43.43510863759     0.853851306912592     0     2     6
43.4218511040773     0.854057832001305     0     2     6
43.4085936783915     0.853875483688498     0     2     6
43.3953363614402     0.853973977071349     0     2     6
43.3820791541312     0.85414175201512     0     2     6
43.3688220573721     0.853709818535886     0     2     6
43.3555650720708     0.853552041165457     0     2     6
43.3423081991352     0.853820615604529     0     2     6
43.3290514394729     0.853824193628097     0     2     6
43.3157947939921     0.853561341179616     0     2     6
43.3025382636006     0.853835254015131     0     2     6
43.2892818492064     0.853275952489002     0     2     6
43.2760255517175     0.853369177159038     0     2     6
43.2627693720421     0.853315052804347     0     2     6
43.2495133110882     0.852970776425195     0     2     6
43.236257369764     0.853369559084137     0     2     6
43.2230015489777     0.853149142409346     0     2     6
43.2097458496376     0.852971878543511     0     2     6
43.1964902726519     0.852829351105446     0     2     6
43.183234818929     0.85296331107799     0     2     6
43.1699794893773     0.85272680426887     0     2     6
43.1567242849051     0.852565597816841     0     2     6
43.1434692064209     0.852641288162366     0     2     6
43.1302142548334     0.852480113523433     0     2     6
43.1169594310509     0.852248258957875     0     2     6
43.1037047359822     0.852161112554695     0     2     6
43.0904501705359     0.852074514283018     0     2     6
43.0771957356206     0.851958465789424     0     2     6
43.0639414321452     0.851577469073499     0     2     6
43.0506872610184     0.851685303116226     0     2     6
43.0374332231491     0.851651992225205     0     2     6
43.0241793194461     0.851434286570703     0     2     6
43.0109255508184     0.851254757007805     0     2     6
42.9976719181749     0.851065702397868     0     2     6
42.9844184224248     0.851174960569791     0     2     6
42.9711650644771     0.850852007920868     0     2     6
42.9579118452409     0.850646047014801     0     2     6
42.9446587656254     0.850434867230949     0     2     6
42.9314058265398     0.850326654401136     0     2     6
42.9181530288935     0.849882047662403     0     2     6
42.9049003735958     0.850088866908106     0     2     6
42.891647861556     0.849531026440316     0     2     6
42.8783954936836     0.849695758663063     0     2     6
42.865143270888     0.849420314343996     0     2     6
42.8518911940789     0.848696248801295     0     2     6
42.8386392641659     0.848875344079439     0     2     6
42.8253874820585     0.848754663326967     0     2     6
42.8121358486664     0.848141088719231     0     2     6
42.7988843648995     0.847987488600605     0     2     6
42.7856330316676     0.847413587161625     0     2     6
42.7723818498804     0.847256712603528     0     2     6
42.759130820448     0.846774766788276     0     2     6
42.7458799442802     0.84627216495283     0     2     6
42.7326292222872     0.845893078401899     0     2     6
42.719378655379     0.845318291252997     0     2     6
42.7061282444657     0.845205971754103     0     2     6
42.6928779904575     0.84505146286083     0     2     6
42.6796278942648     0.844045112023252     0     2     6
42.6663779567977     0.843556227716194     0     2     6
42.6531281789667     0.842949850536154     0     2     6
42.6398785616822     0.842258952883169     0     2     6
42.6266291058547     0.841920847542273     0     2     6
42.6133798123947     0.841392736512434     0     2     6
42.6001306822128     0.840766389003287     0     2     6
42.5868817162196     0.840797816447285     0     2     6
42.573632915326     0.840424192817596     0     2     6
42.5603842804426     0.84023379637853     0     2     6
42.5471358124802     0.839368992209128     0     2     6
42.5338875123499     0.839256242101778     0     2     6
42.5206393809625     0.838746405349533     0     2     6
42.5073914192291     0.838042332791289     0     2     6
42.4941436280607     0.837526309915653     0     2     6
42.4808960083686     0.836663931225341     0     2     6
42.4676485610637     0.836119142270878     0     2     6
42.4544012870576     0.835011006634178     0     2     6
42.4411541872613     0.834439885059065     0     2     6
42.4279072625865     0.833548976857338     0     2     6
42.4146605139445     0.832720377175301     0     2     6
42.4014139422467     0.831461823965338     0     2     6
42.3881675484049     0.830470096667789     0     2     6
42.3749213333306     0.829516381003425     0     2     6
42.3616752979356     0.828265828400773     0     2     6
42.3484294431316     0.827110016614446     0     2     6
42.3351837698304     0.825735125282972     0     2     6
42.3219382789441     0.824740516180598     0     2     6
42.3086929713844     0.822620617289248     0     2     6
42.2954478480635     0.821488420611456     0     2     6
42.2822029098935     0.819767714579792     0     2     6
42.2689581577864     0.818151422883788     0     2     6
42.2557135926547     0.816591735359561     0     2     6
42.2424692154105     0.814869044665966     0     2     6
42.2292250269662     0.812772177999439     0     2     6
42.2159810282344     0.810811060245608     0     2     6
42.2027372201273     0.808883613716724     0     2     6
42.1894936035578     0.806390132150597     0     2     6
42.1762501794383     0.804045004642017     0     2     6
42.1630069486816     0.801874798736636     0     2     6
42.1497639122005     0.799448359100266     0     2     6
42.1365210709078     0.796712347691341     0     2     6
42.1232784257165     0.793731548158146     0     2     6
42.1100359775395     0.790803476537135     0     2     6
42.09679372729     0.78769395387756     0     2     6
42.083551675881     0.785007617731533     0     2     6
42.0703098242257     0.781108429056821     0     2     6
42.0570681732375     0.777826854681241     0     2     6
42.0438267238296     0.774249624734532     0     2     6
42.0305854769156     0.770784659668717     0     2     6
42.0173444334088     0.765916485983589     0     2     6
42.0041035942229     0.762910033476333     0     2     6
41.9908629602715     0.758530035296174     0     2     6
41.9776225324684     0.754038634450136     0     2     6
41.9643823117272     0.749443319799314     0     2     6
41.9511422989619     0.744872365243607     0     2     6
41.9379024950865     0.739508809941085     0     2     6
41.9246629010149     0.734591768214356     0     2     6
41.9114235176612     0.729493374385669     0     2     6
41.8981843459396     0.723941136136561     0     2     6
41.8849453867643     0.718469093603473     0     2     6
41.8717066410497     0.712779663055927     0     2     6
41.8584681097102     0.706860799198257     0     2     6
41.8452297936601     0.70059467079141     0     2     6
41.8319916938142     0.693927558284821     0     2     6
41.8187538110869     0.687717696744309     0     2     6
41.8055161463931     0.680478120791374     0     2     6
41.7922787006474     0.673753686426992     0     2     6
41.7790414747648     0.666814038312523     0     2     6
41.7658044696602     0.659256341803168     0     2     6
41.7525676862486     0.65160817262761     0     2     6
41.7393311254452     0.644116078373138     0     2     6
41.726094788165     0.636051426183882     0     2     6
41.7128586753234     0.628007723497739     0     2     6
41.6996227878358     0.620017067659263     0     2     6
41.6863871266174     0.610716654605787     0     2     6
41.673151692584     0.602181677179836     0     2     6
41.6599164866509     0.592776747647628     0     2     6
41.646681509734     0.583564937849396     0     2     6
41.6334467627489     0.573885380279924     0     2     6
41.6202122466115     0.564954450440758     0     2     6
41.6069779622377     0.555367229676863     0     2     6
41.5937439105435     0.545504043790356     0     2     6
41.580510092445     0.535317170028323     0     2     6
41.5672765088584     0.52422066858234     0     2     6
41.5540431606999     0.514445133813127     0     2     6
41.5408100488858     0.503549013614721     0     2     6
41.5275771743327     0.492685105772262     0     2     6
41.5143445379569     0.481889768519538     0     2     6
41.5011121406751     0.471041020465469     0     2     6
41.487879983404     0.459342462570648     0     2     6
41.4746480670603     0.448442968194451     0     2     6
41.4614163925608     0.43564020213806     0     2     6
41.4481849608227     0.424201821350753     0     2     6
41.4349537727627     0.411962247294635     0     2     6
41.4217228292982     0.399974883116126     0     2     6
41.4084921313462     0.386718770282057     0     2     6
41.395261679824     0.374656827939672     0     2     6
41.3820314756491     0.362327942814464     0     2     6
41.368801519739     0.350374713979173     0     2     6
41.3555718130111     0.337208556320635     0     2     6
41.3423423563831     0.325497330201976     0     2     6
41.3291131507728     0.313320326729546     0     2     6
41.315884197098     0.301641839718668     0     2     6
41.3026554962766     0.290134580005833     0     2     6
41.2894270492266     0.279659674976295     0     2     6
41.2761988568661     0.266646821813324     0     2     6
41.2629709201134     0.257156207289974     0     2     6
41.2497432398867     0.246089918827133     0     2     6
41.2365158171043     0.236432932457834     0     2     6
41.2232886526848     0.226072785249515     0     2     6
41.2100617475467     0.217365364000062     0     2     6
41.1968351026086     0.207342891044113     0     2     6
41.1836087187894     0.198141071346522     0     2     6
41.1703825970079     0.189580885647475     0     2     6
41.1571567381829     0.180402533955403     0     2     6
41.1439311432336     0.173220077903337     0     2     6
41.130705813079     0.165291202817431     0     2     6
41.1174807486384     0.158079461903991     0     2     6
41.1042559508312     0.151260989257489     0     2     6
41.0910314205766     0.144792340195796     0     2     6
41.0778071587943     0.138415033681017     0     2     6
41.0645831664038     0.132709193487463     0     2     6
41.0513594443248     0.127746845405966     0     2     6
41.0381359934772     0.122932230732273     0     2     6
41.0249128147808     0.118732579613891     0     2     6
41.0116899091557     0.115186858858874     0     2     6
40.9984672775219     0.111421863076495     0     2     6
40.9852449207996     0.107522263104055     0     2     6
40.9720228399091     0.104307179439435     0     2     6
40.9588010357708     0.101741338065475     0     2     6
40.9455795093053     0.0996035492410293     0     2     6
40.932358261433     0.0975496784984036     0     2     6
40.9191372930747     0.0960643210021195     0     2     6
40.9059166051511     0.0944011801213323     0     2     6
40.8926961985833     0.0932661315227731     0     2     6
40.8794760742921     0.092149480397036     0     2     6
40.8662562331986     0.0917575132395262     0     2     6
40.8530366762241     0.091057160680069     0     2     6
40.8398174042898     0.0912868509354763     0     2     6
40.8265984183172     0.0908433667110339     0     2     6
40.8133797192277     0.0899636954080739     0     2     6
40.800161307943     0.0903871414087568     0     2     6
40.7869431853848     0.0903691461314899     0     2     6
40.7737253524748     0.0906178587269425     0     2     6
40.7605078101351     0.0905968177207597     0     2     6
40.7472905592876     0.0911218720102408     0     2     6
40.7340736008544     0.0908923460492431     0     2     6
40.7208569357578     0.091391899739428     0     2     6
40.7076405649202     0.0913681671407829     0     2     6
40.6944244892639     0.0918435881367165     0     2     6
40.6812087097115     0.0927959315155782     0     2     6
40.6679932271857     0.0923847690761977     0     2     6
40.6547780426093     0.0931832219679078     0     2     6
40.6415631569051     0.093578137133815     0     2     6
40.628348570996     0.0935872466802595     0     2     6
40.6151342858053     0.0937493080844562     0     2     6
40.601920302256     0.0939329065610638     0     2     6
40.5887066212714     0.0943619305188288     0     2     6
40.5754932437751     0.0946209808449334     0     2     6
40.5622801706905     0.0947281311485318     0     2     6
40.5490674029412     0.0941366673498048     0     2     6
40.5358549414509     0.0945237632823305     0     2     6
40.5226427871436     0.0949735829479607     0     2     6
40.5094309409432     0.094610364945     0     2     6
40.4962194037737     0.0946279599346773     0     2     6
40.4830081765594     0.0946906802012421     0     2     6
40.4697972602245     0.0944811598851241     0     2     6
40.4565866556934     0.094275907786941     0     2     6
40.4433763638906     0.0944024239387307     0     2     6
40.4301663857409     0.0938439960396962     0     2     6
40.4169567221688     0.0942938505873148     0     2     6
40.4037473740993     0.0937147136620567     0     2     6
40.3905383424574     0.093428821864261     0     2     6
40.3773296281681     0.0930324973590627     0     2     6
40.3641212321566     0.0933559784111397     0     2     6
