40.3773296281681     0.0913406438072089     0     -4     10
40.3905383424574     0.0912455003923879     0     -4     10
40.4037473740993     0.090816261723764     0     -4     10
40.4169567221688     0.0912995491153205     0     -4     10
40.4301663857409     0.0910338348096195     0     -4     10
40.4433763638906     0.0910172369729864     0     -4     10
40.4565866556934     0.0906234462609547     0     -4     10
40.4697972602245     0.0908791052517549     0     -4     10
40.4830081765594     0.0908970877714403     0     -4     10
40.4962194037737     0.0905232725920576     0     -4     10
40.5094309409432     0.0911658374732699     0     -4     10
40.5226427871436     0.0916623242827287     0     -4     10
40.5358549414509     0.091534185703789     0     -4     10
40.5490674029412     0.0912156601660622     0     -4     10
40.5622801706905     0.0908525196903551     0     -4     10
40.5754932437751     0.0909366333864196     0     -4     10
40.5887066212714     0.0913364923296733     0     -4     10
40.601920302256     0.0914013501601244     0     -4     10
40.6151342858053     0.0915552056443201     0     -4     10
40.628348570996     0.091529514615681     0     -4     10
40.6415631569051     0.0914289382743356     0     -4     10
40.6547780426093     0.091549701633456     0     -4     10
40.6679932271857     0.0911994961302124     0     -4     10
40.6812087097115     0.0914419325063897     0     -4     10
40.6944244892639     0.0912039932081022     0     -4     10
40.7076405649202     0.0910118439182659     0     -4     10
40.7208569357578     0.0907599572120467     0     -4     10
40.7340736008544     0.091504489584038     0     -4     10
40.7472905592876     0.090730033260867     0     -4     10
40.7605078101351     0.0911052605639316     0     -4     10
40.7737253524748     0.0911510032241971     0     -4     10
40.7869431853848     0.0906466939306598     0     -4     10
40.800161307943     0.090815044221033     0     -4     10
40.8133797192277     0.0910838576718139     0     -4     10
40.8265984183172     0.0905774210651799     0     -4     10
40.8398174042898     0.0906816584048066     0     -4     10
40.8530366762241     0.091424444509294     0     -4     10
40.8662562331986     0.0910132976744673     0     -4     10
40.8794760742921     0.090698584406511     0     -4     10
40.8926961985833     0.0910033503863758     0     -4     10
40.9059166051511     0.0909102237648138     0     -4     10
40.9191372930747     0.0906328296882773     0     -4     10
40.932358261433     0.0906938737245034     0     -4     10
40.9455795093053     0.0907085117126591     0     -4     10
40.9588010357708     0.0905101099913763     0     -4     10
40.9720228399091     0.0902797127252421     0     -4     10
40.9852449207996     0.0904470806408665     0     -4     10
40.9984672775219     0.0902119082520117     0     -4     10
41.0116899091557     0.0903237174109635     0     -4     10
41.0249128147808     0.0902238469394306     0     -4     10
41.0381359934772     0.0900307121407813     0     -4     10
41.0513594443248     0.090178004610273     0     -4     10
41.0645831664038     0.0899762277749122     0     -4     10
41.0778071587943     0.0901298151053621     0     -4     10
41.0910314205766     0.0900408490534107     0     -4     10
41.1042559508312     0.0893892682881722     0     -4     10
41.1174807486384     0.0893225131813678     0     -4     10
41.130705813079     0.0892558637905959     0     -4     10
41.1439311432336     0.0892147120084286     0     -4     10
41.1571567381829     0.0892983199070506     0     -4     10
41.1703825970079     0.0891628009471223     0     -4     10
41.1836087187894     0.0889634482058622     0     -4     10
41.1968351026086     0.0886636966248849     0     -4     10
41.2100617475467     0.0890729950158534     0     -4     10
41.2232886526848     0.0884041437024015     0     -4     10
41.2365158171043     0.088972236655178     0     -4     10
41.2497432398867     0.088723514282906     0     -4     10
41.2629709201134     0.0888023371058374     0     -4     10
41.2761988568661     0.088691793265728     0     -4     10
41.2894270492266     0.0883755408567682     0     -4     10
41.3026554962766     0.0882967005319552     0     -4     10
41.315884197098     0.0883699445605622     0     -4     10
41.3291131507728     0.08827516110174     0     -4     10
41.3423423563831     0.0880158085067029     0     -4     10
41.3555718130111     0.0883202237444246     0     -4     10
41.368801519739     0.0881060792199938     0     -4     10
41.3820314756491     0.0881774975262352     0     -4     10
41.395261679824     0.0881230892285075     0     -4     10
41.4084921313462     0.0890165708281121     0     -4     10
41.4217228292982     0.0884857058744783     0     -4     10
41.4349537727627     0.0888054583794381     0     -4     10
41.4481849608227     0.0888582554956866     0     -4     10
41.4614163925608     0.0889360538267402     0     -4     10
41.4746480670603     0.0891250516377563     0     -4     10
41.487879983404     0.0889327284878165     0     -4     10
41.5011121406751     0.0892909829170001     0     -4     10
41.5143445379569     0.0891116262375543     0     -4     10
41.5275771743327     0.0891330131436261     0     -4     10
41.5408100488858     0.0893320002709291     0     -4     10
41.5540431606999     0.0889489806502796     0     -4     10
41.5672765088584     0.0889878710208646     0     -4     10
41.580510092445     0.0893341203821994     0     -4     10
41.5937439105435     0.0888108193722495     0     -4     10
41.6069779622377     0.0885155325893234     0     -4     10
41.6202122466115     0.0889315806865872     0     -4     10
41.6334467627489     0.0892551354741979     0     -4     10
41.646681509734     0.0893680470916568     0     -4     10
41.6599164866509     0.0891277760023672     0     -4     10
41.673151692584     0.0891255555017634     0     -4     10
41.6863871266174     0.0893607227871742     0     -4     10
41.6996227878358     0.0888762695542192     0     -4     10
41.7128586753234     0.088856487870394     0     -4     10
41.726094788165     0.0892466685343248     0     -4     10
41.7393311254452     0.0891538938055438     0     -4     10
41.7525676862486     0.089287586584571     0     -4     10
41.7658044696602     0.0886941801813967     0     -4     10
41.7790414747648     0.0888364225883137     0     -4     10
41.7922787006474     0.0888707878132469     0     -4     10
41.8055161463931     0.0888499899349971     0     -4     10
41.8187538110869     0.0885506707570493     0     -4     10
41.8319916938142     0.0889984901986358     0     -4     10
41.8452297936601     0.0887954838204329     0     -4     10
41.8584681097102     0.0884724426364508     0     -4     10
41.8717066410497     0.0886948610990117     0     -4     10
41.8849453867643     0.0888067620236433     0     -4     10
41.8981843459396     0.0889099940101161     0     -4     10
41.9114235176612     0.0883168858712957     0     -4     10
41.9246629010149     0.0881981132723865     0     -4     10
41.9379024950865     0.088583577913344     0     -4     10
41.9511422989619     0.0880736749771573     0     -4     10
41.9643823117272     0.0880014122071834     0     -4     10
41.9776225324684     0.0881315202198105     0     -4     10
41.9908629602715     0.0879734279728375     0     -4     10
42.0041035942229     0.0879160468487112     0     -4     10
42.0173444334088     0.0877074113927883     0     -4     10
42.0305854769156     0.0873832245419933     0     -4     10
42.0438267238296     0.0875823446931764     0     -4     10
42.0570681732375     0.0875696772953655     0     -4     10
42.0703098242257     0.0877373679857796     0     -4     10
42.083551675881     0.0876006488372022     0     -4     10
42.09679372729     0.0882713820403761     0     -4     10
42.1100359775395     0.0880856550071329     0     -4     10
42.1232784257165     0.0874227777316404     0     -4     10
42.1365210709078     0.0875982782712318     0     -4     10
42.1497639122005     0.0878332995080115     0     -4     10
42.1630069486816     0.0874519181884597     0     -4     10
42.1762501794383     0.0869103589806968     0     -4     10
42.1894936035578     0.087028843832774     0     -4     10
42.2027372201273     0.0868225049102376     0     -4     10
42.2159810282344     0.0869003660824969     0     -4     10
42.2292250269662     0.0865462333618893     0     -4     10
42.2424692154105     0.0869032557004623     0     -4     10
42.2557135926547     0.0865687788251474     0     -4     10
42.2689581577864     0.0870411548321375     0     -4     10
42.2822029098935     0.0868021979350145     0     -4     10
42.2954478480635     0.0868303263318833     0     -4     10
42.3086929713844     0.0869091861089987     0     -4     10
42.3219382789441     0.0869563938538339     0     -4     10
42.3351837698304     0.0867957054127351     0     -4     10
42.3484294431316     0.0863794946339704     0     -4     10
42.3616752979356     0.0864721791908844     0     -4     10
42.3749213333306     0.0863402215626049     0     -4     10
42.3881675484049     0.0857995544727798     0     -4     10
42.4014139422467     0.0861700161525655     0     -4     10
42.4146605139445     0.086195341839445     0     -4     10
42.4279072625865     0.0860873167650343     0     -4     10
42.4411541872613     0.0859299871187189     0     -4     10
42.4544012870576     0.0859525087719474     0     -4     10
42.4676485610637     0.08594880373144     0     -4     10
42.4808960083686     0.0855990201478667     0     -4     10
42.4941436280607     0.0856353545258022     0     -4     10
42.5073914192291     0.0852511713680774     0     -4     10
42.5206393809625     0.0856903834907576     0     -4     10
42.5338875123499     0.0854506494712099     0     -4     10
42.5471358124802     0.0849903010115651     0     -4     10
42.5603842804426     0.0853372025638859     0     -4     10
42.573632915326     0.0854857568760801     0     -4     10
42.5868817162196     0.0847865158817315     0     -4     10
42.6001306822128     0.0853187558607941     0     -4     10
42.6133798123947     0.0851584762662031     0     -4     10
42.6266291058547     0.0853119209815444     0     -4     10
42.6398785616822     0.0850556759245634     0     -4     10
42.6531281789667     0.0853169055548934     0     -4     10
42.6663779567977     0.085315207281808     0     -4     10
42.6796278942648     0.0855712183990566     0     -4     10
42.6928779904575     0.0852618340466128     0     -4     10
42.7061282444657     0.085002160441608     0     -4     10
42.719378655379     0.0850031276366947     0     -4     10
42.7326292222872     0.0845878106679732     0     -4     10
42.7458799442802     0.0844807559458365     0     -4     10
42.759130820448     0.0842078416406865     0     -4     10
42.7723818498804     0.0847136678581492     0     -4     10
42.7856330316676     0.0840363694192515     0     -4     10
42.7988843648995     0.0839675415701289     0     -4     10
42.8121358486664     0.084028960138182     0     -4     10
42.8253874820585     0.0843267806255874     0     -4     10
42.8386392641659     0.0844919662604773     0     -4     10
42.8518911940789     0.0843378804352728     0     -4     10
42.865143270888     0.0844754537153448     0     -4     10
42.8783954936836     0.0843513642284119     0     -4     10
42.891647861556     0.0845169626392905     0     -4     10
42.9049003735958     0.0841873649940646     0     -4     10
42.9181530288935     0.084655551937912     0     -4     10
42.9314058265398     0.0843501525377192     0     -4     10
42.9446587656254     0.0839609843463662     0     -4     10
42.9579118452409     0.0840039586558145     0     -4     10
42.9711650644771     0.0834526537080545     0     -4     10
42.9844184224248     0.0832093613132733     0     -4     10
42.9976719181749     0.0833091074698049     0     -4     10
43.0109255508184     0.0836282651119405     0     -4     10
43.0241793194461     0.0834839524415801     0     -4     10
43.0374332231491     0.0833931863581806     0     -4     10
43.0506872610184     0.0837242299911204     0     -4     10
43.0639414321452     0.0836215177801553     0     -4     10
43.0771957356206     0.0838046652029048     0     -4     10
43.0904501705359     0.0836170434969931     0     -4     10
43.1037047359822     0.0840339344348273     0     -4     10
43.1169594310509     0.0841869091872524     0     -4     10
43.1302142548334     0.0843488429036604     0     -4     10
43.1434692064209     0.0837236352390602     0     -4     10
43.1567242849051     0.0837973289889214     0     -4     10
43.1699794893773     0.0831711404185484     0     -4     10
43.183234818929     0.0831936154512912     0     -4     10
43.1964902726519     0.0833469256102317     0     -4     10
43.2097458496376     0.0828927385250674     0     -4     10
43.2230015489777     0.0830766862592988     0     -4     10
43.236257369764     0.0826752879435641     0     -4     10
43.2495133110882     0.0831558678991339     0     -4     10
43.2627693720421     0.0830639642198121     0     -4     10
43.2760255517175     0.0827387613022589     0     -4     10
43.2892818492064     0.0831452931177928     0     -4     10
43.3025382636006     0.0831813215857345     0     -4     10
43.3157947939921     0.0830855598940081     0     -4     10
43.3290514394729     0.0826273739759496     0     -4     10
43.3423081991352     0.0834195390566986     0     -4     10
43.3555650720708     0.0823163631708324     0     -4     10
43.3688220573721     0.0829021968030232     0     -4     10
43.3820791541312     0.0822768251068599     0     -4     10
43.3953363614402     0.0824515034576311     0     -4     10
43.4085936783915     0.0823074434208857     0     -4     10
43.4218511040773     0.0822113275528216     0     -4     10
43.43510863759     0.0821250003010701     0     -4     10
43.4483662780219     0.0814356696440996     0     -4     10
43.4616240244654     0.081734765715259     0     -4     10
43.4748818760131     0.082073677710814     0     -4     10
43.4881398317573     0.0823691043468094     0     -4     10
43.5013978907905     0.082600131802355     0     -4     10
43.5146560522055     0.0822152245358884     0     -4     10
43.5279143150947     0.082307547885759     0     -4     10
43.5411726785508     0.0819119483514321     0     -4     10
43.5544311416664     0.0814463823055818     0     -4     10
43.5676897035343     0.0812605368136313     0     -4     10
43.5809483632472     0.0810020721790742     0     -4     10
43.5942071198979     0.0813636255641784     0     -4     10
43.6074659725792     0.0808894711976925     0     -4     10
43.6207249203839     0.0806212438683605     0     -4     10
43.6339839624049     0.080721695624892     0     -4     10
43.6472430977351     0.0811238252732972     0     -4     10
43.6605023254675     0.0810547019275785     0     -4     10
43.6737616446951     0.0816992354481589     0     -4     10
43.6870210545109     0.0816971576453625     0     -4     10
43.7002805540078     0.0816705379817354     0     -4     10
43.7135401422791     0.0815727323503191     0     -4     10
43.7267998184177     0.0810054535723285     0     -4     10
43.7400595815169     0.0808325109578067     0     -4     10
43.7533194306699     0.0806147005740239     0     -4     10
43.7665793649697     0.0806378869493615     0     -4     10
43.7798393835097     0.0803849206304139     0     -4     10
43.7930994853832     0.080205975014492     0     -4     10
43.8063596696833     0.0796614167982704     0     -4     10
43.8196199355036     0.0794950157819768     0     -4     10
43.8328802819372     0.0804180673880367     0     -4     10
43.8461407080776     0.0801503889746325     0     -4     10
43.8594012130182     0.0808239273853126     0     -4     10
43.8726617958525     0.0807526481517615     0     -4     10
43.8859224556739     0.0805556592967216     0     -4     10
43.8991831915758     0.0809676426218216     0     -4     10
43.912444002652     0.080441576679221     0     -4     10
43.9257048879957     0.0810167539906206     0     -4     10
43.9389658467008     0.0808687673369411     0     -4     10
43.9522268778607     0.0806372051875266     0     -4     10
43.9654879805692     0.0807316929051936     0     -4     10
43.9787491539198     0.0814638345266591     0     -4     10
43.9920103970062     0.0812922759915594     0     -4     10
44.0052717089222     0.0814272584131288     0     -4     10
44.0185330887614     0.0809057948323424     0     -4     10
44.0317945356177     0.0811353940298026     0     -4     10
44.0450560485848     0.0812004847136172     0     -4     10
44.0583176267565     0.080860437485036     0     -4     10
44.0715792692266     0.0814618285191609     0     -4     10
44.0848409750891     0.0813924936078826     0     -4     10
44.0981027434377     0.0816324478053412     0     -4     10
44.1113645733664     0.0815270832324181     0     -4     10
44.1246264639691     0.0811764059252487     0     -4     10
44.1378884143397     0.0814258568790239     0     -4     10
44.1511504235722     0.0811931694465452     0     -4     10
44.1644124907606     0.0810806787212282     0     -4     10
44.1776746149988     0.0803373077988989     0     -4     10
44.190936795381     0.0807865536704755     0     -4     10
44.2041990310011     0.0805466074907929     0     -4     10
44.2174613209532     0.0804165026180014     0     -4     10
44.2307236643314     0.0802538612586952     0     -4     10
44.2439860602298     0.079713664967334     0     -4     10
44.2572485077426     0.0804192799642777     0     -4     10
44.2705110059638     0.0801862491154856     0     -4     10
44.2837735539876     0.0809323064947359     0     -4     10
44.2970361509082     0.0805302097207357     0     -4     10
44.3102987958199     0.0805087534139949     0     -4     10
44.3235614878167     0.0803343266258312     0     -4     10
44.336824225993     0.0807771757234999     0     -4     10
44.3500870094429     0.0803293939736767     0     -4     10
44.3633498372608     0.0803342718286672     0     -4     10
44.376612708541     0.0806141726250097     0     -4     10
44.3898756223776     0.0804545315313708     0     -4     10
44.4031385778651     0.0802088782108253     0     -4     10
44.4164015740977     0.0796483276832481     0     -4     10
44.4296646101698     0.0799837360219995     0     -4     10
44.4429276851758     0.0796737323243646     0     -4     10
44.45619079821     0.0800256024014499     0     -4     10
44.4694539483668     0.080032589266822     0     -4     10
44.4827171347406     0.0798855707274551     0     -4     10
44.4959803564257     0.0801826058111362     0     -4     10
44.5092436125167     0.0799067491544837     0     -4     10
44.522506902108     0.0803703625640561     0     -4     10
44.5357702242939     0.0796900470424968     0     -4     10
44.549033578169     0.079664967382167     0     -4     10
44.5622969628277     0.0797663356790532     0     -4     10
44.5755603773645     0.0796807566869537     0     -4     10
44.5888238208739     0.0797118727552326     0     -4     10
44.6020872924504     0.0795589227636788     0     -4     10
44.6153507911885     0.0790918786284334     0     -4     10
44.6286143161827     0.0794548881106698     0     -4     10
44.6418778665275     0.0789648667308088     0     -4     10
44.6551414413176     0.0791249725337318     0     -4     10
44.6684050396474     0.0789647739994243     0     -4     10
44.6816686606115     0.0790155935004543     0     -4     10
44.6949323033044     0.0793937937802623     0     -4     10
44.7081959668207     0.0795585352284101     0     -4     10
44.7214596502551     0.0793638096519094     0     -4     10
44.7347233527021     0.079384659075966     0     -4     10
44.7479870732562     0.0792241847191824     0     -4     10
44.7612508110122     0.0795596761122552     0     -4     10
44.7745145650645     0.0791073533871448     0     -4     10
44.7877783345079     0.0788709692025903     0     -4     10
44.8010421184369     0.0790388582285555     0     -4     10
44.8143059159461     0.0784180453013246     0     -4     10
44.8275697261302     0.0781901198893685     0     -4     10
44.8408335480838     0.0781805353533387     0     -4     10
44.8540973809016     0.0786815018704382     0     -4     10
44.8673612236781     0.0786313849170886     0     -4     10
44.8806250755081     0.0784323552500087     0     -4     10
44.8938889354862     0.0786836823596949     0     -4     10
44.9071528027069     0.078763971997138     0     -4     10
44.9204166762651     0.078613508565327     0     -4     10
44.9336805552553     0.0786445453130683     0     -4     10
44.9469444387722     0.078094038467062     0     -4     10
44.9602083259105     0.0778133553552475     0     -4     10
44.9734722157648     0.0777157219483123     0     -4     10
44.9867361074297     0.0779624189179937     0     -4     10
45     0.0776901478834965     0     -4     10
