40.3773296281681     0.320614025937848     0     -6     -8
40.3905383424574     0.337884122348059     0     -6     -8
40.4037473740993     0.357788896000499     0     -6     -8
40.4169567221688     0.372064547495048     0     -6     -8
40.4301663857409     0.381260149970522     0     -6     -8
40.4433763638906     0.399099812521951     0     -6     -8
40.4565866556934     0.417448170334363     0     -6     -8
40.4697972602245     0.423986532490357     0     -6     -8
40.4830081765594     0.43173286118329     0     -6     -8
40.4962194037737     0.448457562349301     0     -6     -8
40.5094309409432     0.457913363634166     0     -6     -8
40.5226427871436     0.456053724806658     0     -6     -8
40.5358549414509     0.462527279453026     0     -6     -8
40.5490674029412     0.474917164994352     0     -6     -8
40.5622801706905     0.471980183846323     0     -6     -8
40.5754932437751     0.465598270090483     0     -6     -8
40.5887066212714     0.472526779560101     0     -6     -8
40.601920302256     0.473681116634686     0     -6     -8
40.6151342858053     0.459340207942892     0     -6     -8
40.628348570996     0.454164262646992     0     -6     -8
40.6415631569051     0.457479137329283     0     -6     -8
40.6547780426093     0.439776983612566     0     -6     -8
40.6679932271857     0.421251783203016     0     -6     -8
40.6812087097115     0.419162401166261     0     -6     -8
40.6944244892639     0.409308980931615     0     -6     -8
40.7076405649202     0.381215272687228     0     -6     -8
40.7208569357578     0.365998967608669     0     -6     -8
40.7340736008544     0.361365188884809     0     -6     -8
40.7472905592876     0.332524954700628     0     -6     -8
40.7605078101351     0.30478535506227     0     -6     -8
40.7737253524748     0.298709011791804     0     -6     -8
40.7869431853848     0.282717131621422     0     -6     -8
40.800161307943     0.25414111720233     0     -6     -8
40.8133797192277     0.24799016379261     0     -6     -8
40.8265984183172     0.250683688335502     0     -6     -8
40.8398174042898     0.237078853303658     0     -6     -8
40.8530366762241     0.237538298939133     0     -6     -8
40.8662562331986     0.257354805814065     0     -6     -8
40.8794760742921     0.270661098782345     0     -6     -8
40.8926961985833     0.289999372819413     0     -6     -8
40.9059166051511     0.321923001513506     0     -6     -8
40.9191372930747     0.352855127998422     0     -6     -8
40.932358261433     0.388094998830594     0     -6     -8
40.9455795093053     0.425272539813455     0     -6     -8
40.9588010357708     0.457623559726984     0     -6     -8
40.9720228399091     0.488015778179883     0     -6     -8
40.9852449207996     0.523034999447967     0     -6     -8
40.9984672775219     0.549442124911795     0     -6     -8
41.0116899091557     0.566414589548974     0     -6     -8
41.0249128147808     0.587839651188138     0     -6     -8
41.0381359934772     0.60853693354063     0     -6     -8
41.0513594443248     0.618998888556405     0     -6     -8
41.0645831664038     0.624702401352863     0     -6     -8
41.0778071587943     0.635508471907184     0     -6     -8
41.0910314205766     0.645937626271433     0     -6     -8
41.1042559508312     0.646814064387341     0     -6     -8
41.1174807486384     0.645117893522277     0     -6     -8
41.130705813079     0.649359721559401     0     -6     -8
41.1439311432336     0.651863230505499     0     -6     -8
41.1571567381829     0.644281397828059     0     -6     -8
41.1703825970079     0.634718622063407     0     -6     -8
41.1836087187894     0.630703565330761     0     -6     -8
41.1968351026086     0.624313919907181     0     -6     -8
41.2100617475467     0.606192037759532     0     -6     -8
41.2232886526848     0.584278957559422     0     -6     -8
41.2365158171043     0.569093351255687     0     -6     -8
41.2497432398867     0.550239477891875     0     -6     -8
41.2629709201134     0.517033897131941     0     -6     -8
41.2761988568661     0.477779647016388     0     -6     -8
41.2894270492266     0.449537156484778     0     -6     -8
41.3026554962766     0.413901389341453     0     -6     -8
41.315884197098     0.367657739321492     0     -6     -8
41.3291131507728     0.32898848041572     0     -6     -8
41.3423423563831     0.317480967313651     0     -6     -8
41.3555718130111     0.316750434154382     0     -6     -8
41.368801519739     0.328337309440397     0     -6     -8
41.3820314756491     0.365097298524735     0     -6     -8
41.395261679824     0.428221344482008     0     -6     -8
41.4084921313462     0.497186862856856     0     -6     -8
41.4217228292982     0.563252347819526     0     -6     -8
41.4349537727627     0.618002805340694     0     -6     -8
41.4481849608227     0.655468235662217     0     -6     -8
41.4614163925608     0.685634314739065     0     -6     -8
41.4746480670603     0.712136503185951     0     -6     -8
41.487879983404     0.732688432003549     0     -6     -8
41.5011121406751     0.745193748299762     0     -6     -8
41.5143445379569     0.754820630987061     0     -6     -8
41.5275771743327     0.765085451676142     0     -6     -8
41.5408100488858     0.772659571571137     0     -6     -8
41.5540431606999     0.774433403972561     0     -6     -8
41.5672765088584     0.77367815644121     0     -6     -8
41.580510092445     0.77428931139538     0     -6     -8
41.5937439105435     0.771527647182295     0     -6     -8
41.6069779622377     0.76157013631596     0     -6     -8
41.6202122466115     0.745760409993597     0     -6     -8
41.6334467627489     0.723381451214731     0     -6     -8
41.646681509734     0.684151658354423     0     -6     -8
41.6599164866509     0.607874987374418     0     -6     -8
41.673151692584     0.509836005656235     0     -6     -8
41.6863871266174     0.460159526115272     0     -6     -8
41.6996227878358     0.525165263749067     0     -6     -8
41.7128586753234     0.655187524980318     0     -6     -8
41.726094788165     0.752372232636248     0     -6     -8
41.7393311254452     0.803559708675957     0     -6     -8
41.7525676862486     0.834112205114413     0     -6     -8
41.7658044696602     0.851137441238989     0     -6     -8
41.7790414747648     0.860407295654494     0     -6     -8
41.7922787006474     0.866144929224553     0     -6     -8
41.8055161463931     0.869841124097672     0     -6     -8
41.8187538110869     0.872531118849419     0     -6     -8
41.8319916938142     0.874888899827267     0     -6     -8
41.8452297936601     0.876428449579647     0     -6     -8
41.8584681097102     0.877565488460354     0     -6     -8
41.8717066410497     0.87836593251268     0     -6     -8
41.8849453867643     0.878531537855913     0     -6     -8
41.8981843459396     0.879065717901336     0     -6     -8
41.9114235176612     0.879389547186513     0     -6     -8
41.9246629010149     0.879764200636683     0     -6     -8
41.9379024950865     0.879622802836155     0     -6     -8
41.9511422989619     0.879833770673366     0     -6     -8
41.9643823117272     0.879717497735838     0     -6     -8
41.9776225324684     0.879807194357628     0     -6     -8
41.9908629602715     0.879630933009294     0     -6     -8
42.0041035942229     0.879750548965382     0     -6     -8
42.0173444334088     0.879753030753849     0     -6     -8
42.0305854769156     0.879836494979886     0     -6     -8
42.0438267238296     0.879547855619957     0     -6     -8
42.0570681732375     0.879741380700709     0     -6     -8
42.0703098242257     0.879493520442381     0     -6     -8
42.083551675881     0.87970772372696     0     -6     -8
42.09679372729     0.879691908559024     0     -6     -8
42.1100359775395     0.879644814673423     0     -6     -8
42.1232784257165     0.879654901239571     0     -6     -8
42.1365210709078     0.879642071022042     0     -6     -8
42.1497639122005     0.879391656118816     0     -6     -8
42.1630069486816     0.87965262784558     0     -6     -8
42.1762501794383     0.879400077122411     0     -6     -8
42.1894936035578     0.879238402715879     0     -6     -8
42.2027372201273     0.879595038746157     0     -6     -8
42.2159810282344     0.879574980976009     0     -6     -8
42.2292250269662     0.879143368777488     0     -6     -8
42.2424692154105     0.879296089081423     0     -6     -8
42.2557135926547     0.879368881047094     0     -6     -8
42.2689581577864     0.879333183922502     0     -6     -8
42.2822029098935     0.87915424546249     0     -6     -8
42.2954478480635     0.879268238474707     0     -6     -8
42.3086929713844     0.8792901031334     0     -6     -8
42.3219382789441     0.879096404003492     0     -6     -8
42.3351837698304     0.879239554277185     0     -6     -8
42.3484294431316     0.878912899084131     0     -6     -8
42.3616752979356     0.878948393397712     0     -6     -8
42.3749213333306     0.879248660034997     0     -6     -8
42.3881675484049     0.87902679262359     0     -6     -8
42.4014139422467     0.879076806287206     0     -6     -8
42.4146605139445     0.878883716293109     0     -6     -8
42.4279072625865     0.878945670399081     0     -6     -8
42.4411541872613     0.878903755375626     0     -6     -8
42.4544012870576     0.879139674155712     0     -6     -8
42.4676485610637     0.878952233644695     0     -6     -8
42.4808960083686     0.878845746583394     0     -6     -8
42.4941436280607     0.879065428420764     0     -6     -8
42.5073914192291     0.878862436118954     0     -6     -8
42.5206393809625     0.878949549940067     0     -6     -8
42.5338875123499     0.878655460163689     0     -6     -8
42.5471358124802     0.878828670177272     0     -6     -8
42.5603842804426     0.878981098043003     0     -6     -8
42.573632915326     0.878774505767113     0     -6     -8
42.5868817162196     0.878886937521454     0     -6     -8
42.6001306822128     0.878847864214667     0     -6     -8
42.6133798123947     0.878848872273529     0     -6     -8
42.6266291058547     0.878602045266492     0     -6     -8
42.6398785616822     0.878752787695944     0     -6     -8
42.6531281789667     0.878686708813871     0     -6     -8
42.6663779567977     0.878647448271628     0     -6     -8
42.6796278942648     0.87852849196522     0     -6     -8
42.6928779904575     0.878745263168869     0     -6     -8
42.7061282444657     0.878483271020326     0     -6     -8
42.719378655379     0.8786079760838     0     -6     -8
42.7326292222872     0.878589853012292     0     -6     -8
42.7458799442802     0.878562993128139     0     -6     -8
42.759130820448     0.878616022360402     0     -6     -8
42.7723818498804     0.878661917531198     0     -6     -8
42.7856330316676     0.878653311694092     0     -6     -8
42.7988843648995     0.878397952869446     0     -6     -8
42.8121358486664     0.878529393316762     0     -6     -8
42.8253874820585     0.878491503213815     0     -6     -8
42.8386392641659     0.878451696909835     0     -6     -8
42.8518911940789     0.878281333044777     0     -6     -8
42.865143270888     0.878414187031846     0     -6     -8
42.8783954936836     0.878318204319218     0     -6     -8
42.891647861556     0.878234114539862     0     -6     -8
42.9049003735958     0.878343913288256     0     -6     -8
42.9181530288935     0.878356652301237     0     -6     -8
42.9314058265398     0.878231972158574     0     -6     -8
42.9446587656254     0.878259623924296     0     -6     -8
42.9579118452409     0.87800621473439     0     -6     -8
42.9711650644771     0.878117540158612     0     -6     -8
42.9844184224248     0.878149700023695     0     -6     -8
42.9976719181749     0.878277688161866     0     -6     -8
43.0109255508184     0.877902706305679     0     -6     -8
43.0241793194461     0.878248414231185     0     -6     -8
43.0374332231491     0.878158807725396     0     -6     -8
43.0506872610184     0.878257516461631     0     -6     -8
43.0639414321452     0.878043593671735     0     -6     -8
43.0771957356206     0.878245749855256     0     -6     -8
43.0904501705359     0.878154724122654     0     -6     -8
43.1037047359822     0.878067640669227     0     -6     -8
43.1169594310509     0.878089779881773     0     -6     -8
43.1302142548334     0.878119802237645     0     -6     -8
43.1434692064209     0.878011692245199     0     -6     -8
43.1567242849051     0.878087976608068     0     -6     -8
43.1699794893773     0.877939786766638     0     -6     -8
43.183234818929     0.877854137283382     0     -6     -8
43.1964902726519     0.878091398272437     0     -6     -8
43.2097458496376     0.877564000652088     0     -6     -8
43.2230015489777     0.87785353405567     0     -6     -8
43.236257369764     0.877914171612068     0     -6     -8
43.2495133110882     0.8779401142368     0     -6     -8
43.2627693720421     0.877926804482144     0     -6     -8
43.2760255517175     0.87773325702745     0     -6     -8
43.2892818492064     0.877774214960065     0     -6     -8
43.3025382636006     0.877888012719848     0     -6     -8
43.3157947939921     0.877675353285761     0     -6     -8
43.3290514394729     0.877734444361176     0     -6     -8
43.3423081991352     0.877754406588886     0     -6     -8
43.3555650720708     0.877889812075261     0     -6     -8
43.3688220573721     0.877521839359088     0     -6     -8
43.3820791541312     0.87743830136829     0     -6     -8
43.3953363614402     0.877845891687819     0     -6     -8
43.4085936783915     0.877663451426092     0     -6     -8
43.4218511040773     0.8776321061833     0     -6     -8
43.43510863759     0.877879157435659     0     -6     -8
43.4483662780219     0.87752167265106     0     -6     -8
43.4616240244654     0.877654999262562     0     -6     -8
43.4748818760131     0.8776733618054     0     -6     -8
43.4881398317573     0.877723452040697     0     -6     -8
43.5013978907905     0.8779676139825     0     -6     -8
43.5146560522055     0.877628057778034     0     -6     -8
43.5279143150947     0.877624292060257     0     -6     -8
43.5411726785508     0.877636959658225     0     -6     -8
43.5544311416664     0.877621155645078     0     -6     -8
43.5676897035343     0.877686325860708     0     -6     -8
43.5809483632472     0.877498666239027     0     -6     -8
43.5942071198979     0.877788416701515     0     -6     -8
43.6074659725792     0.877691053719914     0     -6     -8
43.6207249203839     0.877828486427033     0     -6     -8
43.6339839624049     0.877636240215872     0     -6     -8
43.6472430977351     0.877623088831131     0     -6     -8
43.6605023254675     0.877795099403706     0     -6     -8
43.6737616446951     0.877552510800616     0     -6     -8
43.6870210545109     0.877964614801309     0     -6     -8
43.7002805540078     0.87779123120327     0     -6     -8
43.7135401422791     0.877814305544979     0     -6     -8
43.7267998184177     0.877800241491761     0     -6     -8
43.7400595815169     0.87787533906664     0     -6     -8
43.7533194306699     0.877812538355726     0     -6     -8
43.7665793649697     0.877766141386512     0     -6     -8
43.7798393835097     0.877969311979599     0     -6     -8
43.7930994853832     0.877812827924069     0     -6     -8
43.8063596696833     0.877948399558459     0     -6     -8
43.8196199355036     0.878037671668398     0     -6     -8
43.8328802819372     0.877959349409841     0     -6     -8
43.8461407080776     0.878029835630275     0     -6     -8
43.8594012130182     0.877802126147004     0     -6     -8
43.8726617958525     0.878058645875426     0     -6     -8
43.8859224556739     0.878039490329835     0     -6     -8
43.8991831915758     0.878000135620392     0     -6     -8
43.912444002652     0.878031927542354     0     -6     -8
43.9257048879957     0.87806000603322     0     -6     -8
43.9389658467008     0.878079528292687     0     -6     -8
43.9522268778607     0.877919994620216     0     -6     -8
43.9654879805692     0.878058774532744     0     -6     -8
43.9787491539198     0.87783462029071     0     -6     -8
43.9920103970062     0.877935342087789     0     -6     -8
44.0052717089222     0.878142050836315     0     -6     -8
44.0185330887614     0.877789938239126     0     -6     -8
44.0317945356177     0.878040972473007     0     -6     -8
44.0450560485848     0.877897686856532     0     -6     -8
44.0583176267565     0.877811719305684     0     -6     -8
44.0715792692266     0.877653011824545     0     -6     -8
44.0848409750891     0.877913257718898     0     -6     -8
44.0981027434377     0.877491758129415     0     -6     -8
44.1113645733664     0.877749047632734     0     -6     -8
44.1246264639691     0.877577220620873     0     -6     -8
44.1378884143397     0.877962270522504     0     -6     -8
44.1511504235722     0.87779585033517     0     -6     -8
44.1644124907606     0.877812417715933     0     -6     -8
44.1776746149988     0.877745944665907     0     -6     -8
44.190936795381     0.877717258880616     0     -6     -8
44.2041990310011     0.87771742842405     0     -6     -8
44.2174613209532     0.877623340803406     0     -6     -8
44.2307236643314     0.877736198770113     0     -6     -8
44.2439860602298     0.877692105883468     0     -6     -8
44.2572485077426     0.87757808164542     0     -6     -8
44.2705110059638     0.877750281634126     0     -6     -8
44.2837735539876     0.877437391913379     0     -6     -8
44.2970361509082     0.877567128443231     0     -6     -8
44.3102987958199     0.87762796692007     0     -6     -8
44.3235614878167     0.877712514042639     0     -6     -8
44.336824225993     0.877641299552609     0     -6     -8
44.3500870094429     0.877480982993335     0     -6     -8
44.3633498372608     0.877661129413055     0     -6     -8
44.376612708541     0.877368828392637     0     -6     -8
44.3898756223776     0.877437782782113     0     -6     -8
44.4031385778651     0.877401415599212     0     -6     -8
44.4164015740977     0.877516933075763     0     -6     -8
44.4296646101698     0.877377702193849     0     -6     -8
44.4429276851758     0.877411878636243     0     -6     -8
44.45619079821     0.877414688393693     0     -6     -8
44.4694539483668     0.877228527264975     0     -6     -8
44.4827171347406     0.877424662309919     0     -6     -8
44.4959803564257     0.877279585426399     0     -6     -8
44.5092436125167     0.877424622966595     0     -6     -8
44.522506902108     0.877235777802309     0     -6     -8
44.5357702242939     0.877353110037606     0     -6     -8
44.549033578169     0.877290283183486     0     -6     -8
44.5622969628277     0.877123893099631     0     -6     -8
44.5755603773645     0.877047458937325     0     -6     -8
44.5888238208739     0.877178770573065     0     -6     -8
44.6020872924504     0.877097847413438     0     -6     -8
44.6153507911885     0.877178086598088     0     -6     -8
44.6286143161827     0.877196300173421     0     -6     -8
44.6418778665275     0.877127411643158     0     -6     -8
44.6551414413176     0.877099236121939     0     -6     -8
44.6684050396474     0.877165670954771     0     -6     -8
44.6816686606115     0.877158480047158     0     -6     -8
44.6949323033044     0.876875910504694     0     -6     -8
44.7081959668207     0.877131651480519     0     -6     -8
44.7214596502551     0.877014233373442     0     -6     -8
44.7347233527021     0.876972159763504     0     -6     -8
44.7479870732562     0.877065213142747     0     -6     -8
44.7612508110122     0.877163673688074     0     -6     -8
44.7745145650645     0.877018735316064     0     -6     -8
44.7877783345079     0.876913793248846     0     -6     -8
44.8010421184369     0.87685199031755     0     -6     -8
44.8143059159461     0.876827835230998     0     -6     -8
44.8275697261302     0.877143223801672     0     -6     -8
44.8408335480838     0.876910649410117     0     -6     -8
44.8540973809016     0.876907409089208     0     -6     -8
44.8673612236781     0.876883585029962     0     -6     -8
44.8806250755081     0.876937735451435     0     -6     -8
44.8938889354862     0.8767208678326     0     -6     -8
44.9071528027069     0.876633911195763     0     -6     -8
44.9204166762651     0.876909135120883     0     -6     -8
44.9336805552553     0.876519921552142     0     -6     -8
44.9469444387722     0.876614862285087     0     -6     -8
44.9602083259105     0.876754479364032     0     -6     -8
44.9734722157648     0.876713805735132     0     -6     -8
44.9867361074297     0.876633536523189     0     -6     -8
45     0.876652565015633     0     -6     -8
