40.3773296281681     0.0951307767408333     0     8     -6
40.3905383424574     0.0948904990480243     0     8     -6
40.4037473740993     0.0947525562463667     0     8     -6
40.4169567221688     0.0946368929627332     0     8     -6
40.4301663857409     0.0945675626675832     0     8     -6
40.4433763638906     0.0943120602682467     0     8     -6
40.4565866556934     0.0941191116795083     0     8     -6
40.4697972602245     0.0938648090216521     0     8     -6
40.4830081765594     0.0935278005762083     0     8     -6
40.4962194037737     0.0933883022622949     0     8     -6
40.5094309409432     0.0931825199631733     0     8     -6
40.5226427871436     0.0929534389456172     0     8     -6
40.5358549414509     0.0926007407256408     0     8     -6
40.5490674029412     0.0924078701589153     0     8     -6
40.5622801706905     0.092366749555138     0     8     -6
40.5754932437751     0.0923265831082535     0     8     -6
40.5887066212714     0.0922964481638627     0     8     -6
40.601920302256     0.0923975701008817     0     8     -6
40.6151342858053     0.0925174696280749     0     8     -6
40.628348570996     0.0925944808390462     0     8     -6
40.6415631569051     0.0929350031303114     0     8     -6
40.6547780426093     0.0932987955521181     0     8     -6
40.6679932271857     0.0939576393263271     0     8     -6
40.6812087097115     0.0946371327793931     0     8     -6
40.6944244892639     0.0955058500199259     0     8     -6
40.7076405649202     0.0967288178197647     0     8     -6
40.7208569357578     0.0983990009767915     0     8     -6
40.7340736008544     0.100114189422263     0     8     -6
40.7472905592876     0.102096475320442     0     8     -6
40.7605078101351     0.104505587956236     0     8     -6
40.7737253524748     0.107303306297263     0     8     -6
40.7869431853848     0.109948516016744     0     8     -6
40.800161307943     0.113043339609125     0     8     -6
40.8133797192277     0.116631038707669     0     8     -6
40.8265984183172     0.120668157449243     0     8     -6
40.8398174042898     0.124869697718049     0     8     -6
40.8530366762241     0.129612758225969     0     8     -6
40.8662562331986     0.134469159220777     0     8     -6
40.8794760742921     0.139575081501201     0     8     -6
40.8926961985833     0.145244358172243     0     8     -6
40.9059166051511     0.151614247575927     0     8     -6
40.9191372930747     0.158284901364988     0     8     -6
40.932358261433     0.165303625169669     0     8     -6
40.9455795093053     0.17263471121446     0     8     -6
40.9588010357708     0.180008250727964     0     8     -6
40.9720228399091     0.188065805587565     0     8     -6
40.9852449207996     0.196422923807947     0     8     -6
40.9984672775219     0.205169380124446     0     8     -6
41.0116899091557     0.213976481813632     0     8     -6
41.0249128147808     0.223302014971564     0     8     -6
41.0381359934772     0.232433422743543     0     8     -6
41.0513594443248     0.242091837515895     0     8     -6
41.0645831664038     0.252387949053348     0     8     -6
41.0778071587943     0.262686806011286     0     8     -6
41.0910314205766     0.273365365227043     0     8     -6
41.1042559508312     0.284427497713404     0     8     -6
41.1174807486384     0.295591401093273     0     8     -6
41.130705813079     0.306831310116768     0     8     -6
41.1439311432336     0.31795999784535     0     8     -6
41.1571567381829     0.329265893323581     0     8     -6
41.1703825970079     0.340863843597241     0     8     -6
41.1836087187894     0.352537279564498     0     8     -6
41.1968351026086     0.363965731535323     0     8     -6
41.2100617475467     0.374774991514611     0     8     -6
41.2232886526848     0.386530850288386     0     8     -6
41.2365158171043     0.398538675505037     0     8     -6
41.2497432398867     0.409868763163422     0     8     -6
41.2629709201134     0.4206785159493     0     8     -6
41.2761988568661     0.431546075490295     0     8     -6
41.2894270492266     0.442677693605419     0     8     -6
41.3026554962766     0.453474103072676     0     8     -6
41.315884197098     0.463752905732413     0     8     -6
41.3291131507728     0.474540800292075     0     8     -6
41.3423423563831     0.485291042459702     0     8     -6
41.3555718130111     0.496020146473173     0     8     -6
41.368801519739     0.506737421050504     0     8     -6
41.3820314756491     0.517470125298657     0     8     -6
41.395261679824     0.528146864409563     0     8     -6
41.4084921313462     0.538345984388979     0     8     -6
41.4217228292982     0.548425760115867     0     8     -6
41.4349537727627     0.558543994056624     0     8     -6
41.4481849608227     0.56821966087091     0     8     -6
41.4614163925608     0.577431232483144     0     8     -6
41.4746480670603     0.586492260815655     0     8     -6
41.487879983404     0.595787490449879     0     8     -6
41.5011121406751     0.604149003083868     0     8     -6
41.5143445379569     0.612572086280218     0     8     -6
41.5275771743327     0.6210179689579     0     8     -6
41.5408100488858     0.628857484046577     0     8     -6
41.5540431606999     0.636961446017698     0     8     -6
41.5672765088584     0.644869682456048     0     8     -6
41.580510092445     0.652539007799994     0     8     -6
41.5937439105435     0.660196989965615     0     8     -6
41.6069779622377     0.667646415199572     0     8     -6
41.6202122466115     0.674818157792647     0     8     -6
41.6334467627489     0.681648050506759     0     8     -6
41.646681509734     0.68853550004543     0     8     -6
41.6599164866509     0.695428438883834     0     8     -6
41.673151692584     0.702008837759986     0     8     -6
41.6863871266174     0.708036992379158     0     8     -6
41.6996227878358     0.713996534703171     0     8     -6
41.7128586753234     0.719763907012228     0     8     -6
41.726094788165     0.725354306964063     0     8     -6
41.7393311254452     0.730999186480039     0     8     -6
41.7525676862486     0.736180961667029     0     8     -6
41.7658044696602     0.741223589817252     0     8     -6
41.7790414747648     0.746330152377835     0     8     -6
41.7922787006474     0.75123415073098     0     8     -6
41.8055161463931     0.755871620746343     0     8     -6
41.8187538110869     0.760325035684803     0     8     -6
41.8319916938142     0.764658578700505     0     8     -6
41.8452297936601     0.768842473630126     0     8     -6
41.8584681097102     0.772859354273916     0     8     -6
41.8717066410497     0.776683743259745     0     8     -6
41.8849453867643     0.780306533833455     0     8     -6
41.8981843459396     0.783980122457476     0     8     -6
41.9114235176612     0.787107474759946     0     8     -6
41.9246629010149     0.790533666499428     0     8     -6
41.9379024950865     0.793613654494133     0     8     -6
41.9511422989619     0.796297739447652     0     8     -6
41.9643823117272     0.799241276230924     0     8     -6
41.9776225324684     0.801928855567322     0     8     -6
41.9908629602715     0.804545299572337     0     8     -6
42.0041035942229     0.807028984216456     0     8     -6
42.0173444334088     0.809425938514538     0     8     -6
42.0305854769156     0.811838434081296     0     8     -6
42.0438267238296     0.814037978260746     0     8     -6
42.0570681732375     0.815958686315201     0     8     -6
42.0703098242257     0.817993609888488     0     8     -6
42.083551675881     0.819898921745086     0     8     -6
42.09679372729     0.821625027304053     0     8     -6
42.1100359775395     0.823451042776357     0     8     -6
42.1232784257165     0.824997088882063     0     8     -6
42.1365210709078     0.82649592754982     0     8     -6
42.1497639122005     0.827947425573891     0     8     -6
42.1630069486816     0.829287649213852     0     8     -6
42.1762501794383     0.830582511814698     0     8     -6
42.1894936035578     0.831683556172891     0     8     -6
42.2027372201273     0.832676122543588     0     8     -6
42.2159810282344     0.833705543768825     0     8     -6
42.2292250269662     0.834787210192686     0     8     -6
42.2424692154105     0.835610529704838     0     8     -6
42.2557135926547     0.836516125458586     0     8     -6
42.2689581577864     0.837255109716685     0     8     -6
42.2822029098935     0.837971690585217     0     8     -6
42.2954478480635     0.838695565059384     0     8     -6
42.3086929713844     0.839446761904502     0     8     -6
42.3219382789441     0.840229464547223     0     8     -6
42.3351837698304     0.84085473036061     0     8     -6
42.3484294431316     0.841505242981646     0     8     -6
42.3616752979356     0.842004176742812     0     8     -6
42.3749213333306     0.842625278455502     0     8     -6
42.3881675484049     0.843366483369802     0     8     -6
42.4014139422467     0.843942976794022     0     8     -6
42.4146605139445     0.844607021986338     0     8     -6
42.4279072625865     0.845167634107384     0     8     -6
42.4411541872613     0.84577153079324     0     8     -6
42.4544012870576     0.846270030163421     0     8     -6
42.4676485610637     0.846883107811232     0     8     -6
42.4808960083686     0.847499237513228     0     8     -6
42.4941436280607     0.847920751510316     0     8     -6
42.5073914192291     0.848491360845167     0     8     -6
42.5206393809625     0.848959265131423     0     8     -6
42.5338875123499     0.84952827620747     0     8     -6
42.5471358124802     0.850026077567987     0     8     -6
42.5603842804426     0.850582695170649     0     8     -6
42.573632915326     0.850902000430323     0     8     -6
42.5868817162196     0.851361430652747     0     8     -6
42.6001306822128     0.851665576278346     0     8     -6
42.6133798123947     0.852144269435128     0     8     -6
42.6266291058547     0.852357316923145     0     8     -6
42.6398785616822     0.852733773224271     0     8     -6
42.6531281789667     0.852994859543127     0     8     -6
42.6663779567977     0.853413071189279     0     8     -6
42.6796278942648     0.85357533937784     0     8     -6
42.6928779904575     0.853918651143244     0     8     -6
42.7061282444657     0.85406051849395     0     8     -6
42.719378655379     0.854373061530163     0     8     -6
42.7326292222872     0.854476930095187     0     8     -6
42.7458799442802     0.854831739715409     0     8     -6
42.759130820448     0.854931529854228     0     8     -6
42.7723818498804     0.85535203503707     0     8     -6
42.7856330316676     0.855422694293986     0     8     -6
42.7988843648995     0.855662771533975     0     8     -6
42.8121358486664     0.855845966917848     0     8     -6
42.8253874820585     0.856149674654113     0     8     -6
42.8386392641659     0.856268828599521     0     8     -6
42.8518911940789     0.856444872293615     0     8     -6
42.865143270888     0.856516404373434     0     8     -6
42.8783954936836     0.856756778956066     0     8     -6
42.891647861556     0.856875234480222     0     8     -6
42.9049003735958     0.857062342496477     0     8     -6
42.9181530288935     0.85716092063511     0     8     -6
42.9314058265398     0.857333192588579     0     8     -6
42.9446587656254     0.857455958677236     0     8     -6
42.9579118452409     0.857683209036411     0     8     -6
42.9711650644771     0.857664689498249     0     8     -6
42.9844184224248     0.85790806548446     0     8     -6
42.9976719181749     0.857989179712189     0     8     -6
43.0109255508184     0.858136289701394     0     8     -6
43.0241793194461     0.858142962904295     0     8     -6
43.0374332231491     0.858423331860282     0     8     -6
43.0506872610184     0.858438612690895     0     8     -6
43.0639414321452     0.858502462054849     0     8     -6
43.0771957356206     0.858632664501011     0     8     -6
43.0904501705359     0.858672365593939     0     8     -6
43.1037047359822     0.858785238796942     0     8     -6
43.1169594310509     0.858811763057566     0     8     -6
43.1302142548334     0.858984404447875     0     8     -6
43.1434692064209     0.859073928397675     0     8     -6
43.1567242849051     0.859183926236485     0     8     -6
43.1699794893773     0.859253992815492     0     8     -6
43.183234818929     0.859320490705442     0     8     -6
43.1964902726519     0.859434646755321     0     8     -6
43.2097458496376     0.859393873045595     0     8     -6
43.2230015489777     0.859500183108127     0     8     -6
43.236257369764     0.859638329876182     0     8     -6
43.2495133110882     0.859652818321638     0     8     -6
43.2627693720421     0.859813934681869     0     8     -6
43.2760255517175     0.859774451755222     0     8     -6
43.2892818492064     0.859867687721066     0     8     -6
43.3025382636006     0.859881798473694     0     8     -6
43.3157947939921     0.859892966740574     0     8     -6
43.3290514394729     0.860029811370125     0     8     -6
43.3423081991352     0.859918674259705     0     8     -6
43.3555650720708     0.860138118226311     0     8     -6
43.3688220573721     0.860161450548335     0     8     -6
43.3820791541312     0.860132269721242     0     8     -6
43.3953363614402     0.860124538682352     0     8     -6
43.4085936783915     0.860300044766034     0     8     -6
43.4218511040773     0.860231706927408     0     8     -6
43.43510863759     0.86030857368268     0     8     -6
43.4483662780219     0.860272337095806     0     8     -6
43.4616240244654     0.86041134295161     0     8     -6
43.4748818760131     0.860386416642301     0     8     -6
43.4881398317573     0.860437010050069     0     8     -6
43.5013978907905     0.860487782447871     0     8     -6
43.5146560522055     0.860452752198711     0     8     -6
43.5279143150947     0.860569065346905     0     8     -6
43.5411726785508     0.86058420320015     0     8     -6
43.5544311416664     0.860492554686248     0     8     -6
43.5676897035343     0.860598000987598     0     8     -6
43.5809483632472     0.860631387314051     0     8     -6
43.5942071198979     0.860677457032922     0     8     -6
43.6074659725792     0.860642978739781     0     8     -6
43.6207249203839     0.860705762450271     0     8     -6
43.6339839624049     0.860830847865245     0     8     -6
43.6472430977351     0.860719872258013     0     8     -6
43.6605023254675     0.860941153148177     0     8     -6
43.6737616446951     0.860811792063014     0     8     -6
43.6870210545109     0.860948980814987     0     8     -6
43.7002805540078     0.860842956412823     0     8     -6
43.7135401422791     0.86107060175802     0     8     -6
43.7267998184177     0.860959902250908     0     8     -6
43.7400595815169     0.861075580404034     0     8     -6
43.7533194306699     0.860915221902869     0     8     -6
43.7665793649697     0.861049704002425     0     8     -6
43.7798393835097     0.861002774445619     0     8     -6
43.7930994853832     0.860971005683604     0     8     -6
43.8063596696833     0.860881475766789     0     8     -6
43.8196199355036     0.860841159579969     0     8     -6
43.8328802819372     0.860918017076181     0     8     -6
43.8461407080776     0.860819526483153     0     8     -6
43.8594012130182     0.860785292215587     0     8     -6
43.8726617958525     0.860672384005853     0     8     -6
43.8859224556739     0.860867814232002     0     8     -6
43.8991831915758     0.860836818275913     0     8     -6
43.912444002652     0.860834491367966     0     8     -6
43.9257048879957     0.860839879155927     0     8     -6
43.9389658467008     0.860859810389535     0     8     -6
43.9522268778607     0.860851451098908     0     8     -6
43.9654879805692     0.860837263629026     0     8     -6
43.9787491539198     0.860892858087089     0     8     -6
43.9920103970062     0.86091038609445     0     8     -6
44.0052717089222     0.860898003081821     0     8     -6
44.0185330887614     0.860825883388736     0     8     -6
44.0317945356177     0.86088908618261     0     8     -6
44.0450560485848     0.860937559563284     0     8     -6
44.0583176267565     0.860938016955363     0     8     -6
44.0715792692266     0.860922830531921     0     8     -6
44.0848409750891     0.861052249102196     0     8     -6
44.0981027434377     0.860947678156941     0     8     -6
44.1113645733664     0.861046091162699     0     8     -6
44.1246264639691     0.860959805917787     0     8     -6
44.1378884143397     0.861097349430688     0     8     -6
44.1511504235722     0.861012999035085     0     8     -6
44.1644124907606     0.861043522721083     0     8     -6
44.1776746149988     0.861015351578144     0     8     -6
44.190936795381     0.86112885795653     0     8     -6
44.2041990310011     0.861251592228947     0     8     -6
44.2174613209532     0.861239400325715     0     8     -6
44.2307236643314     0.861131077925882     0     8     -6
44.2439860602298     0.861232574777344     0     8     -6
44.2572485077426     0.861149185244865     0     8     -6
44.2705110059638     0.861193145084522     0     8     -6
44.2837735539876     0.861175313295371     0     8     -6
44.2970361509082     0.861304436825065     0     8     -6
44.3102987958199     0.861113990570478     0     8     -6
44.3235614878167     0.861276586451271     0     8     -6
44.336824225993     0.861199936540951     0     8     -6
44.3500870094429     0.861267820767308     0     8     -6
44.3633498372608     0.861220354249854     0     8     -6
44.376612708541     0.861304749087379     0     8     -6
44.3898756223776     0.861269641981782     0     8     -6
44.4031385778651     0.861287904669364     0     8     -6
44.4164015740977     0.86126588708738     0     8     -6
44.4296646101698     0.861291134146824     0     8     -6
44.4429276851758     0.861297261612631     0     8     -6
44.45619079821     0.861164284222925     0     8     -6
44.4694539483668     0.861189825246961     0     8     -6
44.4827171347406     0.861149698002441     0     8     -6
44.4959803564257     0.861204914401836     0     8     -6
44.5092436125167     0.861290301477238     0     8     -6
44.522506902108     0.861205686606005     0     8     -6
44.5357702242939     0.861292342846406     0     8     -6
44.549033578169     0.861141183982269     0     8     -6
44.5622969628277     0.861251491815488     0     8     -6
44.5755603773645     0.861212121336094     0     8     -6
44.5888238208739     0.86114650720891     0     8     -6
44.6020872924504     0.861206029249039     0     8     -6
44.6153507911885     0.861036652497818     0     8     -6
44.6286143161827     0.861172627365524     0     8     -6
44.6418778665275     0.861133543771135     0     8     -6
44.6551414413176     0.861144181828028     0     8     -6
44.6684050396474     0.86118343773795     0     8     -6
44.6816686606115     0.861003447624458     0     8     -6
44.6949323033044     0.861102741832157     0     8     -6
44.7081959668207     0.861058913698975     0     8     -6
44.7214596502551     0.861002513343498     0     8     -6
44.7347233527021     0.861050568756213     0     8     -6
44.7479870732562     0.860931948952832     0     8     -6
44.7612508110122     0.861034275120354     0     8     -6
44.7745145650645     0.860926281494515     0     8     -6
44.7877783345079     0.860983380523948     0     8     -6
44.8010421184369     0.860886808585265     0     8     -6
44.8143059159461     0.86079703579316     0     8     -6
44.8275697261302     0.860856271428026     0     8     -6
44.8408335480838     0.860937114111614     0     8     -6
44.8540973809016     0.860763100011888     0     8     -6
44.8673612236781     0.860754144654875     0     8     -6
44.8806250755081     0.860619051837862     0     8     -6
44.8938889354862     0.860611440931822     0     8     -6
44.9071528027069     0.860650249816239     0     8     -6
44.9204166762651     0.86059673820262     0     8     -6
44.9336805552553     0.860545568715151     0     8     -6
44.9469444387722     0.860430395448489     0     8     -6
44.9602083259105     0.860558588182139     0     8     -6
44.9734722157648     0.86039127602187     0     8     -6
44.9867361074297     0.860373995140183     0     8     -6
45     0.86030053018692     0     8     -6
