44.9867361074297     0.858069367646971     0     -2     2
44.9734722157648     0.857950903373351     0     -2     2
44.9602083259105     0.858049168740935     0     -2     2
44.9469444387722     0.858017187120731     0     -2     2
44.9336805552553     0.857704662299116     0     -2     2
44.9204166762651     0.857830808314348     0     -2     2
44.9071528027069     0.857904520800803     0     -2     2
44.8938889354862     0.857842256677888     0     -2     2
44.8806250755081     0.857894787789499     0     -2     2
44.8673612236781     0.857729230733894     0     -2     2
44.8540973809016     0.857790382989523     0     -2     2
44.8408335480838     0.857709896735617     0     -2     2
44.8275697261302     0.857611514444032     0     -2     2
44.8143059159461     0.857684803630042     0     -2     2
44.8010421184369     0.857531145723048     0     -2     2
44.7877783345079     0.857739210920894     0     -2     2
44.7745145650645     0.857534451251806     0     -2     2
44.7612508110122     0.857662795492603     0     -2     2
44.7479870732562     0.857517222034967     0     -2     2
44.7347233527021     0.857459193483652     0     -2     2
44.7214596502551     0.85751552427743     0     -2     2
44.7081959668207     0.857449285269929     0     -2     2
44.6949323033044     0.85745070842066     0     -2     2
44.6816686606115     0.857430458723062     0     -2     2
44.6684050396474     0.857407315015213     0     -2     2
44.6551414413176     0.857363236676948     0     -2     2
44.6418778665275     0.85719457694845     0     -2     2
44.6286143161827     0.857427740615324     0     -2     2
44.6153507911885     0.857058246919875     0     -2     2
44.6020872924504     0.857170821410534     0     -2     2
44.5888238208739     0.85719210624773     0     -2     2
44.5755603773645     0.857112171041649     0     -2     2
44.5622969628277     0.857042233840401     0     -2     2
44.549033578169     0.856974564098419     0     -2     2
44.5357702242939     0.857035772856721     0     -2     2
44.522506902108     0.856781967290478     0     -2     2
44.5092436125167     0.85690381474769     0     -2     2
44.4959803564257     0.856684758284421     0     -2     2
44.4827171347406     0.856813005133297     0     -2     2
44.4694539483668     0.856567827672881     0     -2     2
44.45619079821     0.856574930016254     0     -2     2
44.4429276851758     0.856583050856449     0     -2     2
44.4296646101698     0.856489794979489     0     -2     2
44.4164015740977     0.856511582492556     0     -2     2
44.4031385778651     0.856395306995486     0     -2     2
44.3898756223776     0.856417817758804     0     -2     2
44.376612708541     0.85676621475264     0     -2     2
44.3633498372608     0.856413607331096     0     -2     2
44.3500870094429     0.856376295557957     0     -2     2
44.336824225993     0.856357329855117     0     -2     2
44.3235614878167     0.856233447838184     0     -2     2
44.3102987958199     0.856294366435692     0     -2     2
44.2970361509082     0.85624139369535     0     -2     2
44.2837735539876     0.856090457906594     0     -2     2
44.2705110059638     0.855903576656952     0     -2     2
44.2572485077426     0.856137671996895     0     -2     2
44.2439860602298     0.856108623661007     0     -2     2
44.2307236643314     0.855984663020181     0     -2     2
44.2174613209532     0.856037765020337     0     -2     2
44.2041990310011     0.855989057358759     0     -2     2
44.190936795381     0.855997142118263     0     -2     2
44.1776746149988     0.855879443882949     0     -2     2
44.1644124907606     0.855877339517253     0     -2     2
44.1511504235722     0.855637483784156     0     -2     2
44.1378884143397     0.855805533614709     0     -2     2
44.1246264639691     0.855753868522984     0     -2     2
44.1113645733664     0.85572089727884     0     -2     2
44.0981027434377     0.855685771832165     0     -2     2
44.0848409750891     0.855432848770949     0     -2     2
44.0715792692266     0.855552234797936     0     -2     2
44.0583176267565     0.855545603889604     0     -2     2
44.0450560485848     0.855451712271116     0     -2     2
44.0317945356177     0.855301242237717     0     -2     2
44.0185330887614     0.855342653375979     0     -2     2
44.0052717089222     0.855192609860774     0     -2     2
43.9920103970062     0.855264663550811     0     -2     2
43.9787491539198     0.855209120681121     0     -2     2
43.9654879805692     0.855057310327332     0     -2     2
43.9522268778607     0.855071650527601     0     -2     2
43.9389658467008     0.85498647633881     0     -2     2
43.9257048879957     0.854900655724883     0     -2     2
43.912444002652     0.854982377117192     0     -2     2
43.8991831915758     0.854694503461952     0     -2     2
43.8859224556739     0.854753957217916     0     -2     2
43.8726617958525     0.854742672613859     0     -2     2
43.8594012130182     0.85467188219886     0     -2     2
43.8461407080776     0.854707698811208     0     -2     2
43.8328802819372     0.854687406228816     0     -2     2
43.8196199355036     0.854699280378767     0     -2     2
43.8063596696833     0.854517690085613     0     -2     2
43.7930994853832     0.85466997069619     0     -2     2
43.7798393835097     0.854602067423163     0     -2     2
43.7665793649697     0.854709202175574     0     -2     2
43.7533194306699     0.854673516564241     0     -2     2
43.7400595815169     0.854522253337297     0     -2     2
43.7267998184177     0.854621478841162     0     -2     2
43.7135401422791     0.854618473635797     0     -2     2
43.7002805540078     0.854488334980161     0     -2     2
43.6870210545109     0.854613708158657     0     -2     2
43.6737616446951     0.854384104038583     0     -2     2
43.6605023254675     0.854577791893198     0     -2     2
43.6472430977351     0.85434265608012     0     -2     2
43.6339839624049     0.854078676621026     0     -2     2
43.6207249203839     0.85416837888861     0     -2     2
43.6074659725792     0.854315320362176     0     -2     2
43.5942071198979     0.85422217524913     0     -2     2
43.5809483632472     0.85415856455142     0     -2     2
43.5676897035343     0.854100140522853     0     -2     2
43.5544311416664     0.854083166715877     0     -2     2
43.5411726785508     0.853855923636675     0     -2     2
43.5279143150947     0.853904913843134     0     -2     2
43.5146560522055     0.853817147370929     0     -2     2
43.5013978907905     0.853731000262944     0     -2     2
43.4881398317573     0.85371958555682     0     -2     2
43.4748818760131     0.853670582875943     0     -2     2
43.4616240244654     0.85338751130585     0     -2     2
43.4483662780219     0.853434003234859     0     -2     2
43.43510863759     0.853110744967405     0     -2     2
43.4218511040773     0.853169774337701     0     -2     2
43.4085936783915     0.852949726120261     0     -2     2
43.3953363614402     0.852919897916086     0     -2     2
43.3820791541312     0.852606558642731     0     -2     2
43.3688220573721     0.852531097458692     0     -2     2
43.3555650720708     0.85250829553178     0     -2     2
43.3423081991352     0.852403316637034     0     -2     2
43.3290514394729     0.852008607296159     0     -2     2
43.3157947939921     0.851875465558161     0     -2     2
43.3025382636006     0.85173646258231     0     -2     2
43.2892818492064     0.85162509635894     0     -2     2
43.2760255517175     0.851413245030171     0     -2     2
43.2627693720421     0.850967700612323     0     -2     2
43.2495133110882     0.850845151117424     0     -2     2
43.236257369764     0.850261903174365     0     -2     2
43.2230015489777     0.850357600305425     0     -2     2
43.2097458496376     0.849853985397309     0     -2     2
43.1964902726519     0.849653425792913     0     -2     2
43.183234818929     0.849357838298482     0     -2     2
43.1699794893773     0.848830468004729     0     -2     2
43.1567242849051     0.848387704813041     0     -2     2
43.1434692064209     0.848057398172289     0     -2     2
43.1302142548334     0.847440937362681     0     -2     2
43.1169594310509     0.847159222974733     0     -2     2
43.1037047359822     0.846560637816427     0     -2     2
43.0904501705359     0.845870240797693     0     -2     2
43.0771957356206     0.845352311545954     0     -2     2
43.0639414321452     0.844427617600356     0     -2     2
43.0506872610184     0.843886352594444     0     -2     2
43.0374332231491     0.842462906997154     0     -2     2
43.0241793194461     0.841586491195463     0     -2     2
43.0109255508184     0.840597667454976     0     -2     2
42.9976719181749     0.839424661917488     0     -2     2
42.9844184224248     0.837721254386715     0     -2     2
42.9711650644771     0.836433005090764     0     -2     2
42.9579118452409     0.834373701117112     0     -2     2
42.9446587656254     0.832535609385098     0     -2     2
42.9314058265398     0.829879831506172     0     -2     2
42.9181530288935     0.828566443232709     0     -2     2
42.9049003735958     0.82522493764674     0     -2     2
42.891647861556     0.821876177116152     0     -2     2
42.8783954936836     0.818998700996324     0     -2     2
42.865143270888     0.814073128413957     0     -2     2
42.8518911940789     0.808853434343363     0     -2     2
42.8386392641659     0.804455464319442     0     -2     2
42.8253874820585     0.801255394757262     0     -2     2
42.8121358486664     0.794646951816606     0     -2     2
42.7988843648995     0.788658047419019     0     -2     2
42.7856330316676     0.781110502223955     0     -2     2
42.7723818498804     0.774110928992732     0     -2     2
42.759130820448     0.767320832028964     0     -2     2
42.7458799442802     0.760470026518355     0     -2     2
42.7326292222872     0.759851536596239     0     -2     2
42.719378655379     0.756672659916547     0     -2     2
42.7061282444657     0.758176807166671     0     -2     2
42.6928779904575     0.761247732074846     0     -2     2
42.6796278942648     0.768583097104146     0     -2     2
42.6663779567977     0.776067711620791     0     -2     2
42.6531281789667     0.783186706020922     0     -2     2
42.6398785616822     0.792658363671855     0     -2     2
42.6266291058547     0.799431620522448     0     -2     2
42.6133798123947     0.804846275399     0     -2     2
42.6001306822128     0.809284551861952     0     -2     2
42.5868817162196     0.813068666145014     0     -2     2
42.573632915326     0.815700634302364     0     -2     2
42.5603842804426     0.817722320148486     0     -2     2
42.5471358124802     0.820072994800602     0     -2     2
42.5338875123499     0.822197889228444     0     -2     2
42.5206393809625     0.823346053762846     0     -2     2
42.5073914192291     0.824132867139794     0     -2     2
42.4941436280607     0.825151340520806     0     -2     2
42.4808960083686     0.825740461782991     0     -2     2
42.4676485610637     0.825852901755785     0     -2     2
42.4544012870576     0.826440746674287     0     -2     2
42.4411541872613     0.826889020001247     0     -2     2
42.4279072625865     0.826947631404208     0     -2     2
42.4146605139445     0.826818967710784     0     -2     2
42.4014139422467     0.826413304707867     0     -2     2
42.3881675484049     0.826362156180963     0     -2     2
42.3749213333306     0.82605635572749     0     -2     2
42.3616752979356     0.825389158897535     0     -2     2
42.3484294431316     0.825370897906459     0     -2     2
42.3351837698304     0.824778915163531     0     -2     2
42.3219382789441     0.823965415756166     0     -2     2
42.3086929713844     0.82351396391681     0     -2     2
42.2954478480635     0.822882827309052     0     -2     2
42.2822029098935     0.821943281371255     0     -2     2
42.2689581577864     0.821105523333232     0     -2     2
42.2557135926547     0.819889604987009     0     -2     2
42.2424692154105     0.818966217612801     0     -2     2
42.2292250269662     0.817860656843205     0     -2     2
42.2159810282344     0.816588077110944     0     -2     2
42.2027372201273     0.815413829038396     0     -2     2
42.1894936035578     0.814211993202235     0     -2     2
42.1762501794383     0.812530605113925     0     -2     2
42.1630069486816     0.811169602254098     0     -2     2
42.1497639122005     0.809331026691705     0     -2     2
42.1365210709078     0.807637988433789     0     -2     2
42.1232784257165     0.805930842454111     0     -2     2
42.1100359775395     0.803902016373875     0     -2     2
42.09679372729     0.80191339757466     0     -2     2
42.083551675881     0.799973049669507     0     -2     2
42.0703098242257     0.797472601327505     0     -2     2
42.0570681732375     0.794960864336355     0     -2     2
42.0438267238296     0.79260249691598     0     -2     2
42.0305854769156     0.79009245311768     0     -2     2
42.0173444334088     0.787118343388915     0     -2     2
42.0041035942229     0.78454580440752     0     -2     2
41.9908629602715     0.781004673711757     0     -2     2
41.9776225324684     0.77810297219759     0     -2     2
41.9643823117272     0.774901260676195     0     -2     2
41.9511422989619     0.771479753548086     0     -2     2
41.9379024950865     0.768118890156702     0     -2     2
41.9246629010149     0.764632300296765     0     -2     2
41.9114235176612     0.76033480455131     0     -2     2
41.8981843459396     0.756784676677313     0     -2     2
41.8849453867643     0.751781764900779     0     -2     2
41.8717066410497     0.747429727526125     0     -2     2
41.8584681097102     0.742757835226921     0     -2     2
41.8452297936601     0.738336324761181     0     -2     2
41.8319916938142     0.741883009435008     0     -2     2
41.8187538110869     0.737418205343559     0     -2     2
41.8055161463931     0.732618297443125     0     -2     2
41.7922787006474     0.726334709370619     0     -2     2
41.7790414747648     0.720742200107688     0     -2     2
41.7658044696602     0.715167715816136     0     -2     2
41.7525676862486     0.709362755892114     0     -2     2
41.7393311254452     0.703837422530456     0     -2     2
41.726094788165     0.697425705114815     0     -2     2
41.7128586753234     0.69137624194517     0     -2     2
41.6996227878358     0.683039255454266     0     -2     2
41.6863871266174     0.676816607940804     0     -2     2
41.673151692584     0.669780934116865     0     -2     2
41.6599164866509     0.663121109328031     0     -2     2
41.646681509734     0.655445621964062     0     -2     2
41.6334467627489     0.648815577471286     0     -2     2
41.6202122466115     0.641422410136723     0     -2     2
41.6069779622377     0.631722306870841     0     -2     2
41.5937439105435     0.623398190966573     0     -2     2
41.580510092445     0.615127315992612     0     -2     2
41.5672765088584     0.605883029104658     0     -2     2
41.5540431606999     0.599590299102047     0     -2     2
41.5408100488858     0.590620496209071     0     -2     2
41.5275771743327     0.581821691172177     0     -2     2
41.5143445379569     0.570846524552905     0     -2     2
41.5011121406751     0.561836164572766     0     -2     2
41.487879983404     0.5521319579617     0     -2     2
41.4746480670603     0.543993474738368     0     -2     2
41.4614163925608     0.533556159035094     0     -2     2
41.4481849608227     0.525185688580384     0     -2     2
41.4349537727627     0.515560524937281     0     -2     2
41.4217228292982     0.503103899371381     0     -2     2
41.4084921313462     0.491623344701181     0     -2     2
41.395261679824     0.483339155044414     0     -2     2
41.3820314756491     0.473215150720309     0     -2     2
41.368801519739     0.463920002419144     0     -2     2
41.3555718130111     0.454317670667614     0     -2     2
41.3423423563831     0.446528364651051     0     -2     2
41.3291131507728     0.43265984115122     0     -2     2
41.315884197098     0.423326218257245     0     -2     2
41.3026554962766     0.413846601955042     0     -2     2
41.2894270492266     0.405980939920007     0     -2     2
41.2761988568661     0.396916154905264     0     -2     2
41.2629709201134     0.389687481622805     0     -2     2
41.2497432398867     0.380251772502422     0     -2     2
41.2365158171043     0.367855995155445     0     -2     2
41.2232886526848     0.360273428412972     0     -2     2
41.2100617475467     0.354277908352607     0     -2     2
41.1968351026086     0.346016798231975     0     -2     2
41.1836087187894     0.34197860342693     0     -2     2
41.1703825970079     0.336466904358708     0     -2     2
41.1571567381829     0.330584503889582     0     -2     2
41.1439311432336     0.319935688287674     0     -2     2
41.130705813079     0.316283169447875     0     -2     2
41.1174807486384     0.310748203581684     0     -2     2
41.1042559508312     0.30684691719019     0     -2     2
41.0910314205766     0.304286269904803     0     -2     2
41.0778071587943     0.302084429862135     0     -2     2
41.0645831664038     0.298313651509999     0     -2     2
41.0513594443248     0.289915031057287     0     -2     2
41.0381359934772     0.286843322425407     0     -2     2
41.0249128147808     0.286045120911864     0     -2     2
41.0116899091557     0.283194866096114     0     -2     2
40.9984672775219     0.281609114112827     0     -2     2
40.9852449207996     0.279996352513324     0     -2     2
40.9720228399091     0.279005328041473     0     -2     2
40.9588010357708     0.272932343671365     0     -2     2
40.9455795093053     0.274044887717354     0     -2     2
40.932358261433     0.270573909755381     0     -2     2
40.9191372930747     0.271373226604932     0     -2     2
40.9059166051511     0.270509996393448     0     -2     2
40.8926961985833     0.27236112936672     0     -2     2
40.8794760742921     0.264992247705159     0     -2     2
40.8662562331986     0.265381419283192     0     -2     2
40.8530366762241     0.266531678261254     0     -2     2
40.8398174042898     0.268011454131343     0     -2     2
40.8265984183172     0.26711798269538     0     -2     2
40.8133797192277     0.267710848017953     0     -2     2
40.800161307943     0.269193945526236     0     -2     2
40.7869431853848     0.266302028027552     0     -2     2
40.7737253524748     0.266723093929902     0     -2     2
40.7605078101351     0.265591106730049     0     -2     2
40.7472905592876     0.266802269689249     0     -2     2
40.7340736008544     0.268995488121889     0     -2     2
40.7208569357578     0.269987430630384     0     -2     2
40.7076405649202     0.269771921964137     0     -2     2
40.6944244892639     0.267734530662225     0     -2     2
40.6812087097115     0.267484656341258     0     -2     2
40.6679932271857     0.266845123634673     0     -2     2
40.6547780426093     0.269188229746618     0     -2     2
40.6415631569051     0.269655763042214     0     -2     2
40.628348570996     0.270655180039914     0     -2     2
40.6151342858053     0.270303897681802     0     -2     2
40.601920302256     0.267663902540556     0     -2     2
40.5887066212714     0.266089283238333     0     -2     2
40.5754932437751     0.266461658644273     0     -2     2
40.5622801706905     0.265955246653599     0     -2     2
40.5490674029412     0.268806047692545     0     -2     2
40.5358549414509     0.267706618524256     0     -2     2
40.5226427871436     0.267202673983449     0     -2     2
40.5094309409432     0.262447268281293     0     -2     2
40.4962194037737     0.262706090323667     0     -2     2
40.4830081765594     0.261220767493682     0     -2     2
40.4697972602245     0.262884109454879     0     -2     2
40.4565866556934     0.261113527720832     0     -2     2
40.4433763638906     0.262338571901115     0     -2     2
40.4301663857409     0.261387018307255     0     -2     2
40.4169567221688     0.256629881129429     0     -2     2
40.4037473740993     0.255638180704771     0     -2     2
40.3905383424574     0.256165599525546     0     -2     2
40.3773296281681     0.255169162262758     0     -2     2
40.3641212321566     0.255381735521106     0     -2     2
