44.9867361074297     0.866896172472044     0     8     4
44.9734722157648     0.866965835339043     0     8     4
44.9602083259105     0.86680950782601     0     8     4
44.9469444387722     0.867012907498261     0     8     4
44.9336805552553     0.866801817692303     0     8     4
44.9204166762651     0.867139325450688     0     8     4
44.9071528027069     0.866973938794135     0     8     4
44.8938889354862     0.867082099696625     0     8     4
44.8806250755081     0.867003984046258     0     8     4
44.8673612236781     0.866919037296588     0     8     4
44.8540973809016     0.867004293669253     0     8     4
44.8408335480838     0.867024865595029     0     8     4
44.8275697261302     0.867005582148775     0     8     4
44.8143059159461     0.867187507513912     0     8     4
44.8010421184369     0.866936244743302     0     8     4
44.7877783345079     0.867109558862269     0     8     4
44.7745145650645     0.867044972070368     0     8     4
44.7612508110122     0.866961759131755     0     8     4
44.7479870732562     0.867066076116083     0     8     4
44.7347233527021     0.866967856986621     0     8     4
44.7214596502551     0.867089636846758     0     8     4
44.7081959668207     0.867102024394223     0     8     4
44.6949323033044     0.866975673160631     0     8     4
44.6816686606115     0.867209611033649     0     8     4
44.6684050396474     0.867011840058789     0     8     4
44.6551414413176     0.867165136686636     0     8     4
44.6418778665275     0.866986312853515     0     8     4
44.6286143161827     0.86715906339799     0     8     4
44.6153507911885     0.867230334956627     0     8     4
44.6020872924504     0.867027930621506     0     8     4
44.5888238208739     0.867133182950378     0     8     4
44.5755603773645     0.867080718221073     0     8     4
44.5622969628277     0.86710276568414     0     8     4
44.549033578169     0.866929573292899     0     8     4
44.5357702242939     0.867148239033877     0     8     4
44.522506902108     0.866984887692136     0     8     4
44.5092436125167     0.867140529803786     0     8     4
44.4959803564257     0.866973657319815     0     8     4
44.4827171347406     0.867180967059313     0     8     4
44.4694539483668     0.867083778507241     0     8     4
44.45619079821     0.867162393272027     0     8     4
44.4429276851758     0.866938676809538     0     8     4
44.4296646101698     0.867184775174126     0     8     4
44.4164015740977     0.867032033435593     0     8     4
44.4031385778651     0.866987225470357     0     8     4
44.3898756223776     0.866906329330717     0     8     4
44.376612708541     0.866943610448014     0     8     4
44.3633498372608     0.866917372999534     0     8     4
44.3500870094429     0.866923107082502     0     8     4
44.336824225993     0.866826700423504     0     8     4
44.3235614878167     0.866852015449245     0     8     4
44.3102987958199     0.86689098264329     0     8     4
44.2970361509082     0.866941126612597     0     8     4
44.2837735539876     0.86673479852513     0     8     4
44.2705110059638     0.866825617935228     0     8     4
44.2572485077426     0.86675344297237     0     8     4
44.2439860602298     0.866860731167367     0     8     4
44.2307236643314     0.866603764309693     0     8     4
44.2174613209532     0.866648661379754     0     8     4
44.2041990310011     0.866687459737101     0     8     4
44.190936795381     0.866682841000692     0     8     4
44.1776746149988     0.866431641859377     0     8     4
44.1644124907606     0.866705430440932     0     8     4
44.1511504235722     0.866543332423316     0     8     4
44.1378884143397     0.86651154509412     0     8     4
44.1246264639691     0.866500629479358     0     8     4
44.1113645733664     0.866496662756981     0     8     4
44.0981027434377     0.86632837492095     0     8     4
44.0848409750891     0.866430376858526     0     8     4
44.0715792692266     0.866222632735129     0     8     4
44.0583176267565     0.86653711003209     0     8     4
44.0450560485848     0.866377047571303     0     8     4
44.0317945356177     0.866450524283675     0     8     4
44.0185330887614     0.866226385157108     0     8     4
44.0052717089222     0.866340060047985     0     8     4
43.9920103970062     0.866310801714387     0     8     4
43.9787491539198     0.86631088718974     0     8     4
43.9654879805692     0.866265194472643     0     8     4
43.9522268778607     0.866187684576198     0     8     4
43.9389658467008     0.866297540377386     0     8     4
43.9257048879957     0.866039463943527     0     8     4
43.912444002652     0.866127169194051     0     8     4
43.8991831915758     0.8660112189222     0     8     4
43.8859224556739     0.866132792333924     0     8     4
43.8726617958525     0.865740672150976     0     8     4
43.8594012130182     0.865996762273037     0     8     4
43.8461407080776     0.865988699836827     0     8     4
43.8328802819372     0.86591955846887     0     8     4
43.8196199355036     0.865847530364928     0     8     4
43.8063596696833     0.865817515955765     0     8     4
43.7930994853832     0.865794111969542     0     8     4
43.7798393835097     0.865745389249543     0     8     4
43.7665793649697     0.865410199249213     0     8     4
43.7533194306699     0.865510746366729     0     8     4
43.7400595815169     0.865406341286198     0     8     4
43.7267998184177     0.865555932003967     0     8     4
43.7135401422791     0.865300953757094     0     8     4
43.7002805540078     0.865535399515248     0     8     4
43.6870210545109     0.86534549416406     0     8     4
43.6737616446951     0.865175688786078     0     8     4
43.6605023254675     0.865200598843032     0     8     4
43.6472430977351     0.86517759809693     0     8     4
43.6339839624049     0.865045451058677     0     8     4
43.6207249203839     0.865155498394201     0     8     4
43.6074659725792     0.86484846308207     0     8     4
43.5942071198979     0.86490612489221     0     8     4
43.5809483632472     0.864776816199991     0     8     4
43.5676897035343     0.864738611671937     0     8     4
43.5544311416664     0.864843704900083     0     8     4
43.5411726785508     0.864819747478174     0     8     4
43.5279143150947     0.864630439837829     0     8     4
43.5146560522055     0.864616614256635     0     8     4
43.5013978907905     0.864369299965894     0     8     4
43.4881398317573     0.864254318026003     0     8     4
43.4748818760131     0.8642227199883     0     8     4
43.4616240244654     0.864187445465432     0     8     4
43.4483662780219     0.863934133945023     0     8     4
43.43510863759     0.863867977218595     0     8     4
43.4218511040773     0.863672868010507     0     8     4
43.4085936783915     0.863475779265101     0     8     4
43.3953363614402     0.863347587597163     0     8     4
43.3820791541312     0.863219909624659     0     8     4
43.3688220573721     0.86303006590759     0     8     4
43.3555650720708     0.862893934516576     0     8     4
43.3423081991352     0.862516474659406     0     8     4
43.3290514394729     0.862254210742338     0     8     4
43.3157947939921     0.862062183644708     0     8     4
43.3025382636006     0.8616761843061     0     8     4
43.2892818492064     0.861570456256078     0     8     4
43.2760255517175     0.860974681527498     0     8     4
43.2627693720421     0.861002493261517     0     8     4
43.2495133110882     0.860578836430032     0     8     4
43.236257369764     0.860298597579986     0     8     4
43.2230015489777     0.85976530032775     0     8     4
43.2097458496376     0.859269914755472     0     8     4
43.1964902726519     0.858833384553587     0     8     4
43.183234818929     0.858441207845583     0     8     4
43.1699794893773     0.85774921943963     0     8     4
43.1567242849051     0.857120617367813     0     8     4
43.1434692064209     0.856442246458036     0     8     4
43.1302142548334     0.855677971080075     0     8     4
43.1169594310509     0.854967401998962     0     8     4
43.1037047359822     0.854163347579989     0     8     4
43.0904501705359     0.853377316963358     0     8     4
43.0771957356206     0.852224994363759     0     8     4
43.0639414321452     0.85115767840678     0     8     4
43.0506872610184     0.849945146296237     0     8     4
43.0374332231491     0.848545593625067     0     8     4
43.0241793194461     0.846862069407474     0     8     4
43.0109255508184     0.845229166941993     0     8     4
42.9976719181749     0.842998271507057     0     8     4
42.9844184224248     0.840917884429954     0     8     4
42.9711650644771     0.838230662644748     0     8     4
42.9579118452409     0.835597699613273     0     8     4
42.9446587656254     0.832450111103338     0     8     4
42.9314058265398     0.828932493953116     0     8     4
42.9181530288935     0.824559077925504     0     8     4
42.9049003735958     0.820172574319439     0     8     4
42.891647861556     0.814758808495951     0     8     4
42.8783954936836     0.808944472499794     0     8     4
42.865143270888     0.80169380255627     0     8     4
42.8518911940789     0.794238213075961     0     8     4
42.8386392641659     0.784813578061066     0     8     4
42.8253874820585     0.773739005807928     0     8     4
42.8121358486664     0.760665432172565     0     8     4
42.7988843648995     0.746053680918636     0     8     4
42.7856330316676     0.728399654544515     0     8     4
42.7723818498804     0.709307105873787     0     8     4
42.759130820448     0.686789546362815     0     8     4
42.7458799442802     0.662562825771551     0     8     4
42.7326292222872     0.633151845627478     0     8     4
42.719378655379     0.60671372806687     0     8     4
42.7061282444657     0.578783024492041     0     8     4
42.6928779904575     0.556653458381492     0     8     4
42.6796278942648     0.538418928349621     0     8     4
42.6663779567977     0.52661366182821     0     8     4
42.6531281789667     0.525592554361304     0     8     4
42.6398785616822     0.530068164180331     0     8     4
42.6266291058547     0.545193190972911     0     8     4
42.6133798123947     0.573938803563595     0     8     4
42.6001306822128     0.597155180356061     0     8     4
42.5868817162196     0.62686889444163     0     8     4
42.573632915326     0.652599509915734     0     8     4
42.5603842804426     0.676796476710736     0     8     4
42.5471358124802     0.697164840761062     0     8     4
42.5338875123499     0.716444830731522     0     8     4
42.5206393809625     0.7315577038265     0     8     4
42.5073914192291     0.747026253858825     0     8     4
42.4941436280607     0.759206181675018     0     8     4
42.4808960083686     0.769130255248295     0     8     4
42.4676485610637     0.77812443707281     0     8     4
42.4544012870576     0.78411061019086     0     8     4
42.4411541872613     0.790645814982133     0     8     4
42.4279072625865     0.796304229610119     0     8     4
42.4146605139445     0.800926554289274     0     8     4
42.4014139422467     0.804709294529849     0     8     4
42.3881675484049     0.80800232866642     0     8     4
42.3749213333306     0.810865659832479     0     8     4
42.3616752979356     0.813474333774885     0     8     4
42.3484294431316     0.815239708018551     0     8     4
42.3351837698304     0.816914557809852     0     8     4
42.3219382789441     0.81828574510669     0     8     4
42.3086929713844     0.819366709253787     0     8     4
42.2954478480635     0.820034251433547     0     8     4
42.2822029098935     0.820719032457384     0     8     4
42.2689581577864     0.821384117320852     0     8     4
42.2557135926547     0.821438498820648     0     8     4
42.2424692154105     0.821398367385675     0     8     4
42.2292250269662     0.821428884964427     0     8     4
42.2159810282344     0.821114935063149     0     8     4
42.2027372201273     0.820501771707128     0     8     4
42.1894936035578     0.820108709997374     0     8     4
42.1762501794383     0.819331658359439     0     8     4
42.1630069486816     0.818728400323018     0     8     4
42.1497639122005     0.817935413528577     0     8     4
42.1365210709078     0.816902772176162     0     8     4
42.1232784257165     0.815587592401647     0     8     4
42.1100359775395     0.814275492686168     0     8     4
42.09679372729     0.812736259264815     0     8     4
42.083551675881     0.810886785602674     0     8     4
42.0703098242257     0.810309255457508     0     8     4
42.0570681732375     0.808161846095853     0     8     4
42.0438267238296     0.806226477753217     0     8     4
42.0305854769156     0.804317078857999     0     8     4
42.0173444334088     0.802306752366858     0     8     4
42.0041035942229     0.799859664368566     0     8     4
41.9908629602715     0.797738328084525     0     8     4
41.9776225324684     0.796018406913352     0     8     4
41.9643823117272     0.793303382959157     0     8     4
41.9511422989619     0.790004480591851     0     8     4
41.9379024950865     0.787483676366786     0     8     4
41.9246629010149     0.784682177480571     0     8     4
41.9114235176612     0.781910171656406     0     8     4
41.8981843459396     0.777920870106798     0     8     4
41.8849453867643     0.776740100360576     0     8     4
41.8717066410497     0.772807462281108     0     8     4
41.8584681097102     0.769561318064075     0     8     4
41.8452297936601     0.76538126277208     0     8     4
41.8319916938142     0.761990181441006     0     8     4
41.8187538110869     0.757687141277252     0     8     4
41.8055161463931     0.753604565637887     0     8     4
41.7922787006474     0.750766545512371     0     8     4
41.7790414747648     0.746324104592193     0     8     4
41.7658044696602     0.741226972641513     0     8     4
41.7525676862486     0.736472228822042     0     8     4
41.7393311254452     0.732232277521925     0     8     4
41.726094788165     0.726138341435115     0     8     4
41.7128586753234     0.720432165721016     0     8     4
41.6996227878358     0.71907349953718     0     8     4
41.6863871266174     0.712585173037622     0     8     4
41.673151692584     0.705902428673638     0     8     4
41.6599164866509     0.699758757346846     0     8     4
41.646681509734     0.69559819672151     0     8     4
41.6334467627489     0.688695894918307     0     8     4
41.6202122466115     0.682534055097421     0     8     4
41.6069779622377     0.679872273462514     0     8     4
41.5937439105435     0.674697764514058     0     8     4
41.580510092445     0.667245566290191     0     8     4
41.5672765088584     0.66060450139837     0     8     4
41.5540431606999     0.654466622725105     0     8     4
41.5408100488858     0.648310802616655     0     8     4
41.5275771743327     0.637841193619537     0     8     4
41.5143445379569     0.636995044598175     0     8     4
41.5011121406751     0.629287496609918     0     8     4
41.487879983404     0.62059669586801     0     8     4
41.4746480670603     0.613750159082238     0     8     4
41.4614163925608     0.605147051316146     0     8     4
41.4481849608227     0.59811074959602     0     8     4
41.4349537727627     0.589551900592481     0     8     4
41.4217228292982     0.585881196173337     0     8     4
41.4084921313462     0.577749114872668     0     8     4
41.395261679824     0.567381022244218     0     8     4
41.3820314756491     0.560751401625822     0     8     4
41.368801519739     0.550627780599756     0     8     4
41.3555718130111     0.54188465688045     0     8     4
41.3423423563831     0.530254212371653     0     8     4
41.3291131507728     0.530299271788864     0     8     4
41.315884197098     0.519464014439897     0     8     4
41.3026554962766     0.511044354550268     0     8     4
41.2894270492266     0.504502157214221     0     8     4
41.2761988568661     0.495540090087112     0     8     4
41.2629709201134     0.486038646371684     0     8     4
41.2497432398867     0.480094030578815     0     8     4
41.2365158171043     0.481553312808777     0     8     4
41.2232886526848     0.472151997268333     0     8     4
41.2100617475467     0.463775210494729     0     8     4
41.1968351026086     0.459320259849929     0     8     4
41.1836087187894     0.447114232417064     0     8     4
41.1703825970079     0.439882591182658     0     8     4
41.1571567381829     0.428430982279521     0     8     4
41.1439311432336     0.430722534624704     0     8     4
41.130705813079     0.425242945546287     0     8     4
41.1174807486384     0.416507617251465     0     8     4
41.1042559508312     0.411237034918258     0     8     4
41.0910314205766     0.407761507046746     0     8     4
41.0778071587943     0.396383355923717     0     8     4
41.0645831664038     0.392190818391219     0     8     4
41.0513594443248     0.393574218194186     0     8     4
41.0381359934772     0.387441230502825     0     8     4
41.0249128147808     0.380640426003631     0     8     4
41.0116899091557     0.379531196271466     0     8     4
40.9984672775219     0.370766108219344     0     8     4
40.9852449207996     0.367868731927027     0     8     4
40.9720228399091     0.359552783657736     0     8     4
40.9588010357708     0.365509314052851     0     8     4
40.9455795093053     0.360280020960397     0     8     4
40.932358261433     0.358898942625181     0     8     4
40.9191372930747     0.354664086727866     0     8     4
40.9059166051511     0.349284956824018     0     8     4
40.8926961985833     0.34276808334358     0     8     4
40.8794760742921     0.350688942372876     0     8     4
40.8662562331986     0.346803765039858     0     8     4
40.8530366762241     0.341885926142339     0     8     4
40.8398174042898     0.335965210572961     0     8     4
40.8265984183172     0.338340192556962     0     8     4
40.8133797192277     0.332825144270513     0     8     4
40.800161307943     0.329009538864196     0     8     4
40.7869431853848     0.336272535215065     0     8     4
40.7737253524748     0.331795841756194     0     8     4
40.7605078101351     0.325988607402844     0     8     4
40.7472905592876     0.327586215844181     0     8     4
40.7340736008544     0.325156370632623     0     8     4
40.7208569357578     0.323536544320397     0     8     4
40.7076405649202     0.319588646925385     0     8     4
40.6944244892639     0.32613145114769     0     8     4
40.6812087097115     0.323276152679137     0     8     4
40.6679932271857     0.319027776719434     0     8     4
40.6547780426093     0.31836724617051     0     8     4
40.6415631569051     0.316990534652087     0     8     4
40.628348570996     0.315289379681398     0     8     4
40.6151342858053     0.314502457419701     0     8     4
40.601920302256     0.318851001671366     0     8     4
40.5887066212714     0.318512901500098     0     8     4
40.5754932437751     0.314946303993471     0     8     4
40.5622801706905     0.310773484613393     0     8     4
40.5490674029412     0.309149463066708     0     8     4
40.5358549414509     0.307273402256841     0     8     4
40.5226427871436     0.303987939119113     0     8     4
40.5094309409432     0.31321879606353     0     8     4
40.4962194037737     0.310446173702061     0     8     4
40.4830081765594     0.311802052627817     0     8     4
40.4697972602245     0.308674722995781     0     8     4
40.4565866556934     0.305982154011171     0     8     4
40.4433763638906     0.301299842052979     0     8     4
40.4301663857409     0.300791800679466     0     8     4
40.4169567221688     0.304813613783828     0     8     4
40.4037473740993     0.299387340194398     0     8     4
40.3905383424574     0.296017251641136     0     8     4
40.3773296281681     0.297119425760015     0     8     4
40.3641212321566     0.291460293403381     0     8     4
