44.9867361074297     0.322504863964903     0     2     -10
44.9734722157648     0.32077193513091     0     2     -10
44.9602083259105     0.31831185725553     0     2     -10
44.9469444387722     0.316993111594925     0     2     -10
44.9336805552553     0.317300492931712     0     2     -10
44.9204166762651     0.312262707576522     0     2     -10
44.9071528027069     0.31420088590743     0     2     -10
44.8938889354862     0.31790061516498     0     2     -10
44.8806250755081     0.315080274807713     0     2     -10
44.8673612236781     0.31627992450734     0     2     -10
44.8540973809016     0.314810196484553     0     2     -10
44.8408335480838     0.310821818544596     0     2     -10
44.8275697261302     0.312617146991962     0     2     -10
44.8143059159461     0.3072376089624     0     2     -10
44.8010421184369     0.307251550733483     0     2     -10
44.7877783345079     0.309653251837987     0     2     -10
44.7745145650645     0.312480465760414     0     2     -10
44.7612508110122     0.30469698813984     0     2     -10
44.7479870732562     0.307895907294944     0     2     -10
44.7347233527021     0.304087031155252     0     2     -10
44.7214596502551     0.303724428296673     0     2     -10
44.7081959668207     0.30020725173429     0     2     -10
44.6949323033044     0.311538723649851     0     2     -10
44.6816686606115     0.310190896740405     0     2     -10
44.6684050396474     0.309828469810411     0     2     -10
44.6551414413176     0.306835015743534     0     2     -10
44.6418778665275     0.304395800620113     0     2     -10
44.6286143161827     0.301846922550979     0     2     -10
44.6153507911885     0.303437738610176     0     2     -10
44.6020872924504     0.299544283510774     0     2     -10
44.5888238208739     0.306921488711377     0     2     -10
44.5755603773645     0.304910625141098     0     2     -10
44.5622969628277     0.302753818637852     0     2     -10
44.549033578169     0.298756042348535     0     2     -10
44.5357702242939     0.296726026368815     0     2     -10
44.522506902108     0.298914346333421     0     2     -10
44.5092436125167     0.294434517900746     0     2     -10
44.4959803564257     0.289208948257575     0     2     -10
44.4827171347406     0.302141200896963     0     2     -10
44.4694539483668     0.299412033913184     0     2     -10
44.45619079821     0.296954689661423     0     2     -10
44.4429276851758     0.296450126020508     0     2     -10
44.4296646101698     0.295550375343965     0     2     -10
44.4164015740977     0.291260605054202     0     2     -10
44.4031385778651     0.291096249267327     0     2     -10
44.3898756223776     0.294832392888452     0     2     -10
44.376612708541     0.298392227146482     0     2     -10
44.3633498372608     0.295163712653416     0     2     -10
44.3500870094429     0.294500451887298     0     2     -10
44.336824225993     0.292559134311498     0     2     -10
44.3235614878167     0.288350955228908     0     2     -10
44.3102987958199     0.287074989081817     0     2     -10
44.2970361509082     0.286737218958359     0     2     -10
44.2837735539876     0.292581938154281     0     2     -10
44.2705110059638     0.293805025273851     0     2     -10
44.2572485077426     0.287522296147974     0     2     -10
44.2439860602298     0.28568546684731     0     2     -10
44.2307236643314     0.282112923383735     0     2     -10
44.2174613209532     0.282146098851753     0     2     -10
44.2041990310011     0.280002745069794     0     2     -10
44.190936795381     0.288979638589451     0     2     -10
44.1776746149988     0.288050743188802     0     2     -10
44.1644124907606     0.286713240855382     0     2     -10
44.1511504235722     0.285874279679553     0     2     -10
44.1378884143397     0.287627571114309     0     2     -10
44.1246264639691     0.279534542551165     0     2     -10
44.1113645733664     0.28043270869923     0     2     -10
44.0981027434377     0.272251172525403     0     2     -10
44.0848409750891     0.284339631128813     0     2     -10
44.0715792692266     0.279152870582169     0     2     -10
44.0583176267565     0.283650717691182     0     2     -10
44.0450560485848     0.277164923220387     0     2     -10
44.0317945356177     0.279501635073569     0     2     -10
44.0185330887614     0.276066171310182     0     2     -10
44.0052717089222     0.279992799361773     0     2     -10
43.9920103970062     0.285409790063019     0     2     -10
43.9787491539198     0.283386213521855     0     2     -10
43.9654879805692     0.283447938104932     0     2     -10
43.9522268778607     0.282795007501787     0     2     -10
43.9389658467008     0.281579533815332     0     2     -10
43.9257048879957     0.280983558513227     0     2     -10
43.912444002652     0.275189380711781     0     2     -10
43.8991831915758     0.27224664808545     0     2     -10
43.8859224556739     0.28079727824165     0     2     -10
43.8726617958525     0.278504143325291     0     2     -10
43.8594012130182     0.275000751402711     0     2     -10
43.8461407080776     0.277711423343836     0     2     -10
43.8328802819372     0.275511986606904     0     2     -10
43.8196199355036     0.268264235194809     0     2     -10
43.8063596696833     0.265788819380875     0     2     -10
43.7930994853832     0.276610961776574     0     2     -10
43.7798393835097     0.268704211974459     0     2     -10
43.7665793649697     0.265579432149658     0     2     -10
43.7533194306699     0.265126018989896     0     2     -10
43.7400595815169     0.267193269046891     0     2     -10
43.7267998184177     0.262581010353117     0     2     -10
43.7135401422791     0.255195267185222     0     2     -10
43.7002805540078     0.25215876169078     0     2     -10
43.6870210545109     0.266794728179072     0     2     -10
43.6737616446951     0.26553670435751     0     2     -10
43.6605023254675     0.260644210080465     0     2     -10
43.6472430977351     0.26021363470034     0     2     -10
43.6339839624049     0.25917330663377     0     2     -10
43.6207249203839     0.252081784056629     0     2     -10
43.6074659725792     0.256118772603434     0     2     -10
43.5942071198979     0.261316586282196     0     2     -10
43.5809483632472     0.260709062467624     0     2     -10
43.5676897035343     0.257232243050801     0     2     -10
43.5544311416664     0.25426133815274     0     2     -10
43.5411726785508     0.25281491634474     0     2     -10
43.5279143150947     0.24775046632964     0     2     -10
43.5146560522055     0.242074355667288     0     2     -10
43.5013978907905     0.254490343078358     0     2     -10
43.4881398317573     0.248754251733306     0     2     -10
43.4748818760131     0.252370048772604     0     2     -10
43.4616240244654     0.249606722762961     0     2     -10
43.4483662780219     0.251673587068504     0     2     -10
43.43510863759     0.245083465936023     0     2     -10
43.4218511040773     0.243575656565504     0     2     -10
43.4085936783915     0.235392892746349     0     2     -10
43.3953363614402     0.24982641429675     0     2     -10
43.3820791541312     0.246224836509548     0     2     -10
43.3688220573721     0.237379625221792     0     2     -10
43.3555650720708     0.241018621745102     0     2     -10
43.3423081991352     0.246180956550406     0     2     -10
43.3290514394729     0.241400197215068     0     2     -10
43.3157947939921     0.238722272892308     0     2     -10
43.3025382636006     0.247918341316002     0     2     -10
43.2892818492064     0.245023676023972     0     2     -10
43.2760255517175     0.237866248739766     0     2     -10
43.2627693720421     0.240912095008603     0     2     -10
43.2495133110882     0.24168323568891     0     2     -10
43.236257369764     0.240379712334587     0     2     -10
43.2230015489777     0.234140427205885     0     2     -10
43.2097458496376     0.249881348405971     0     2     -10
43.1964902726519     0.245386460004034     0     2     -10
43.183234818929     0.240212436171474     0     2     -10
43.1699794893773     0.240215468227599     0     2     -10
43.1567242849051     0.241911113413831     0     2     -10
43.1434692064209     0.240685164007486     0     2     -10
43.1302142548334     0.238340152732819     0     2     -10
43.1169594310509     0.24932009561309     0     2     -10
43.1037047359822     0.249914687068926     0     2     -10
43.0904501705359     0.241520255587912     0     2     -10
43.0771957356206     0.243022754179463     0     2     -10
43.0639414321452     0.243976362665311     0     2     -10
43.0506872610184     0.242769373433881     0     2     -10
43.0374332231491     0.240645344577519     0     2     -10
43.0241793194461     0.237705836155778     0     2     -10
43.0109255508184     0.245922717121944     0     2     -10
42.9976719181749     0.243281508426599     0     2     -10
42.9844184224248     0.245224968479621     0     2     -10
42.9711650644771     0.245383185232542     0     2     -10
42.9579118452409     0.245221934571733     0     2     -10
42.9446587656254     0.24598871284675     0     2     -10
42.9314058265398     0.240687547034944     0     2     -10
42.9181530288935     0.250065583375813     0     2     -10
42.9049003735958     0.247198675210179     0     2     -10
42.891647861556     0.245539574888675     0     2     -10
42.8783954936836     0.242554628370159     0     2     -10
42.865143270888     0.242269267405739     0     2     -10
42.8518911940789     0.242647447196289     0     2     -10
42.8386392641659     0.241660802633513     0     2     -10
42.8253874820585     0.248939681931102     0     2     -10
42.8121358486664     0.243733827860562     0     2     -10
42.7988843648995     0.240260710205012     0     2     -10
42.7856330316676     0.242088344341273     0     2     -10
42.7723818498804     0.240253879911395     0     2     -10
42.759130820448     0.240855315288843     0     2     -10
42.7458799442802     0.240882962365001     0     2     -10
42.7326292222872     0.248644675811521     0     2     -10
42.719378655379     0.246655245330251     0     2     -10
42.7061282444657     0.244247788562347     0     2     -10
42.6928779904575     0.239833145322276     0     2     -10
42.6796278942648     0.242614853421403     0     2     -10
42.6663779567977     0.241061604235131     0     2     -10
42.6531281789667     0.236316466680603     0     2     -10
42.6398785616822     0.247722276041275     0     2     -10
42.6266291058547     0.243185461584431     0     2     -10
42.6133798123947     0.242280925617119     0     2     -10
42.6001306822128     0.239851645688761     0     2     -10
42.5868817162196     0.239764833096363     0     2     -10
42.573632915326     0.237341562110707     0     2     -10
42.5603842804426     0.234454808997841     0     2     -10
42.5471358124802     0.23423798975486     0     2     -10
42.5338875123499     0.239932166970272     0     2     -10
42.5206393809625     0.237497985191072     0     2     -10
42.5073914192291     0.233342567990703     0     2     -10
42.4941436280607     0.233010703747337     0     2     -10
42.4808960083686     0.228005970983659     0     2     -10
42.4676485610637     0.232315421895178     0     2     -10
42.4544012870576     0.227821611935886     0     2     -10
42.4411541872613     0.236294944395736     0     2     -10
42.4279072625865     0.231418622739743     0     2     -10
42.4146605139445     0.229171714786476     0     2     -10
42.4014139422467     0.226177653230545     0     2     -10
42.3881675484049     0.22348795676657     0     2     -10
42.3749213333306     0.219682353815726     0     2     -10
42.3616752979356     0.22169051373937     0     2     -10
42.3484294431316     0.231641267098426     0     2     -10
42.3351837698304     0.227755297273575     0     2     -10
42.3219382789441     0.227656326471354     0     2     -10
42.3086929713844     0.227910561326901     0     2     -10
42.2954478480635     0.223191171940824     0     2     -10
42.2822029098935     0.221335034214955     0     2     -10
42.2689581577864     0.218622230051128     0     2     -10
42.2557135926547     0.224259260924188     0     2     -10
42.2424692154105     0.220135230791648     0     2     -10
42.2292250269662     0.216862715944717     0     2     -10
42.2159810282344     0.216848078918755     0     2     -10
42.2027372201273     0.217125672662662     0     2     -10
42.1894936035578     0.211114688440061     0     2     -10
42.1762501794383     0.212003454468683     0     2     -10
42.1630069486816     0.218708419395038     0     2     -10
42.1497639122005     0.213311203777716     0     2     -10
42.1365210709078     0.211849124517575     0     2     -10
42.1232784257165     0.214051551268577     0     2     -10
42.1100359775395     0.211626119505583     0     2     -10
42.09679372729     0.21002842736964     0     2     -10
42.083551675881     0.207636721151863     0     2     -10
42.0703098242257     0.216716431270946     0     2     -10
42.0570681732375     0.211581435639804     0     2     -10
42.0438267238296     0.21022460064293     0     2     -10
42.0305854769156     0.209351513923175     0     2     -10
42.0173444334088     0.208756134542995     0     2     -10
42.0041035942229     0.203345421987021     0     2     -10
41.9908629602715     0.203297161262486     0     2     -10
41.9776225324684     0.21226221141333     0     2     -10
41.9643823117272     0.206546196754959     0     2     -10
41.9511422989619     0.20404602106213     0     2     -10
41.9379024950865     0.202946135511242     0     2     -10
41.9246629010149     0.202556939077813     0     2     -10
41.9114235176612     0.198456617954185     0     2     -10
41.8981843459396     0.199217435530643     0     2     -10
41.8849453867643     0.20929877797443     0     2     -10
41.8717066410497     0.204003722851052     0     2     -10
41.8584681097102     0.202554793613699     0     2     -10
41.8452297936601     0.199270875731097     0     2     -10
41.8319916938142     0.2016983021055     0     2     -10
41.8187538110869     0.197060333741938     0     2     -10
41.8055161463931     0.193499710607431     0     2     -10
41.7922787006474     0.202012551169047     0     2     -10
41.7790414747648     0.200429017332041     0     2     -10
41.7658044696602     0.198835214486404     0     2     -10
41.7525676862486     0.196769184099617     0     2     -10
41.7393311254452     0.197219899455811     0     2     -10
41.726094788165     0.193261331794913     0     2     -10
41.7128586753234     0.191679083039811     0     2     -10
41.6996227878358     0.202612941983073     0     2     -10
41.6863871266174     0.200283904125906     0     2     -10
41.673151692584     0.198866563443628     0     2     -10
41.6599164866509     0.194466085687009     0     2     -10
41.646681509734     0.202544813179035     0     2     -10
41.6334467627489     0.19964543159603     0     2     -10
41.6202122466115     0.195981017295496     0     2     -10
41.6069779622377     0.202974740645905     0     2     -10
41.5937439105435     0.205378255585384     0     2     -10
41.580510092445     0.200505301510496     0     2     -10
41.5672765088584     0.192606137561928     0     2     -10
41.5540431606999     0.191431706105891     0     2     -10
41.5408100488858     0.196426049747071     0     2     -10
41.5275771743327     0.196000742762386     0     2     -10
41.5143445379569     0.193502249314316     0     2     -10
41.5011121406751     0.186557418952221     0     2     -10
41.487879983404     0.1873992109523     0     2     -10
41.4746480670603     0.189886243867067     0     2     -10
41.4614163925608     0.180876462560414     0     2     -10
41.4481849608227     0.174757116933105     0     2     -10
41.4349537727627     0.177946976122376     0     2     -10
41.4217228292982     0.186269086897744     0     2     -10
41.4084921313462     0.181041290554944     0     2     -10
41.395261679824     0.172837632576978     0     2     -10
41.3820314756491     0.170117914591973     0     2     -10
41.368801519739     0.172932317523578     0     2     -10
41.3555718130111     0.172036601975211     0     2     -10
41.3423423563831     0.16349648687296     0     2     -10
41.3291131507728     0.159505681635114     0     2     -10
41.315884197098     0.160428869929887     0     2     -10
41.3026554962766     0.162525682419877     0     2     -10
41.2894270492266     0.155147812608845     0     2     -10
41.2761988568661     0.145393036129265     0     2     -10
41.2629709201134     0.142646339973768     0     2     -10
41.2497432398867     0.142220894191101     0     2     -10
41.2365158171043     0.140192306557375     0     2     -10
41.2232886526848     0.13358208158237     0     2     -10
41.2100617475467     0.129306003635569     0     2     -10
41.1968351026086     0.128077666814823     0     2     -10
41.1836087187894     0.12694796418852     0     2     -10
41.1703825970079     0.126210907630439     0     2     -10
41.1571567381829     0.123572127713838     0     2     -10
41.1439311432336     0.120512634072822     0     2     -10
41.130705813079     0.121345722878611     0     2     -10
41.1174807486384     0.125460328585902     0     2     -10
41.1042559508312     0.122768125336608     0     2     -10
41.0910314205766     0.118224137097574     0     2     -10
41.0778071587943     0.120052272657809     0     2     -10
41.0645831664038     0.127113306113398     0     2     -10
41.0513594443248     0.127423942239436     0     2     -10
41.0381359934772     0.120605492445973     0     2     -10
41.0249128147808     0.123667540205054     0     2     -10
41.0116899091557     0.132755725568805     0     2     -10
40.9984672775219     0.130063535939011     0     2     -10
40.9852449207996     0.122716530670947     0     2     -10
40.9720228399091     0.127458122713407     0     2     -10
40.9588010357708     0.137798678344025     0     2     -10
40.9455795093053     0.132634489219806     0     2     -10
40.932358261433     0.127123178640023     0     2     -10
40.9191372930747     0.13345687154074     0     2     -10
40.9059166051511     0.140438950030862     0     2     -10
40.8926961985833     0.132084417951354     0     2     -10
40.8794760742921     0.131414436972375     0     2     -10
40.8662562331986     0.141050322433453     0     2     -10
40.8530366762241     0.140656689014854     0     2     -10
40.8398174042898     0.130460586096693     0     2     -10
40.8265984183172     0.135979144549645     0     2     -10
40.8133797192277     0.144260337085252     0     2     -10
40.800161307943     0.135898584736843     0     2     -10
40.7869431853848     0.13245404056506     0     2     -10
40.7737253524748     0.142482468843674     0     2     -10
40.7605078101351     0.144321884533456     0     2     -10
40.7472905592876     0.134414915000807     0     2     -10
40.7340736008544     0.135517362540494     0     2     -10
40.7208569357578     0.144239300683356     0     2     -10
40.7076405649202     0.139985708322869     0     2     -10
40.6944244892639     0.134437754218112     0     2     -10
40.6812087097115     0.138849442892393     0     2     -10
40.6679932271857     0.145667659215737     0     2     -10
40.6547780426093     0.136442521688081     0     2     -10
40.6415631569051     0.131739251856072     0     2     -10
40.628348570996     0.140339405450163     0     2     -10
40.6151342858053     0.140846834730783     0     2     -10
40.601920302256     0.133550402077043     0     2     -10
40.5887066212714     0.134790603906836     0     2     -10
40.5754932437751     0.141833533740118     0     2     -10
40.5622801706905     0.137093674996511     0     2     -10
40.5490674029412     0.128994319466813     0     2     -10
40.5358549414509     0.135740561760297     0     2     -10
40.5226427871436     0.140110959516557     0     2     -10
40.5094309409432     0.133044133881358     0     2     -10
40.4962194037737     0.129034680497951     0     2     -10
40.4830081765594     0.138461929686661     0     2     -10
40.4697972602245     0.137800272342567     0     2     -10
40.4565866556934     0.127887899241258     0     2     -10
40.4433763638906     0.128365849183511     0     2     -10
40.4301663857409     0.13592809346975     0     2     -10
40.4169567221688     0.133690356323077     0     2     -10
40.4037473740993     0.125527797540693     0     2     -10
40.3905383424574     0.12813123777076     0     2     -10
40.3773296281681     0.136069504460434     0     2     -10
40.3641212321566     0.130685246113965     0     2     -10
