44.9867361074297     0.869210182213276     0     -8     0
44.9734722157648     0.86907744884733     0     -8     0
44.9602083259105     0.869548024488755     0     -8     0
44.9469444387722     0.869323360739692     0     -8     0
44.9336805552553     0.869501293790866     0     -8     0
44.9204166762651     0.869473072670024     0     -8     0
44.9071528027069     0.869249927697927     0     -8     0
44.8938889354862     0.869147312655808     0     -8     0
44.8806250755081     0.86944583455834     0     -8     0
44.8673612236781     0.869206747355187     0     -8     0
44.8540973809016     0.869290236236191     0     -8     0
44.8408335480838     0.8697006826335     0     -8     0
44.8275697261302     0.869339470776324     0     -8     0
44.8143059159461     0.869774782957207     0     -8     0
44.8010421184369     0.869758466539965     0     -8     0
44.7877783345079     0.869374251028331     0     -8     0
44.7745145650645     0.869753877639917     0     -8     0
44.7612508110122     0.869216053381615     0     -8     0
44.7479870732562     0.869784480380554     0     -8     0
44.7347233527021     0.869718165101563     0     -8     0
44.7214596502551     0.869595343925644     0     -8     0
44.7081959668207     0.869626081843427     0     -8     0
44.6949323033044     0.869579160187715     0     -8     0
44.6816686606115     0.869655836547467     0     -8     0
44.6684050396474     0.869427146413721     0     -8     0
44.6551414413176     0.8698623775092     0     -8     0
44.6418778665275     0.869863520023564     0     -8     0
44.6286143161827     0.869602042393228     0     -8     0
44.6153507911885     0.869820585175188     0     -8     0
44.6020872924504     0.869782350216729     0     -8     0
44.5888238208739     0.869796213480029     0     -8     0
44.5755603773645     0.869689783226809     0     -8     0
44.5622969628277     0.869793870259589     0     -8     0
44.549033578169     0.869670805761434     0     -8     0
44.5357702242939     0.8698674037506     0     -8     0
44.522506902108     0.869698516644066     0     -8     0
44.5092436125167     0.869699710822117     0     -8     0
44.4959803564257     0.869640719330135     0     -8     0
44.4827171347406     0.870090960787803     0     -8     0
44.4694539483668     0.869968763686244     0     -8     0
44.45619079821     0.869966747679451     0     -8     0
44.4429276851758     0.870421436439659     0     -8     0
44.4296646101698     0.870006507309688     0     -8     0
44.4164015740977     0.87015868080006     0     -8     0
44.4031385778651     0.870263298163421     0     -8     0
44.3898756223776     0.870043036893378     0     -8     0
44.376612708541     0.870095714505079     0     -8     0
44.3633498372608     0.870160591939694     0     -8     0
44.3500870094429     0.869997309718895     0     -8     0
44.336824225993     0.870344768405517     0     -8     0
44.3235614878167     0.870107270960749     0     -8     0
44.3102987958199     0.869967984337258     0     -8     0
44.2970361509082     0.869871406909019     0     -8     0
44.2837735539876     0.870060383968507     0     -8     0
44.2705110059638     0.86974434788243     0     -8     0
44.2572485077426     0.870034087846833     0     -8     0
44.2439860602298     0.869962460810347     0     -8     0
44.2307236643314     0.870307705542036     0     -8     0
44.2174613209532     0.870088023975629     0     -8     0
44.2041990310011     0.870370105552738     0     -8     0
44.190936795381     0.870098878912259     0     -8     0
44.1776746149988     0.869980115420224     0     -8     0
44.1644124907606     0.869985316047019     0     -8     0
44.1511504235722     0.870112125929222     0     -8     0
44.1378884143397     0.869842388548931     0     -8     0
44.1246264639691     0.869803601632779     0     -8     0
44.1113645733664     0.869646525530077     0     -8     0
44.0981027434377     0.869804359873628     0     -8     0
44.0848409750891     0.869713776897822     0     -8     0
44.0715792692266     0.869773468265247     0     -8     0
44.0583176267565     0.869575719496221     0     -8     0
44.0450560485848     0.869869946698907     0     -8     0
44.0317945356177     0.869815895315326     0     -8     0
44.0185330887614     0.869466256110037     0     -8     0
44.0052717089222     0.869640589703738     0     -8     0
43.9920103970062     0.869894702679945     0     -8     0
43.9787491539198     0.869599460009927     0     -8     0
43.9654879805692     0.869765212895198     0     -8     0
43.9522268778607     0.869739236214462     0     -8     0
43.9389658467008     0.869748340758334     0     -8     0
43.9257048879957     0.869699572825894     0     -8     0
43.912444002652     0.869786100710071     0     -8     0
43.8991831915758     0.869852640675441     0     -8     0
43.8859224556739     0.870114807515628     0     -8     0
43.8726617958525     0.870177507672046     0     -8     0
43.8594012130182     0.86979470850899     0     -8     0
43.8461407080776     0.869875335663408     0     -8     0
43.8328802819372     0.869953144638956     0     -8     0
43.8196199355036     0.869864462288323     0     -8     0
43.8063596696833     0.869685060583853     0     -8     0
43.7930994853832     0.869773856802401     0     -8     0
43.7798393835097     0.869840602713861     0     -8     0
43.7665793649697     0.870036466095738     0     -8     0
43.7533194306699     0.869766428835237     0     -8     0
43.7400595815169     0.869928529680476     0     -8     0
43.7267998184177     0.870022558266673     0     -8     0
43.7135401422791     0.870254092948271     0     -8     0
43.7002805540078     0.869923941098586     0     -8     0
43.6870210545109     0.869619768669717     0     -8     0
43.6737616446951     0.869851989464628     0     -8     0
43.6605023254675     0.869951128379916     0     -8     0
43.6472430977351     0.869941658726446     0     -8     0
43.6339839624049     0.869937675814214     0     -8     0
43.6207249203839     0.870001602413012     0     -8     0
43.6074659725792     0.869972988907772     0     -8     0
43.5942071198979     0.870091334475307     0     -8     0
43.5809483632472     0.870050080274383     0     -8     0
43.5676897035343     0.870099352499926     0     -8     0
43.5544311416664     0.870355425896452     0     -8     0
43.5411726785508     0.870120990531318     0     -8     0
43.5279143150947     0.870226799273892     0     -8     0
43.5146560522055     0.870158181307145     0     -8     0
43.5013978907905     0.870245788855503     0     -8     0
43.4881398317573     0.870346024738709     0     -8     0
43.4748818760131     0.870287226563706     0     -8     0
43.4616240244654     0.870146664009605     0     -8     0
43.4483662780219     0.870199557560236     0     -8     0
43.43510863759     0.870689623971042     0     -8     0
43.4218511040773     0.870411823110687     0     -8     0
43.4085936783915     0.870539508941213     0     -8     0
43.3953363614402     0.870658211691302     0     -8     0
43.3820791541312     0.870486822622603     0     -8     0
43.3688220573721     0.871124461419369     0     -8     0
43.3555650720708     0.870656364255041     0     -8     0
43.3423081991352     0.870653813905796     0     -8     0
43.3290514394729     0.870825462386855     0     -8     0
43.3157947939921     0.870803710252271     0     -8     0
43.3025382636006     0.871021651496868     0     -8     0
43.2892818492064     0.870553120954777     0     -8     0
43.2760255517175     0.871044663619631     0     -8     0
43.2627693720421     0.870855167466462     0     -8     0
43.2495133110882     0.870720499088275     0     -8     0
43.236257369764     0.870858585351162     0     -8     0
43.2230015489777     0.870863455764642     0     -8     0
43.2097458496376     0.870881564087816     0     -8     0
43.1964902726519     0.870853094268921     0     -8     0
43.183234818929     0.870810465166133     0     -8     0
43.1699794893773     0.870688439947496     0     -8     0
43.1567242849051     0.870907091192201     0     -8     0
43.1434692064209     0.87067995768564     0     -8     0
43.1302142548334     0.870894061973097     0     -8     0
43.1169594310509     0.870801652390413     0     -8     0
43.1037047359822     0.870898206416494     0     -8     0
43.0904501705359     0.870986484157075     0     -8     0
43.0771957356206     0.870497492518248     0     -8     0
43.0639414321452     0.870970546577263     0     -8     0
43.0506872610184     0.870651760309464     0     -8     0
43.0374332231491     0.870606446037905     0     -8     0
43.0241793194461     0.870532104905506     0     -8     0
43.0109255508184     0.870491312442246     0     -8     0
42.9976719181749     0.870340606206466     0     -8     0
42.9844184224248     0.87049405597696     0     -8     0
42.9711650644771     0.87016385123779     0     -8     0
42.9579118452409     0.870392319642068     0     -8     0
42.9446587656254     0.870469209454536     0     -8     0
42.9314058265398     0.870366395016596     0     -8     0
42.9181530288935     0.870363722868316     0     -8     0
42.9049003735958     0.87019348459441     0     -8     0
42.891647861556     0.870529754209932     0     -8     0
42.8783954936836     0.870264997858476     0     -8     0
42.865143270888     0.870503622051448     0     -8     0
42.8518911940789     0.870681321869531     0     -8     0
42.8386392641659     0.8701533590531     0     -8     0
42.8253874820585     0.870606343716491     0     -8     0
42.8121358486664     0.870257490421978     0     -8     0
42.7988843648995     0.870475789087151     0     -8     0
42.7856330316676     0.87079861177125     0     -8     0
42.7723818498804     0.870574674491322     0     -8     0
42.759130820448     0.870734436153787     0     -8     0
42.7458799442802     0.870347776490703     0     -8     0
42.7326292222872     0.870193684574419     0     -8     0
42.719378655379     0.870382419377921     0     -8     0
42.7061282444657     0.870652170907816     0     -8     0
42.6928779904575     0.870656357834951     0     -8     0
42.6796278942648     0.870617315762471     0     -8     0
42.6663779567977     0.870517195704149     0     -8     0
42.6531281789667     0.870435804111925     0     -8     0
42.6398785616822     0.870399738983466     0     -8     0
42.6266291058547     0.870682003246813     0     -8     0
42.6133798123947     0.87033395440157     0     -8     0
42.6001306822128     0.870550211894225     0     -8     0
42.5868817162196     0.870634976794664     0     -8     0
42.573632915326     0.870458854043039     0     -8     0
42.5603842804426     0.870274315894145     0     -8     0
42.5471358124802     0.870527502116808     0     -8     0
42.5338875123499     0.870611006023083     0     -8     0
42.5206393809625     0.870538019350139     0     -8     0
42.5073914192291     0.870438944166733     0     -8     0
42.4941436280607     0.87100722228461     0     -8     0
42.4808960083686     0.8706596825908     0     -8     0
42.4676485610637     0.870941761359007     0     -8     0
42.4544012870576     0.870820134684595     0     -8     0
42.4411541872613     0.870821787577498     0     -8     0
42.4279072625865     0.870879723562087     0     -8     0
42.4146605139445     0.870942408153059     0     -8     0
42.4014139422467     0.870771894812587     0     -8     0
42.3881675484049     0.870761123940268     0     -8     0
42.3749213333306     0.870529001817069     0     -8     0
42.3616752979356     0.870873027185398     0     -8     0
42.3484294431316     0.87058761502785     0     -8     0
42.3351837698304     0.870822977462718     0     -8     0
42.3219382789441     0.870352674069719     0     -8     0
42.3086929713844     0.870687827016696     0     -8     0
42.2954478480635     0.870723076062957     0     -8     0
42.2822029098935     0.870784020547155     0     -8     0
42.2689581577864     0.870695017109591     0     -8     0
42.2557135926547     0.870499757817536     0     -8     0
42.2424692154105     0.870439012010271     0     -8     0
42.2292250269662     0.870428965621708     0     -8     0
42.2159810282344     0.870347114911892     0     -8     0
42.2027372201273     0.870068945092273     0     -8     0
42.1894936035578     0.870194268363679     0     -8     0
42.1762501794383     0.869941794244347     0     -8     0
42.1630069486816     0.870049458690339     0     -8     0
42.1497639122005     0.869482226814811     0     -8     0
42.1365210709078     0.869599004132707     0     -8     0
42.1232784257165     0.86915796075085     0     -8     0
42.1100359775395     0.868875496865573     0     -8     0
42.09679372729     0.868432306208157     0     -8     0
42.083551675881     0.867831819547296     0     -8     0
42.0703098242257     0.867567437755788     0     -8     0
42.0570681732375     0.866655752753945     0     -8     0
42.0438267238296     0.865832661863891     0     -8     0
42.0305854769156     0.864959911624118     0     -8     0
42.0173444334088     0.863135493812372     0     -8     0
42.0041035942229     0.861439951736583     0     -8     0
41.9908629602715     0.860126562832799     0     -8     0
41.9776225324684     0.857622086962335     0     -8     0
41.9643823117272     0.853157461739591     0     -8     0
41.9511422989619     0.84995610738432     0     -8     0
41.9379024950865     0.846584554172299     0     -8     0
41.9246629010149     0.839639450514829     0     -8     0
41.9114235176612     0.829428262704048     0     -8     0
41.8981843459396     0.822641964391145     0     -8     0
41.8849453867643     0.81341806643242     0     -8     0
41.8717066410497     0.797828767957386     0     -8     0
41.8584681097102     0.779677662810205     0     -8     0
41.8452297936601     0.767073559666598     0     -8     0
41.8319916938142     0.747250323935819     0     -8     0
41.8187538110869     0.714431168778938     0     -8     0
41.8055161463931     0.669154385621359     0     -8     0
41.7922787006474     0.619638325875359     0     -8     0
41.7790414747648     0.55099801594266     0     -8     0
41.7658044696602     0.478593435779458     0     -8     0
41.7525676862486     0.413618285123555     0     -8     0
41.7393311254452     0.372776043422033     0     -8     0
41.726094788165     0.374329433955736     0     -8     0
41.7128586753234     0.408338221389295     0     -8     0
41.6996227878358     0.436292547681925     0     -8     0
41.6863871266174     0.452619891692592     0     -8     0
41.673151692584     0.48882594548339     0     -8     0
41.6599164866509     0.539096876686025     0     -8     0
41.646681509734     0.564401890394002     0     -8     0
41.6334467627489     0.572480173822726     0     -8     0
41.6202122466115     0.594786284173255     0     -8     0
41.6069779622377     0.62644508281773     0     -8     0
41.5937439105435     0.640862798408121     0     -8     0
41.580510092445     0.640295061033356     0     -8     0
41.5672765088584     0.650854200828035     0     -8     0
41.5540431606999     0.669661431902766     0     -8     0
41.5408100488858     0.678971425266441     0     -8     0
41.5275771743327     0.674930676103169     0     -8     0
41.5143445379569     0.677342767942529     0     -8     0
41.5011121406751     0.688947196654452     0     -8     0
41.487879983404     0.695898989393306     0     -8     0
41.4746480670603     0.690767681113738     0     -8     0
41.4614163925608     0.68639735633786     0     -8     0
41.4481849608227     0.692762186951252     0     -8     0
41.4349537727627     0.698006720903827     0     -8     0
41.4217228292982     0.69030644098416     0     -8     0
41.4084921313462     0.682177253097505     0     -8     0
41.395261679824     0.685573108953766     0     -8     0
41.3820314756491     0.687345095719352     0     -8     0
41.368801519739     0.676684735050622     0     -8     0
41.3555718130111     0.664343474346727     0     -8     0
41.3423423563831     0.664557759748685     0     -8     0
41.3291131507728     0.662240159368439     0     -8     0
41.315884197098     0.645228955171238     0     -8     0
41.3026554962766     0.630937319107777     0     -8     0
41.2894270492266     0.627893700156572     0     -8     0
41.2761988568661     0.619248591056772     0     -8     0
41.2629709201134     0.59657093302134     0     -8     0
41.2497432398867     0.577847978120083     0     -8     0
41.2365158171043     0.569715827607495     0     -8     0
41.2232886526848     0.550760236259067     0     -8     0
41.2100617475467     0.522687780383936     0     -8     0
41.1968351026086     0.501078767284348     0     -8     0
41.1836087187894     0.48639932378648     0     -8     0
41.1703825970079     0.456935364131743     0     -8     0
41.1571567381829     0.429800508006436     0     -8     0
41.1439311432336     0.408546514783243     0     -8     0
41.130705813079     0.383845876228931     0     -8     0
41.1174807486384     0.355177271181748     0     -8     0
41.1042559508312     0.34135201048306     0     -8     0
41.0910314205766     0.319477791821349     0     -8     0
41.0778071587943     0.294010454611881     0     -8     0
41.0645831664038     0.28761500117853     0     -8     0
41.0513594443248     0.279366242905725     0     -8     0
41.0381359934772     0.253957388924425     0     -8     0
41.0249128147808     0.253520664874163     0     -8     0
41.0116899091557     0.266449299017882     0     -8     0
40.9984672775219     0.250970576699271     0     -8     0
40.9852449207996     0.243395541940888     0     -8     0
40.9720228399091     0.268400280393679     0     -8     0
40.9588010357708     0.274683762324105     0     -8     0
40.9455795093053     0.257877064009967     0     -8     0
40.932358261433     0.281114436285257     0     -8     0
40.9191372930747     0.305912555235462     0     -8     0
40.9059166051511     0.295196930676751     0     -8     0
40.8926961985833     0.294469125677952     0     -8     0
40.8794760742921     0.331609771814504     0     -8     0
40.8662562331986     0.340124189871912     0     -8     0
40.8530366762241     0.325278714237572     0     -8     0
40.8398174042898     0.342118721865714     0     -8     0
40.8265984183172     0.372555836036645     0     -8     0
40.8133797192277     0.365569691225476     0     -8     0
40.800161307943     0.358100303796081     0     -8     0
40.7869431853848     0.385697427086363     0     -8     0
40.7737253524748     0.399258532202368     0     -8     0
40.7605078101351     0.383203309486424     0     -8     0
40.7472905592876     0.392342214074563     0     -8     0
40.7340736008544     0.417741074292958     0     -8     0
40.7208569357578     0.410197850269511     0     -8     0
40.7076405649202     0.398320901340762     0     -8     0
40.6944244892639     0.418982850391365     0     -8     0
40.6812087097115     0.429875224813666     0     -8     0
40.6679932271857     0.412615232730135     0     -8     0
40.6547780426093     0.41156254613277     0     -8     0
40.6415631569051     0.430686165727416     0     -8     0
40.628348570996     0.427847806149201     0     -8     0
40.6151342858053     0.410430276746088     0     -8     0
40.601920302256     0.415477437519104     0     -8     0
40.5887066212714     0.429676059707755     0     -8     0
40.5754932437751     0.419282536295036     0     -8     0
40.5622801706905     0.404152876819781     0     -8     0
40.5490674029412     0.410200888411356     0     -8     0
40.5358549414509     0.41885750749518     0     -8     0
40.5226427871436     0.407500384221938     0     -8     0
40.5094309409432     0.39089639929497     0     -8     0
40.4962194037737     0.394218722406834     0     -8     0
40.4830081765594     0.40131516524011     0     -8     0
40.4697972602245     0.39072761555892     0     -8     0
40.4565866556934     0.372909761783641     0     -8     0
40.4433763638906     0.370958373637802     0     -8     0
40.4301663857409     0.377010694980852     0     -8     0
40.4169567221688     0.368958636191489     0     -8     0
40.4037473740993     0.349834455015551     0     -8     0
40.3905383424574     0.342989306017865     0     -8     0
40.3773296281681     0.346824929541749     0     -8     0
40.3641212321566     0.341476650075481     0     -8     0
