44.9867361074297     0.864918424105943     0     -10     6
44.9734722157648     0.865149331422361     0     -10     6
44.9602083259105     0.865004925213751     0     -10     6
44.9469444387722     0.865050814541335     0     -10     6
44.9336805552553     0.864939774606174     0     -10     6
44.9204166762651     0.86505165431218     0     -10     6
44.9071528027069     0.864934869010585     0     -10     6
44.8938889354862     0.86486864742387     0     -10     6
44.8806250755081     0.864809200898223     0     -10     6
44.8673612236781     0.864724440618721     0     -10     6
44.8540973809016     0.864882811869411     0     -10     6
44.8408335480838     0.864648337443847     0     -10     6
44.8275697261302     0.864876323548104     0     -10     6
44.8143059159461     0.865136422223044     0     -10     6
44.8010421184369     0.864463208317608     0     -10     6
44.7877783345079     0.864662126834771     0     -10     6
44.7745145650645     0.864525576175959     0     -10     6
44.7612508110122     0.864568975013821     0     -10     6
44.7479870732562     0.864582092417488     0     -10     6
44.7347233527021     0.86445470103088     0     -10     6
44.7214596502551     0.864393465732335     0     -10     6
44.7081959668207     0.864340278875501     0     -10     6
44.6949323033044     0.864313736928288     0     -10     6
44.6816686606115     0.864428693566321     0     -10     6
44.6684050396474     0.864106791106013     0     -10     6
44.6551414413176     0.864158766066803     0     -10     6
44.6418778665275     0.863999737172608     0     -10     6
44.6286143161827     0.864085701739763     0     -10     6
44.6153507911885     0.864067015938866     0     -10     6
44.6020872924504     0.863837223635462     0     -10     6
44.5888238208739     0.863915845544268     0     -10     6
44.5755603773645     0.863756630723739     0     -10     6
44.5622969628277     0.86388702267388     0     -10     6
44.549033578169     0.863713280412416     0     -10     6
44.5357702242939     0.8635812222998     0     -10     6
44.522506902108     0.863726110945703     0     -10     6
44.5092436125167     0.863560964210371     0     -10     6
44.4959803564257     0.863524212103926     0     -10     6
44.4827171347406     0.863434290296536     0     -10     6
44.4694539483668     0.8633882415532     0     -10     6
44.45619079821     0.863223654429937     0     -10     6
44.4429276851758     0.863384586502281     0     -10     6
44.4296646101698     0.863241943762661     0     -10     6
44.4164015740977     0.863192358059909     0     -10     6
44.4031385778651     0.863224315358974     0     -10     6
44.3898756223776     0.86306686868475     0     -10     6
44.376612708541     0.86308295257677     0     -10     6
44.3633498372608     0.863061087951887     0     -10     6
44.3500870094429     0.862819227593175     0     -10     6
44.336824225993     0.86303361380359     0     -10     6
44.3235614878167     0.86279987130404     0     -10     6
44.3102987958199     0.862719604237612     0     -10     6
44.2970361509082     0.862810946893137     0     -10     6
44.2837735539876     0.862749997982399     0     -10     6
44.2705110059638     0.862643998776311     0     -10     6
44.2572485077426     0.862814890151414     0     -10     6
44.2439860602298     0.862614910067426     0     -10     6
44.2307236643314     0.862585558018371     0     -10     6
44.2174613209532     0.862378418797821     0     -10     6
44.2041990310011     0.862423329114308     0     -10     6
44.190936795381     0.862398890704114     0     -10     6
44.1776746149988     0.862379125493004     0     -10     6
44.1644124907606     0.862232847582377     0     -10     6
44.1511504235722     0.86227476836714     0     -10     6
44.1378884143397     0.862153502630376     0     -10     6
44.1246264639691     0.862121238984097     0     -10     6
44.1113645733664     0.861863101029554     0     -10     6
44.0981027434377     0.861611761701124     0     -10     6
44.0848409750891     0.861577411395709     0     -10     6
44.0715792692266     0.861835360320448     0     -10     6
44.0583176267565     0.861595756341508     0     -10     6
44.0450560485848     0.86181894957395     0     -10     6
44.0317945356177     0.86152949444005     0     -10     6
44.0185330887614     0.86152994194888     0     -10     6
44.0052717089222     0.861387921811169     0     -10     6
43.9920103970062     0.861401864853664     0     -10     6
43.9787491539198     0.861341548028133     0     -10     6
43.9654879805692     0.861416575455742     0     -10     6
43.9522268778607     0.861261629557001     0     -10     6
43.9389658467008     0.861065445682676     0     -10     6
43.9257048879957     0.861153005862637     0     -10     6
43.912444002652     0.861073663398718     0     -10     6
43.8991831915758     0.860810925515277     0     -10     6
43.8859224556739     0.861182014373645     0     -10     6
43.8726617958525     0.86112973507184     0     -10     6
43.8594012130182     0.860911653178278     0     -10     6
43.8461407080776     0.860993478049711     0     -10     6
43.8328802819372     0.860923960337766     0     -10     6
43.8196199355036     0.860855526184686     0     -10     6
43.8063596696833     0.860865264496836     0     -10     6
43.7930994853832     0.860649486749204     0     -10     6
43.7798393835097     0.860774957856451     0     -10     6
43.7665793649697     0.86075447790121     0     -10     6
43.7533194306699     0.860775960720192     0     -10     6
43.7400595815169     0.860662052721902     0     -10     6
43.7267998184177     0.860586727248187     0     -10     6
43.7135401422791     0.860670461740105     0     -10     6
43.7002805540078     0.860512870611237     0     -10     6
43.6870210545109     0.860671640342965     0     -10     6
43.6737616446951     0.860518501381832     0     -10     6
43.6605023254675     0.860402640104207     0     -10     6
43.6472430977351     0.860497337750262     0     -10     6
43.6339839624049     0.860401914719675     0     -10     6
43.6207249203839     0.860296200150031     0     -10     6
43.6074659725792     0.86663402716979     0     -10     6
43.5942071198979     0.866702803134868     0     -10     6
43.5809483632472     0.866493027950107     0     -10     6
43.5676897035343     0.866714707995941     0     -10     6
43.5544311416664     0.866614047414825     0     -10     6
43.5411726785508     0.866629204306812     0     -10     6
43.5279143150947     0.866643541544837     0     -10     6
43.5146560522055     0.866691044479831     0     -10     6
43.5013978907905     0.866790017358313     0     -10     6
43.4881398317573     0.866612338903406     0     -10     6
43.4748818760131     0.866501377445082     0     -10     6
43.4616240244654     0.866567085481694     0     -10     6
43.4483662780219     0.866341209862333     0     -10     6
43.43510863759     0.866489215905621     0     -10     6
43.4218511040773     0.866441106397594     0     -10     6
43.4085936783915     0.866343030791831     0     -10     6
43.3953363614402     0.866413961923146     0     -10     6
43.3820791541312     0.86622432947286     0     -10     6
43.3688220573721     0.866384813555106     0     -10     6
43.3555650720708     0.86638221656186     0     -10     6
43.3423081991352     0.86620059975843     0     -10     6
43.3290514394729     0.866225440404619     0     -10     6
43.3157947939921     0.865966895414542     0     -10     6
43.3025382636006     0.866045812534386     0     -10     6
43.2892818492064     0.866117775310188     0     -10     6
43.2760255517175     0.86617822464954     0     -10     6
43.2627693720421     0.866039735180949     0     -10     6
43.2495133110882     0.865956146168905     0     -10     6
43.236257369764     0.866128592705677     0     -10     6
43.2230015489777     0.865884953856853     0     -10     6
43.2097458496376     0.866017192026684     0     -10     6
43.1964902726519     0.865977624160161     0     -10     6
43.183234818929     0.866113952894836     0     -10     6
43.1699794893773     0.86582529328632     0     -10     6
43.1567242849051     0.866037591809706     0     -10     6
43.1434692064209     0.866127466859151     0     -10     6
43.1302142548334     0.866025167122338     0     -10     6
43.1169594310509     0.865868960191222     0     -10     6
43.1037047359822     0.865996987912067     0     -10     6
43.0904501705359     0.865936232169925     0     -10     6
43.0771957356206     0.865996987413395     0     -10     6
43.0639414321452     0.866071713504498     0     -10     6
43.0506872610184     0.866009002723885     0     -10     6
43.0374332231491     0.865944011013438     0     -10     6
43.0241793194461     0.866024118695314     0     -10     6
43.0109255508184     0.866078916765817     0     -10     6
42.9976719181749     0.865963981555493     0     -10     6
42.9844184224248     0.865946065053201     0     -10     6
42.9711650644771     0.866103389829122     0     -10     6
42.9579118452409     0.866177624424892     0     -10     6
42.9446587656254     0.866031918798379     0     -10     6
42.9314058265398     0.866042225139617     0     -10     6
42.9181530288935     0.866105098326611     0     -10     6
42.9049003735958     0.8659870120473     0     -10     6
42.891647861556     0.865880244849928     0     -10     6
42.8783954936836     0.866010894067848     0     -10     6
42.865143270888     0.866027427523686     0     -10     6
42.8518911940789     0.86600761479956     0     -10     6
42.8386392641659     0.865888890552913     0     -10     6
42.8253874820585     0.866016632944437     0     -10     6
42.8121358486664     0.866042547702035     0     -10     6
42.7988843648995     0.866047360110537     0     -10     6
42.7856330316676     0.865846249050295     0     -10     6
42.7723818498804     0.866012124103953     0     -10     6
42.759130820448     0.86596371944969     0     -10     6
42.7458799442802     0.865916186330689     0     -10     6
42.7326292222872     0.865915320421092     0     -10     6
42.719378655379     0.865907565106773     0     -10     6
42.7061282444657     0.866027153679835     0     -10     6
42.6928779904575     0.86598942178387     0     -10     6
42.6796278942648     0.865935891527411     0     -10     6
42.6663779567977     0.865721883433699     0     -10     6
42.6531281789667     0.865991408141846     0     -10     6
42.6398785616822     0.865861286173211     0     -10     6
42.6266291058547     0.865926231139837     0     -10     6
42.6133798123947     0.865731762632978     0     -10     6
42.6001306822128     0.865908380023239     0     -10     6
42.5868817162196     0.86577550999752     0     -10     6
42.573632915326     0.865927736507364     0     -10     6
42.5603842804426     0.865761726075281     0     -10     6
42.5471358124802     0.865799145511056     0     -10     6
42.5338875123499     0.86582102413169     0     -10     6
42.5206393809625     0.865805187674378     0     -10     6
42.5073914192291     0.865749928764426     0     -10     6
42.4941436280607     0.865883996106386     0     -10     6
42.4808960083686     0.866007495235795     0     -10     6
42.4676485610637     0.86581422445616     0     -10     6
42.4544012870576     0.865787418431909     0     -10     6
42.4411541872613     0.865870207033735     0     -10     6
42.4279072625865     0.865818100377272     0     -10     6
42.4146605139445     0.865942571415832     0     -10     6
42.4014139422467     0.865909678968817     0     -10     6
42.3881675484049     0.865888602211673     0     -10     6
42.3749213333306     0.866036890421953     0     -10     6
42.3616752979356     0.865994687945237     0     -10     6
42.3484294431316     0.865948951628923     0     -10     6
42.3351837698304     0.866005457260436     0     -10     6
42.3219382789441     0.865826619255665     0     -10     6
42.3086929713844     0.865946028968138     0     -10     6
42.2954478480635     0.86588502601751     0     -10     6
42.2822029098935     0.865843864921545     0     -10     6
42.2689581577864     0.86592303743225     0     -10     6
42.2557135926547     0.865732401697928     0     -10     6
42.2424692154105     0.865808540967469     0     -10     6
42.2292250269662     0.865703519299727     0     -10     6
42.2159810282344     0.865586472444466     0     -10     6
42.2027372201273     0.865688990293834     0     -10     6
42.1894936035578     0.865504802950558     0     -10     6
42.1762501794383     0.86529808728863     0     -10     6
42.1630069486816     0.865060957627443     0     -10     6
42.1497639122005     0.865103638814678     0     -10     6
42.1365210709078     0.864745495276631     0     -10     6
42.1232784257165     0.864176837484458     0     -10     6
42.1100359775395     0.864105571665807     0     -10     6
42.09679372729     0.863796343002022     0     -10     6
42.083551675881     0.863174382077927     0     -10     6
42.0703098242257     0.862537979632787     0     -10     6
42.0570681732375     0.86207197332552     0     -10     6
42.0438267238296     0.861212317122593     0     -10     6
42.0305854769156     0.859807305524978     0     -10     6
42.0173444334088     0.858867701261251     0     -10     6
42.0041035942229     0.857544444992882     0     -10     6
41.9908629602715     0.855227434748167     0     -10     6
41.9776225324684     0.852660174199899     0     -10     6
41.9643823117272     0.850746384147178     0     -10     6
41.9511422989619     0.847095527173527     0     -10     6
41.9379024950865     0.841032206800353     0     -10     6
41.9246629010149     0.835873763642656     0     -10     6
41.9114235176612     0.830338550754551     0     -10     6
41.8981843459396     0.820244394882654     0     -10     6
41.8849453867643     0.806252579507573     0     -10     6
41.8717066410497     0.795895674315363     0     -10     6
41.8584681097102     0.787419930578648     0     -10     6
41.8452297936601     0.774940473838524     0     -10     6
41.8319916938142     0.75931573990961     0     -10     6
41.8187538110869     0.745474472497207     0     -10     6
41.8055161463931     0.716688477839592     0     -10     6
41.7922787006474     0.651259629493639     0     -10     6
41.7790414747648     0.551032692065327     0     -10     6
41.7658044696602     0.452385468184091     0     -10     6
41.7525676862486     0.394649396834554     0     -10     6
41.7393311254452     0.391572591084287     0     -10     6
41.726094788165     0.413312880090742     0     -10     6
41.7128586753234     0.427494974101096     0     -10     6
41.6996227878358     0.458634924873589     0     -10     6
41.6863871266174     0.509815099842356     0     -10     6
41.673151692584     0.550780867382603     0     -10     6
41.6599164866509     0.564564793650675     0     -10     6
41.646681509734     0.585883500451396     0     -10     6
41.6334467627489     0.620054259225762     0     -10     6
41.6202122466115     0.641499975803215     0     -10     6
41.6069779622377     0.644047101131748     0     -10     6
41.5937439105435     0.652443030469439     0     -10     6
41.580510092445     0.672295803189114     0     -10     6
41.5672765088584     0.683964229364185     0     -10     6
41.5540431606999     0.680628941587784     0     -10     6
41.5408100488858     0.680106082058914     0     -10     6
41.5275771743327     0.691161143656166     0     -10     6
41.5143445379569     0.700890565417661     0     -10     6
41.5011121406751     0.695858579050132     0     -10     6
41.487879983404     0.689968990605162     0     -10     6
41.4746480670603     0.696235877806413     0     -10     6
41.4614163925608     0.703433221235123     0     -10     6
41.4481849608227     0.69731209741028     0     -10     6
41.4349537727627     0.688491086337634     0     -10     6
41.4217228292982     0.690048326632349     0     -10     6
41.4084921313462     0.694484615390186     0     -10     6
41.395261679824     0.685951338704452     0     -10     6
41.3820314756491     0.673818228354449     0     -10     6
41.368801519739     0.67235962688289     0     -10     6
41.3555718130111     0.671501914793141     0     -10     6
41.3423423563831     0.658160120818454     0     -10     6
41.3291131507728     0.639430290090997     0     -10     6
41.315884197098     0.632831922077629     0     -10     6
41.3026554962766     0.623447245847347     0     -10     6
41.2894270492266     0.59937756435539     0     -10     6
41.2761988568661     0.572998232734756     0     -10     6
41.2629709201134     0.560232217237836     0     -10     6
41.2497432398867     0.537702834583113     0     -10     6
41.2365158171043     0.501071636613287     0     -10     6
41.2232886526848     0.469801316560736     0     -10     6
41.2100617475467     0.450168074730434     0     -10     6
41.1968351026086     0.411264495853786     0     -10     6
41.1836087187894     0.381685556186774     0     -10     6
41.1703825970079     0.356704844798155     0     -10     6
41.1571567381829     0.32683011552204     0     -10     6
41.1439311432336     0.289391457116243     0     -10     6
41.130705813079     0.279725008474953     0     -10     6
41.1174807486384     0.259816632884971     0     -10     6
41.1042559508312     0.230983615293837     0     -10     6
41.0910314205766     0.228031045983912     0     -10     6
41.0778071587943     0.233070320622271     0     -10     6
41.0645831664038     0.207822059860512     0     -10     6
41.0513594443248     0.203540815253711     0     -10     6
41.0381359934772     0.232703249384181     0     -10     6
41.0249128147808     0.227405863895124     0     -10     6
41.0116899091557     0.214259790624422     0     -10     6
40.9984672775219     0.244842994803053     0     -10     6
40.9852449207996     0.265466782303954     0     -10     6
40.9720228399091     0.249038833108421     0     -10     6
40.9588010357708     0.268646693302528     0     -10     6
40.9455795093053     0.302828902042226     0     -10     6
40.932358261433     0.299852271145589     0     -10     6
40.9191372930747     0.293618295211839     0     -10     6
40.9059166051511     0.328008674263571     0     -10     6
40.8926961985833     0.346532387865556     0     -10     6
40.8794760742921     0.335217237840382     0     -10     6
40.8662562331986     0.34526832167163     0     -10     6
40.8530366762241     0.377299565974934     0     -10     6
40.8398174042898     0.376597720615665     0     -10     6
40.8265984183172     0.364770911134278     0     -10     6
40.8133797192277     0.385876063650439     0     -10     6
40.800161307943     0.404422444982479     0     -10     6
40.7869431853848     0.392232605519223     0     -10     6
40.7737253524748     0.392472718519942     0     -10     6
40.7605078101351     0.414183999458911     0     -10     6
40.7472905592876     0.413264884994269     0     -10     6
40.7340736008544     0.398578623064626     0     -10     6
40.7208569357578     0.410122304882934     0     -10     6
40.7076405649202     0.422774796999218     0     -10     6
40.6944244892639     0.409177951330578     0     -10     6
40.6812087097115     0.400494368915968     0     -10     6
40.6679932271857     0.414646264586108     0     -10     6
40.6547780426093     0.415417204722502     0     -10     6
40.6415631569051     0.396035330622083     0     -10     6
40.628348570996     0.395044595994922     0     -10     6
40.6151342858053     0.405343852532127     0     -10     6
40.601920302256     0.396398527253311     0     -10     6
40.5887066212714     0.378186614753168     0     -10     6
40.5754932437751     0.379038214416267     0     -10     6
40.5622801706905     0.383810937760506     0     -10     6
40.5490674029412     0.371959147284591     0     -10     6
40.5358549414509     0.354449665749783     0     -10     6
40.5226427871436     0.35422340460619     0     -10     6
40.5094309409432     0.354925499015167     0     -10     6
40.4962194037737     0.341898786348491     0     -10     6
40.4830081765594     0.324230543482823     0     -10     6
40.4697972602245     0.321501523861226     0     -10     6
40.4565866556934     0.321800368044141     0     -10     6
40.4433763638906     0.30937340033492     0     -10     6
40.4301663857409     0.291795630880471     0     -10     6
40.4169567221688     0.284274090596291     0     -10     6
40.4037473740993     0.282446713624014     0     -10     6
40.3905383424574     0.271264052387624     0     -10     6
40.3773296281681     0.254534574877467     0     -10     6
40.3641212321566     0.247400567284098     0     -10     6
