40.3773296281681     0.0894209935463128     0     8     6
40.3905383424574     0.0897107066346015     0     8     6
40.4037473740993     0.0897704198382541     0     8     6
40.4169567221688     0.0901811418505662     0     8     6
40.4301663857409     0.0903402541018686     0     8     6
40.4433763638906     0.0905384202377747     0     8     6
40.4565866556934     0.0906966281856534     0     8     6
40.4697972602245     0.0903202297254669     0     8     6
40.4830081765594     0.0905700509383263     0     8     6
40.4962194037737     0.0911405849277263     0     8     6
40.5094309409432     0.0907866875428089     0     8     6
40.5226427871436     0.0916464115034425     0     8     6
40.5358549414509     0.0913088834862147     0     8     6
40.5490674029412     0.0916724661982602     0     8     6
40.5622801706905     0.0916739573813296     0     8     6
40.5754932437751     0.0916064056055972     0     8     6
40.5887066212714     0.0914752328723788     0     8     6
40.601920302256     0.0908567184744368     0     8     6
40.6151342858053     0.09077142823113     0     8     6
40.628348570996     0.0901310567400423     0     8     6
40.6415631569051     0.0899548612245884     0     8     6
40.6547780426093     0.0899407339000072     0     8     6
40.6679932271857     0.0893856676711389     0     8     6
40.6812087097115     0.0893670365401942     0     8     6
40.6944244892639     0.0895184644317067     0     8     6
40.7076405649202     0.0891683001380849     0     8     6
40.7208569357578     0.0900646070677489     0     8     6
40.7340736008544     0.0898466951351985     0     8     6
40.7472905592876     0.0897962752826326     0     8     6
40.7605078101351     0.0901958015212554     0     8     6
40.7737253524748     0.0898452907394646     0     8     6
40.7869431853848     0.0898488970031405     0     8     6
40.800161307943     0.0889858590298431     0     8     6
40.8133797192277     0.0893683531861181     0     8     6
40.8265984183172     0.0899161300583838     0     8     6
40.8398174042898     0.0901723430185739     0     8     6
40.8530366762241     0.0906589267858482     0     8     6
40.8662562331986     0.0920280652006789     0     8     6
40.8794760742921     0.0927414698907672     0     8     6
40.8926961985833     0.0942996808210472     0     8     6
40.9059166051511     0.0956020844928885     0     8     6
40.9191372930747     0.0974280606592177     0     8     6
40.932358261433     0.0993250748977669     0     8     6
40.9455795093053     0.100603148963984     0     8     6
40.9588010357708     0.10337743281765     0     8     6
40.9720228399091     0.105633378644767     0     8     6
40.9852449207996     0.10863399515177     0     8     6
40.9984672775219     0.111499227722227     0     8     6
41.0116899091557     0.115083779982661     0     8     6
41.0249128147808     0.119555509069265     0     8     6
41.0381359934772     0.124208607641492     0     8     6
41.0513594443248     0.129260548918071     0     8     6
41.0645831664038     0.133959862087858     0     8     6
41.0778071587943     0.139129942812359     0     8     6
41.0910314205766     0.144529345515227     0     8     6
41.1042559508312     0.150937367282763     0     8     6
41.1174807486384     0.1570867355938     0     8     6
41.130705813079     0.162919500469197     0     8     6
41.1439311432336     0.170710272992358     0     8     6
41.1571567381829     0.178299174667511     0     8     6
41.1703825970079     0.185947230630945     0     8     6
41.1836087187894     0.194495696154555     0     8     6
41.1968351026086     0.202357225651324     0     8     6
41.2100617475467     0.21224714856727     0     8     6
41.2232886526848     0.22166803583249     0     8     6
41.2365158171043     0.231461027419967     0     8     6
41.2497432398867     0.240483504408064     0     8     6
41.2629709201134     0.250551501278046     0     8     6
41.2761988568661     0.260793702892112     0     8     6
41.2894270492266     0.270628488754757     0     8     6
41.3026554962766     0.279977043635052     0     8     6
41.315884197098     0.291162110598861     0     8     6
41.3291131507728     0.301942762340276     0     8     6
41.3423423563831     0.313125275636014     0     8     6
41.3555718130111     0.32396725306617     0     8     6
41.368801519739     0.335223988106165     0     8     6
41.3820314756491     0.346756898769341     0     8     6
41.395261679824     0.357985321004519     0     8     6
41.4084921313462     0.369176963472419     0     8     6
41.4217228292982     0.380513927474273     0     8     6
41.4349537727627     0.392786697907421     0     8     6
41.4481849608227     0.403653367847351     0     8     6
41.4614163925608     0.414835272291818     0     8     6
41.4746480670603     0.425907806950056     0     8     6
41.487879983404     0.436896231301681     0     8     6
41.5011121406751     0.446665286009296     0     8     6
41.5143445379569     0.456593698054203     0     8     6
41.5275771743327     0.467068123799237     0     8     6
41.5408100488858     0.477462412619922     0     8     6
41.5540431606999     0.487705175665676     0     8     6
41.5672765088584     0.497896307531657     0     8     6
41.580510092445     0.508068781274482     0     8     6
41.5937439105435     0.518262529738562     0     8     6
41.6069779622377     0.528518788581703     0     8     6
41.6202122466115     0.53944665062967     0     8     6
41.6334467627489     0.549736464043739     0     8     6
41.646681509734     0.56002613281392     0     8     6
41.6599164866509     0.569946487313179     0     8     6
41.673151692584     0.578400646223008     0     8     6
41.6863871266174     0.587685351936263     0     8     6
41.6996227878358     0.596135559736372     0     8     6
41.7128586753234     0.604667118980355     0     8     6
41.726094788165     0.6124730250973     0     8     6
41.7393311254452     0.620499028098159     0     8     6
41.7525676862486     0.628251472688047     0     8     6
41.7658044696602     0.636804305866556     0     8     6
41.7790414747648     0.643944490056357     0     8     6
41.7922787006474     0.651662154876645     0     8     6
41.8055161463931     0.659126238227261     0     8     6
41.8187538110869     0.666625069927157     0     8     6
41.8319916938142     0.673557483631526     0     8     6
41.8452297936601     0.680639939952229     0     8     6
41.8584681097102     0.687176219738871     0     8     6
41.8717066410497     0.693964638072058     0     8     6
41.8849453867643     0.700164238602239     0     8     6
41.8981843459396     0.706318764134781     0     8     6
41.9114235176612     0.711990859941457     0     8     6
41.9246629010149     0.716936448290216     0     8     6
41.9379024950865     0.722797666079227     0     8     6
41.9511422989619     0.728164019529743     0     8     6
41.9643823117272     0.732904323939109     0     8     6
41.9776225324684     0.737624734002796     0     8     6
41.9908629602715     0.742753219033131     0     8     6
42.0041035942229     0.747052261315779     0     8     6
42.0173444334088     0.751968207937881     0     8     6
42.0305854769156     0.756250760493476     0     8     6
42.0438267238296     0.760222428130992     0     8     6
42.0570681732375     0.764361888118645     0     8     6
42.0703098242257     0.768612700910025     0     8     6
42.083551675881     0.772172820996397     0     8     6
42.09679372729     0.775743973227822     0     8     6
42.1100359775395     0.779175045084165     0     8     6
42.1232784257165     0.782282561777263     0     8     6
42.1365210709078     0.785365715125664     0     8     6
42.1497639122005     0.788087820437898     0     8     6
42.1630069486816     0.791031703296194     0     8     6
42.1762501794383     0.793904467121347     0     8     6
42.1894936035578     0.796686857387798     0     8     6
42.2027372201273     0.799026190929715     0     8     6
42.2159810282344     0.801430095512922     0     8     6
42.2292250269662     0.804164771029921     0     8     6
42.2424692154105     0.80632155489773     0     8     6
42.2557135926547     0.808562146081812     0     8     6
42.2689581577864     0.810480132465208     0     8     6
42.2822029098935     0.812553680362807     0     8     6
42.2954478480635     0.813908437182521     0     8     6
42.3086929713844     0.81582082442345     0     8     6
42.3219382789441     0.817390327766058     0     8     6
42.3351837698304     0.819021741988755     0     8     6
42.3484294431316     0.820609778497163     0     8     6
42.3616752979356     0.822126475024299     0     8     6
42.3749213333306     0.823218335966577     0     8     6
42.3881675484049     0.825156384536282     0     8     6
42.4014139422467     0.826044318963851     0     8     6
42.4146605139445     0.827468355067117     0     8     6
42.4279072625865     0.827950539415825     0     8     6
42.4411541872613     0.829531104812823     0     8     6
42.4544012870576     0.830296465956649     0     8     6
42.4676485610637     0.831613677557599     0     8     6
42.4808960083686     0.832116121049774     0     8     6
42.4941436280607     0.832743278729116     0     8     6
42.5073914192291     0.833696220706155     0     8     6
42.5206393809625     0.83412268510096     0     8     6
42.5338875123499     0.835238614801656     0     8     6
42.5471358124802     0.83513854067239     0     8     6
42.5603842804426     0.836448352906605     0     8     6
42.573632915326     0.837001186652091     0     8     6
42.5868817162196     0.83742782187111     0     8     6
42.6001306822128     0.837998336747163     0     8     6
42.6133798123947     0.838485042452718     0     8     6
42.6266291058547     0.839093969709722     0     8     6
42.6398785616822     0.83961873352564     0     8     6
42.6531281789667     0.84012726930555     0     8     6
42.6663779567977     0.840391923173365     0     8     6
42.6796278942648     0.841030839826706     0     8     6
42.6928779904575     0.841617975262784     0     8     6
42.7061282444657     0.841853562661707     0     8     6
42.719378655379     0.842376604694777     0     8     6
42.7326292222872     0.842515266962309     0     8     6
42.7458799442802     0.843049618563817     0     8     6
42.759130820448     0.84359405837089     0     8     6
42.7723818498804     0.844151739373341     0     8     6
42.7856330316676     0.84477638327168     0     8     6
42.7988843648995     0.845260328338609     0     8     6
42.8121358486664     0.845544723886394     0     8     6
42.8253874820585     0.845814519724428     0     8     6
42.8386392641659     0.846052794715894     0     8     6
42.8518911940789     0.846664720719506     0     8     6
42.865143270888     0.846363529532233     0     8     6
42.8783954936836     0.84718007577012     0     8     6
42.891647861556     0.84745068766703     0     8     6
42.9049003735958     0.847372169956679     0     8     6
42.9181530288935     0.848022949008381     0     8     6
42.9314058265398     0.848031769882552     0     8     6
42.9446587656254     0.84840617069497     0     8     6
42.9579118452409     0.84873664577223     0     8     6
42.9711650644771     0.848543181609573     0     8     6
42.9844184224248     0.849032997143581     0     8     6
42.9976719181749     0.849239205523272     0     8     6
43.0109255508184     0.849548957905473     0     8     6
43.0241793194461     0.849781075739211     0     8     6
43.0374332231491     0.849947681639816     0     8     6
43.0506872610184     0.849973402352488     0     8     6
43.0639414321452     0.850043866594817     0     8     6
43.0771957356206     0.85013409278247     0     8     6
43.0904501705359     0.850698213828243     0     8     6
43.1037047359822     0.850450313135197     0     8     6
43.1169594310509     0.850933110107043     0     8     6
43.1302142548334     0.851034949288562     0     8     6
43.1434692064209     0.851050033096391     0     8     6
43.1567242849051     0.851143959366655     0     8     6
43.1699794893773     0.85140493889707     0     8     6
43.183234818929     0.851372017818049     0     8     6
43.1964902726519     0.8517749421803     0     8     6
43.2097458496376     0.851537160392475     0     8     6
43.2230015489777     0.851589460686383     0     8     6
43.236257369764     0.851826933331407     0     8     6
43.2495133110882     0.851969358093691     0     8     6
43.2627693720421     0.852024557181642     0     8     6
43.2760255517175     0.852063773187904     0     8     6
43.2892818492064     0.852352830822336     0     8     6
43.3025382636006     0.852563913729636     0     8     6
43.3157947939921     0.852436257782971     0     8     6
43.3290514394729     0.852281435575789     0     8     6
43.3423081991352     0.852827428716507     0     8     6
43.3555650720708     0.85247123415257     0     8     6
43.3688220573721     0.852843094947742     0     8     6
43.3820791541312     0.853211598224098     0     8     6
43.3953363614402     0.853062914152624     0     8     6
43.4085936783915     0.853055461664723     0     8     6
43.4218511040773     0.852876131051679     0     8     6
43.43510863759     0.853450784400898     0     8     6
43.4483662780219     0.853447402594714     0     8     6
43.4616240244654     0.85334368042797     0     8     6
43.4748818760131     0.853274037260365     0     8     6
43.4881398317573     0.853352710939946     0     8     6
43.5013978907905     0.853685845803287     0     8     6
43.5146560522055     0.853378090681209     0     8     6
43.5279143150947     0.853672275363604     0     8     6
43.5411726785508     0.85392714136429     0     8     6
43.5544311416664     0.853483503001129     0     8     6
43.5676897035343     0.853444473390441     0     8     6
43.5809483632472     0.853795332372884     0     8     6
43.5942071198979     0.853405801914236     0     8     6
43.6074659725792     0.853348944918098     0     8     6
43.6207249203839     0.853960238477386     0     8     6
43.6339839624049     0.853787045593561     0     8     6
43.6472430977351     0.854082237828     0     8     6
43.6605023254675     0.854041634933059     0     8     6
43.6737616446951     0.854160368857841     0     8     6
43.6870210545109     0.853996836006248     0     8     6
43.7002805540078     0.854190662394338     0     8     6
43.7135401422791     0.85432197586506     0     8     6
43.7267998184177     0.854127281110795     0     8     6
43.7400595815169     0.853808540052634     0     8     6
43.7533194306699     0.854206245343036     0     8     6
43.7665793649697     0.854250056204476     0     8     6
43.7798393835097     0.854391569585093     0     8     6
43.7930994853832     0.854280306601766     0     8     6
43.8063596696833     0.854095987713642     0     8     6
43.8196199355036     0.854255326335301     0     8     6
43.8328802819372     0.854286483212173     0     8     6
43.8461407080776     0.854377462208532     0     8     6
43.8594012130182     0.854861046264075     0     8     6
43.8726617958525     0.854436660246827     0     8     6
43.8859224556739     0.854680451691402     0     8     6
43.8991831915758     0.85483976113653     0     8     6
43.912444002652     0.854624466809469     0     8     6
43.9257048879957     0.854671815745494     0     8     6
43.9389658467008     0.854569736550976     0     8     6
43.9522268778607     0.854985734464763     0     8     6
43.9654879805692     0.854540355233221     0     8     6
43.9787491539198     0.854603643978367     0     8     6
43.9920103970062     0.854632998358708     0     8     6
44.0052717089222     0.854488656367196     0     8     6
44.0185330887614     0.854669814650413     0     8     6
44.0317945356177     0.854814917020719     0     8     6
44.0450560485848     0.854652976758889     0     8     6
44.0583176267565     0.854882499442865     0     8     6
44.0715792692266     0.854805291311379     0     8     6
44.0848409750891     0.854895969574394     0     8     6
44.0981027434377     0.854701791374615     0     8     6
44.1113645733664     0.855082679522921     0     8     6
44.1246264639691     0.855036426555426     0     8     6
44.1378884143397     0.854910362693281     0     8     6
44.1511504235722     0.855005530624009     0     8     6
44.1644124907606     0.855043093713995     0     8     6
44.1776746149988     0.854646211722951     0     8     6
44.190936795381     0.854599273202656     0     8     6
44.2041990310011     0.854864492537307     0     8     6
44.2174613209532     0.85529306414207     0     8     6
44.2307236643314     0.854848147994356     0     8     6
44.2439860602298     0.855202718546248     0     8     6
44.2572485077426     0.854746934175533     0     8     6
44.2705110059638     0.855120870888141     0     8     6
44.2837735539876     0.855445022426342     0     8     6
44.2970361509082     0.855486394619372     0     8     6
44.3102987958199     0.854971165489252     0     8     6
44.3235614878167     0.854863853679836     0     8     6
44.336824225993     0.855274995352538     0     8     6
44.3500870094429     0.855512040708943     0     8     6
44.3633498372608     0.855068994847875     0     8     6
44.376612708541     0.855500908123831     0     8     6
44.3898756223776     0.854975489893166     0     8     6
44.4031385778651     0.855544245476314     0     8     6
44.4164015740977     0.855247871225198     0     8     6
44.4296646101698     0.855480508462113     0     8     6
44.4429276851758     0.855394175693306     0     8     6
44.45619079821     0.855327577512045     0     8     6
44.4694539483668     0.855481983109804     0     8     6
44.4827171347406     0.855359978151067     0     8     6
44.4959803564257     0.855463276946193     0     8     6
44.5092436125167     0.855265622193544     0     8     6
44.522506902108     0.855592315185617     0     8     6
44.5357702242939     0.85533805951337     0     8     6
44.549033578169     0.855321501476134     0     8     6
44.5622969628277     0.855600975006929     0     8     6
44.5755603773645     0.855294036330518     0     8     6
44.5888238208739     0.855603710647233     0     8     6
44.6020872924504     0.855055732524686     0     8     6
44.6153507911885     0.855394020993119     0     8     6
44.6286143161827     0.855234742495152     0     8     6
44.6418778665275     0.855065664004722     0     8     6
44.6551414413176     0.855292591285348     0     8     6
44.6684050396474     0.855291817846     0     8     6
44.6816686606115     0.855404254605956     0     8     6
44.6949323033044     0.855575266464687     0     8     6
44.7081959668207     0.855576723313602     0     8     6
44.7214596502551     0.855596367611473     0     8     6
44.7347233527021     0.855553574020063     0     8     6
44.7479870732562     0.855477417519915     0     8     6
44.7612508110122     0.855210831060405     0     8     6
44.7745145650645     0.855259936347195     0     8     6
44.7877783345079     0.855135854792817     0     8     6
44.8010421184369     0.855499108655762     0     8     6
44.8143059159461     0.855565047614571     0     8     6
44.8275697261302     0.855544587816989     0     8     6
44.8408335480838     0.85572651566011     0     8     6
44.8540973809016     0.855312774519129     0     8     6
44.8673612236781     0.855642876927158     0     8     6
44.8806250755081     0.855632778401772     0     8     6
44.8938889354862     0.855057896647142     0     8     6
44.9071528027069     0.855375474848581     0     8     6
44.9204166762651     0.855541231902806     0     8     6
44.9336805552553     0.855593805923424     0     8     6
44.9469444387722     0.85555601763915     0     8     6
44.9602083259105     0.855128047098965     0     8     6
44.9734722157648     0.855486096087524     0     8     6
44.9867361074297     0.85537421555665     0     8     6
45     0.855478745358059     0     8     6
