40.3773296281681     0.223927936930135     0     -8     -2
40.3905383424574     0.214271181582225     0     -8     -2
40.4037473740993     0.212818723606747     0     -8     -2
40.4169567221688     0.210772987846038     0     -8     -2
40.4301663857409     0.202157266032114     0     -8     -2
40.4433763638906     0.192227149995883     0     -8     -2
40.4565866556934     0.190345280301552     0     -8     -2
40.4697972602245     0.191133628199873     0     -8     -2
40.4830081765594     0.183929859511303     0     -8     -2
40.4962194037737     0.176072503349844     0     -8     -2
40.5094309409432     0.175414301303245     0     -8     -2
40.5226427871436     0.178407772310437     0     -8     -2
40.5358549414509     0.176797194231212     0     -8     -2
40.5490674029412     0.172100016936682     0     -8     -2
40.5622801706905     0.174050221625364     0     -8     -2
40.5754932437751     0.18054519308184     0     -8     -2
40.5887066212714     0.183576590066222     0     -8     -2
40.601920302256     0.185058141077512     0     -8     -2
40.6151342858053     0.192894168703647     0     -8     -2
40.628348570996     0.203967931638093     0     -8     -2
40.6415631569051     0.211871068492343     0     -8     -2
40.6547780426093     0.223416340453627     0     -8     -2
40.6679932271857     0.238311089436766     0     -8     -2
40.6812087097115     0.252788497178929     0     -8     -2
40.6944244892639     0.266034510117457     0     -8     -2
40.7076405649202     0.283646675980494     0     -8     -2
40.7208569357578     0.300879432646618     0     -8     -2
40.7340736008544     0.316517001393911     0     -8     -2
40.7472905592876     0.337728263991069     0     -8     -2
40.7605078101351     0.357378005683121     0     -8     -2
40.7737253524748     0.372353034714035     0     -8     -2
40.7869431853848     0.389294273336263     0     -8     -2
40.800161307943     0.409798732676305     0     -8     -2
40.8133797192277     0.424758344693297     0     -8     -2
40.8265984183172     0.437561056924805     0     -8     -2
40.8398174042898     0.456224206730685     0     -8     -2
40.8530366762241     0.471013433165919     0     -8     -2
40.8662562331986     0.479718419240643     0     -8     -2
40.8794760742921     0.491090236977604     0     -8     -2
40.8926961985833     0.504975466108376     0     -8     -2
40.9059166051511     0.512304802689098     0     -8     -2
40.9191372930747     0.516707857124766     0     -8     -2
40.932358261433     0.526335456596861     0     -8     -2
40.9455795093053     0.533876590921367     0     -8     -2
40.9588010357708     0.534570041065747     0     -8     -2
40.9720228399091     0.537072725573777     0     -8     -2
40.9852449207996     0.543472365514422     0     -8     -2
40.9984672775219     0.543729776761231     0     -8     -2
41.0116899091557     0.539926770183278     0     -8     -2
41.0249128147808     0.540077383426066     0     -8     -2
41.0381359934772     0.541104778923994     0     -8     -2
41.0513594443248     0.533603569469626     0     -8     -2
41.0645831664038     0.526830751402601     0     -8     -2
41.0778071587943     0.52556247686362     0     -8     -2
41.0910314205766     0.517429951992742     0     -8     -2
41.1042559508312     0.503149466285539     0     -8     -2
41.1174807486384     0.494209063992242     0     -8     -2
41.130705813079     0.48630739380775     0     -8     -2
41.1439311432336     0.469410546572501     0     -8     -2
41.1571567381829     0.451310183280957     0     -8     -2
41.1703825970079     0.441364164451048     0     -8     -2
41.1836087187894     0.425781785247089     0     -8     -2
41.1968351026086     0.402213046546435     0     -8     -2
41.2100617475467     0.382446361556969     0     -8     -2
41.2232886526848     0.370136200111417     0     -8     -2
41.2365158171043     0.349621013907531     0     -8     -2
41.2497432398867     0.328699203878271     0     -8     -2
41.2629709201134     0.319017593929307     0     -8     -2
41.2761988568661     0.311500803943121     0     -8     -2
41.2894270492266     0.299881255432554     0     -8     -2
41.3026554962766     0.297443253381827     0     -8     -2
41.315884197098     0.307838635464491     0     -8     -2
41.3291131507728     0.319856036816326     0     -8     -2
41.3423423563831     0.336168338785731     0     -8     -2
41.3555718130111     0.362304923196058     0     -8     -2
41.368801519739     0.393614896130508     0     -8     -2
41.3820314756491     0.42667249645281     0     -8     -2
41.395261679824     0.465057470321015     0     -8     -2
41.4084921313462     0.501267820464025     0     -8     -2
41.4217228292982     0.534602883682304     0     -8     -2
41.4349537727627     0.566162883936293     0     -8     -2
41.4481849608227     0.596977260261553     0     -8     -2
41.4614163925608     0.622296003238207     0     -8     -2
41.4746480670603     0.641937280898696     0     -8     -2
41.487879983404     0.660222311069604     0     -8     -2
41.5011121406751     0.677128272394872     0     -8     -2
41.5143445379569     0.690973231976969     0     -8     -2
41.5275771743327     0.701295033656599     0     -8     -2
41.5408100488858     0.710091505106952     0     -8     -2
41.5540431606999     0.719045538564652     0     -8     -2
41.5672765088584     0.726120501420934     0     -8     -2
41.580510092445     0.72951504979453     0     -8     -2
41.5937439105435     0.73216998737165     0     -8     -2
41.6069779622377     0.735317069234098     0     -8     -2
41.6202122466115     0.737479677443039     0     -8     -2
41.6334467627489     0.736630288144292     0     -8     -2
41.646681509734     0.734270090717798     0     -8     -2
41.6599164866509     0.732382748615632     0     -8     -2
41.673151692584     0.729966205634954     0     -8     -2
41.6863871266174     0.724065511814766     0     -8     -2
41.6996227878358     0.715445105997666     0     -8     -2
41.7128586753234     0.706462909513536     0     -8     -2
41.726094788165     0.695613447903565     0     -8     -2
41.7393311254452     0.678915944160726     0     -8     -2
41.7525676862486     0.653491009524563     0     -8     -2
41.7658044696602     0.624754944745883     0     -8     -2
41.7790414747648     0.588381879598289     0     -8     -2
41.7922787006474     0.537178874276605     0     -8     -2
41.8055161463931     0.478307606239476     0     -8     -2
41.8187538110869     0.428937527431092     0     -8     -2
41.8319916938142     0.418045829358159     0     -8     -2
41.8452297936601     0.470586050113799     0     -8     -2
41.8584681097102     0.564269513529075     0     -8     -2
41.8717066410497     0.653625500731792     0     -8     -2
41.8849453867643     0.716694590396648     0     -8     -2
41.8981843459396     0.758000479723454     0     -8     -2
41.9114235176612     0.787046246022199     0     -8     -2
41.9246629010149     0.807196622118809     0     -8     -2
41.9379024950865     0.82388760196079     0     -8     -2
41.9511422989619     0.836879611631696     0     -8     -2
41.9643823117272     0.846792426127951     0     -8     -2
41.9776225324684     0.854015180466232     0     -8     -2
41.9908629602715     0.859895107796083     0     -8     -2
42.0041035942229     0.864384148525383     0     -8     -2
42.0173444334088     0.867332191654964     0     -8     -2
42.0305854769156     0.869633784436508     0     -8     -2
42.0438267238296     0.871162082387179     0     -8     -2
42.0570681732375     0.872348826129104     0     -8     -2
42.0703098242257     0.873281826331997     0     -8     -2
42.083551675881     0.874268269767131     0     -8     -2
42.09679372729     0.874871425847271     0     -8     -2
42.1100359775395     0.875233677347296     0     -8     -2
42.1232784257165     0.875542529764822     0     -8     -2
42.1365210709078     0.875636540088419     0     -8     -2
42.1497639122005     0.875829113419648     0     -8     -2
42.1630069486816     0.875909987690245     0     -8     -2
42.1762501794383     0.875978942136645     0     -8     -2
42.1894936035578     0.876099139488372     0     -8     -2
42.2027372201273     0.876122134200792     0     -8     -2
42.2159810282344     0.876081761278163     0     -8     -2
42.2292250269662     0.876239604314632     0     -8     -2
42.2424692154105     0.876147889759875     0     -8     -2
42.2557135926547     0.876259581485718     0     -8     -2
42.2689581577864     0.876271071090197     0     -8     -2
42.2822029098935     0.876197262921361     0     -8     -2
42.2954478480635     0.876269511613448     0     -8     -2
42.3086929713844     0.876323615038477     0     -8     -2
42.3219382789441     0.876225130908886     0     -8     -2
42.3351837698304     0.876313108258123     0     -8     -2
42.3484294431316     0.876234068606887     0     -8     -2
42.3616752979356     0.876159516669067     0     -8     -2
42.3749213333306     0.876298841068507     0     -8     -2
42.3881675484049     0.876198571547155     0     -8     -2
42.4014139422467     0.876275654221219     0     -8     -2
42.4146605139445     0.876193025215087     0     -8     -2
42.4279072625865     0.876024448000101     0     -8     -2
42.4411541872613     0.876201046257452     0     -8     -2
42.4544012870576     0.876136098448332     0     -8     -2
42.4676485610637     0.876076472653163     0     -8     -2
42.4808960083686     0.876231564580694     0     -8     -2
42.4941436280607     0.876080946267788     0     -8     -2
42.5073914192291     0.876033714492825     0     -8     -2
42.5206393809625     0.876092641642973     0     -8     -2
42.5338875123499     0.87613830971625     0     -8     -2
42.5471358124802     0.876092246196891     0     -8     -2
42.5603842804426     0.876028743518697     0     -8     -2
42.573632915326     0.876153661016898     0     -8     -2
42.5868817162196     0.876004151297289     0     -8     -2
42.6001306822128     0.876000462761376     0     -8     -2
42.6133798123947     0.8760508645206     0     -8     -2
42.6266291058547     0.876000183014301     0     -8     -2
42.6398785616822     0.876009347223766     0     -8     -2
42.6531281789667     0.875839300662866     0     -8     -2
42.6663779567977     0.875934172623143     0     -8     -2
42.6796278942648     0.875789926527616     0     -8     -2
42.6928779904575     0.875988350642867     0     -8     -2
42.7061282444657     0.875945228458979     0     -8     -2
42.719378655379     0.875894541723551     0     -8     -2
42.7326292222872     0.875966330270215     0     -8     -2
42.7458799442802     0.875963256823268     0     -8     -2
42.759130820448     0.875885363760498     0     -8     -2
42.7723818498804     0.875859626343615     0     -8     -2
42.7856330316676     0.87588371468238     0     -8     -2
42.7988843648995     0.875784069978161     0     -8     -2
42.8121358486664     0.875865604142557     0     -8     -2
42.8253874820585     0.875896638663049     0     -8     -2
42.8386392641659     0.875858919477866     0     -8     -2
42.8518911940789     0.875827515879426     0     -8     -2
42.865143270888     0.875789119830119     0     -8     -2
42.8783954936836     0.875713875521374     0     -8     -2
42.891647861556     0.875776243311399     0     -8     -2
42.9049003735958     0.875753143001241     0     -8     -2
42.9181530288935     0.875709591951973     0     -8     -2
42.9314058265398     0.875662887952656     0     -8     -2
42.9446587656254     0.875686647535903     0     -8     -2
42.9579118452409     0.875632037844964     0     -8     -2
42.9711650644771     0.875677755824689     0     -8     -2
42.9844184224248     0.875556835832107     0     -8     -2
42.9976719181749     0.87570435490049     0     -8     -2
43.0109255508184     0.875576491145849     0     -8     -2
43.0241793194461     0.875672325181055     0     -8     -2
43.0374332231491     0.875523910559401     0     -8     -2
43.0506872610184     0.87554259573074     0     -8     -2
43.0639414321452     0.875414727740312     0     -8     -2
43.0771957356206     0.875434743726651     0     -8     -2
43.0904501705359     0.875465423381478     0     -8     -2
43.1037047359822     0.875459191393328     0     -8     -2
43.1169594310509     0.875356009577895     0     -8     -2
43.1302142548334     0.875412974499171     0     -8     -2
43.1434692064209     0.875408972337025     0     -8     -2
43.1567242849051     0.875261109865282     0     -8     -2
43.1699794893773     0.875459232241188     0     -8     -2
43.183234818929     0.875319714730529     0     -8     -2
43.1964902726519     0.87541928533433     0     -8     -2
43.2097458496376     0.875268602346942     0     -8     -2
43.2230015489777     0.875304537525246     0     -8     -2
43.236257369764     0.875248097787327     0     -8     -2
43.2495133110882     0.875299856731885     0     -8     -2
43.2627693720421     0.875380490992752     0     -8     -2
43.2760255517175     0.875238432822377     0     -8     -2
43.2892818492064     0.875256521584658     0     -8     -2
43.3025382636006     0.875174519712598     0     -8     -2
43.3157947939921     0.875145660963108     0     -8     -2
43.3290514394729     0.875152630524392     0     -8     -2
43.3423081991352     0.875172511748789     0     -8     -2
43.3555650720708     0.875257154309177     0     -8     -2
43.3688220573721     0.875137437927919     0     -8     -2
43.3820791541312     0.875189326476509     0     -8     -2
43.3953363614402     0.875094877226522     0     -8     -2
43.4085936783915     0.875045235851043     0     -8     -2
43.4218511040773     0.875139910293655     0     -8     -2
43.43510863759     0.875058875720904     0     -8     -2
43.4483662780219     0.875115837456225     0     -8     -2
43.4616240244654     0.874993359385502     0     -8     -2
43.4748818760131     0.875028444514219     0     -8     -2
43.4881398317573     0.875011464711342     0     -8     -2
43.5013978907905     0.874976648052358     0     -8     -2
43.5146560522055     0.874895461029418     0     -8     -2
43.5279143150947     0.874973121835165     0     -8     -2
43.5411726785508     0.874922554340244     0     -8     -2
43.5544311416664     0.874851320849157     0     -8     -2
43.5676897035343     0.874880206673319     0     -8     -2
43.5809483632472     0.874952552019011     0     -8     -2
43.5942071198979     0.874888951546231     0     -8     -2
43.6074659725792     0.874899011010186     0     -8     -2
43.6207249203839     0.874839708476148     0     -8     -2
43.6339839624049     0.874821323705204     0     -8     -2
43.6472430977351     0.874804219265646     0     -8     -2
43.6605023254675     0.874812989836069     0     -8     -2
43.6737616446951     0.874806645193848     0     -8     -2
43.6870210545109     0.874925986579808     0     -8     -2
43.7002805540078     0.874867033842278     0     -8     -2
43.7135401422791     0.874845032983317     0     -8     -2
43.7267998184177     0.874904913565374     0     -8     -2
43.7400595815169     0.874911114808082     0     -8     -2
43.7533194306699     0.874897025623184     0     -8     -2
43.7665793649697     0.87498562325186     0     -8     -2
43.7798393835097     0.87489870770779     0     -8     -2
43.7930994853832     0.874997449086898     0     -8     -2
43.8063596696833     0.874954751287725     0     -8     -2
43.8196199355036     0.87493220180063     0     -8     -2
43.8328802819372     0.875014829426364     0     -8     -2
43.8461407080776     0.874944254083428     0     -8     -2
43.8594012130182     0.875059071874959     0     -8     -2
43.8726617958525     0.875029898398785     0     -8     -2
43.8859224556739     0.875115945773033     0     -8     -2
43.8991831915758     0.87503191576444     0     -8     -2
43.912444002652     0.87509336944629     0     -8     -2
43.9257048879957     0.875110627878597     0     -8     -2
43.9389658467008     0.875010954193526     0     -8     -2
43.9522268778607     0.875121248037764     0     -8     -2
43.9654879805692     0.875073493689122     0     -8     -2
43.9787491539198     0.875126769977484     0     -8     -2
43.9920103970062     0.875065485977042     0     -8     -2
44.0052717089222     0.875156771136431     0     -8     -2
44.0185330887614     0.875122075133095     0     -8     -2
44.0317945356177     0.875103650041883     0     -8     -2
44.0450560485848     0.875169174632157     0     -8     -2
44.0583176267565     0.875170383133552     0     -8     -2
44.0715792692266     0.875225265851489     0     -8     -2
44.0848409750891     0.875212791768527     0     -8     -2
44.0981027434377     0.875147924432742     0     -8     -2
44.1113645733664     0.875206421779393     0     -8     -2
44.1246264639691     0.875256104524118     0     -8     -2
44.1378884143397     0.875309114068839     0     -8     -2
44.1511504235722     0.875243117646275     0     -8     -2
44.1644124907606     0.875345133659903     0     -8     -2
44.1776746149988     0.875367507927031     0     -8     -2
44.190936795381     0.875382989860254     0     -8     -2
44.2041990310011     0.875292380473515     0     -8     -2
44.2174613209532     0.875358124048544     0     -8     -2
44.2307236643314     0.875421207807205     0     -8     -2
44.2439860602298     0.875375516808588     0     -8     -2
44.2572485077426     0.875418346489011     0     -8     -2
44.2705110059638     0.87539337710324     0     -8     -2
44.2837735539876     0.875529791103298     0     -8     -2
44.2970361509082     0.875377850798653     0     -8     -2
44.3102987958199     0.875500001489558     0     -8     -2
44.3235614878167     0.875380596588312     0     -8     -2
44.336824225993     0.875468896387871     0     -8     -2
44.3500870094429     0.87551780403609     0     -8     -2
44.3633498372608     0.875527828713856     0     -8     -2
44.376612708541     0.875472173571705     0     -8     -2
44.3898756223776     0.875563989283046     0     -8     -2
44.4031385778651     0.875534483939618     0     -8     -2
44.4164015740977     0.875516566756503     0     -8     -2
44.4296646101698     0.875396552687985     0     -8     -2
44.4429276851758     0.875521897933015     0     -8     -2
44.45619079821     0.875461241855921     0     -8     -2
44.4694539483668     0.875488422090833     0     -8     -2
44.4827171347406     0.875371440841913     0     -8     -2
44.4959803564257     0.875505143561719     0     -8     -2
44.5092436125167     0.875429479230046     0     -8     -2
44.522506902108     0.875526657940655     0     -8     -2
44.5357702242939     0.875432405384534     0     -8     -2
44.549033578169     0.875510390562049     0     -8     -2
44.5622969628277     0.875479196130306     0     -8     -2
44.5755603773645     0.87548253074204     0     -8     -2
44.5888238208739     0.875447309989407     0     -8     -2
44.6020872924504     0.875499921838088     0     -8     -2
44.6153507911885     0.875485495988536     0     -8     -2
44.6286143161827     0.875438869543009     0     -8     -2
44.6418778665275     0.875479846375882     0     -8     -2
44.6551414413176     0.875410275249237     0     -8     -2
44.6684050396474     0.875460138663033     0     -8     -2
44.6816686606115     0.875442032913656     0     -8     -2
44.6949323033044     0.875342405048736     0     -8     -2
44.7081959668207     0.875482013585262     0     -8     -2
44.7214596502551     0.875356023773047     0     -8     -2
44.7347233527021     0.875409347788702     0     -8     -2
44.7479870732562     0.875437958421272     0     -8     -2
44.7612508110122     0.875355836208359     0     -8     -2
44.7745145650645     0.875376068795354     0     -8     -2
44.7877783345079     0.875396868836677     0     -8     -2
44.8010421184369     0.875428661883136     0     -8     -2
44.8143059159461     0.875347664803929     0     -8     -2
44.8275697261302     0.875349780236732     0     -8     -2
44.8408335480838     0.875403533427455     0     -8     -2
44.8540973809016     0.875272597386366     0     -8     -2
44.8673612236781     0.87532130780062     0     -8     -2
44.8806250755081     0.87531613401696     0     -8     -2
44.8938889354862     0.875156414504129     0     -8     -2
44.9071528027069     0.875270341337206     0     -8     -2
44.9204166762651     0.875227379996726     0     -8     -2
44.9336805552553     0.875258571242389     0     -8     -2
44.9469444387722     0.875234692530672     0     -8     -2
44.9602083259105     0.875199281792921     0     -8     -2
44.9734722157648     0.875309744694165     0     -8     -2
44.9867361074297     0.875220114504368     0     -8     -2
45     0.875189681409927     0     -8     -2
