40.3773296281681     0.326498218164354     0     -8     10
40.3905383424574     0.333401148836042     0     -8     10
40.4037473740993     0.34577261890714     0     -8     10
40.4169567221688     0.349980970701091     0     -8     10
40.4301663857409     0.346049613685386     0     -8     10
40.4433763638906     0.347926574196375     0     -8     10
40.4565866556934     0.359834083043709     0     -8     10
40.4697972602245     0.366221884128928     0     -8     10
40.4830081765594     0.36078473895626     0     -8     10
40.4962194037737     0.358553391676721     0     -8     10
40.5094309409432     0.36877219384547     0     -8     10
40.5226427871436     0.375882635288901     0     -8     10
40.5358549414509     0.36984486000181     0     -8     10
40.5490674029412     0.364384490063069     0     -8     10
40.5622801706905     0.371225444771689     0     -8     10
40.5754932437751     0.378514724094842     0     -8     10
40.5887066212714     0.37067026236706     0     -8     10
40.601920302256     0.361989528766036     0     -8     10
40.6151342858053     0.369284028409826     0     -8     10
40.628348570996     0.374325534088002     0     -8     10
40.6415631569051     0.363033413454193     0     -8     10
40.6547780426093     0.352425064709935     0     -8     10
40.6679932271857     0.359634443056199     0     -8     10
40.6812087097115     0.358810788626001     0     -8     10
40.6944244892639     0.341989352494398     0     -8     10
40.7076405649202     0.337296422654695     0     -8     10
40.7208569357578     0.34397915601605     0     -8     10
40.7340736008544     0.332595435753585     0     -8     10
40.7472905592876     0.312736178483176     0     -8     10
40.7605078101351     0.315806310133214     0     -8     10
40.7737253524748     0.313514181323427     0     -8     10
40.7869431853848     0.292755525725071     0     -8     10
40.800161307943     0.284085375538763     0     -8     10
40.8133797192277     0.287819105335469     0     -8     10
40.8265984183172     0.272941026213837     0     -8     10
40.8398174042898     0.249810799415258     0     -8     10
40.8530366762241     0.250841484210825     0     -8     10
40.8662562331986     0.246154329323368     0     -8     10
40.8794760742921     0.224315471342907     0     -8     10
40.8926961985833     0.21656333843639     0     -8     10
40.9059166051511     0.220009427195213     0     -8     10
40.9191372930747     0.206535781041252     0     -8     10
40.932358261433     0.189426158382099     0     -8     10
40.9455795093053     0.193465648018222     0     -8     10
40.9588010357708     0.193468730832871     0     -8     10
40.9720228399091     0.180763192894223     0     -8     10
40.9852449207996     0.182282757770008     0     -8     10
40.9984672775219     0.192390379903725     0     -8     10
41.0116899091557     0.190143836070167     0     -8     10
41.0249128147808     0.192418262810973     0     -8     10
41.0381359934772     0.20814139081937     0     -8     10
41.0513594443248     0.220114694550807     0     -8     10
41.0645831664038     0.227326422098381     0     -8     10
41.0778071587943     0.246290158499508     0     -8     10
41.0910314205766     0.267335777864328     0     -8     10
41.1042559508312     0.282921068816922     0     -8     10
41.1174807486384     0.307221369704962     0     -8     10
41.130705813079     0.332242075856648     0     -8     10
41.1439311432336     0.352562205402528     0     -8     10
41.1571567381829     0.375030839762637     0     -8     10
41.1703825970079     0.401039688104471     0     -8     10
41.1836087187894     0.422710764740741     0     -8     10
41.1968351026086     0.442915439968749     0     -8     10
41.2100617475467     0.468799417981045     0     -8     10
41.2232886526848     0.490054720299964     0     -8     10
41.2365158171043     0.505434210587464     0     -8     10
41.2497432398867     0.522443572660785     0     -8     10
41.2629709201134     0.542291885493527     0     -8     10
41.2761988568661     0.556263939242065     0     -8     10
41.2894270492266     0.566547706374474     0     -8     10
41.3026554962766     0.579931082922129     0     -8     10
41.315884197098     0.593768437596983     0     -8     10
41.3291131507728     0.602243809158493     0     -8     10
41.3423423563831     0.607381644260296     0     -8     10
41.3555718130111     0.61603077623488     0     -8     10
41.368801519739     0.624919863651542     0     -8     10
41.3820314756491     0.629689399648147     0     -8     10
41.395261679824     0.631030961357993     0     -8     10
41.4084921313462     0.634939390365443     0     -8     10
41.4217228292982     0.640432577216486     0     -8     10
41.4349537727627     0.641804275395559     0     -8     10
41.4481849608227     0.639564387296791     0     -8     10
41.4614163925608     0.639546255467256     0     -8     10
41.4746480670603     0.641241595446117     0     -8     10
41.487879983404     0.639626253086281     0     -8     10
41.5011121406751     0.633392649145928     0     -8     10
41.5143445379569     0.627648466518423     0     -8     10
41.5275771743327     0.625416073753346     0     -8     10
41.5408100488858     0.619676811574733     0     -8     10
41.5540431606999     0.607773346752218     0     -8     10
41.5672765088584     0.592601214270405     0     -8     10
41.580510092445     0.582814891341052     0     -8     10
41.5937439105435     0.56906060775838     0     -8     10
41.6069779622377     0.54522942457217     0     -8     10
41.6202122466115     0.518178650866428     0     -8     10
41.6334467627489     0.496477267986466     0     -8     10
41.646681509734     0.468473775439785     0     -8     10
41.6599164866509     0.421875871020311     0     -8     10
41.673151692584     0.378427735160831     0     -8     10
41.6863871266174     0.343035512927801     0     -8     10
41.6996227878358     0.304275533963     0     -8     10
41.7128586753234     0.263318865157823     0     -8     10
41.726094788165     0.239400631621965     0     -8     10
41.7393311254452     0.239162518085209     0     -8     10
41.7525676862486     0.259511726922238     0     -8     10
41.7658044696602     0.304593371442741     0     -8     10
41.7790414747648     0.376213585625402     0     -8     10
41.7922787006474     0.463913632856069     0     -8     10
41.8055161463931     0.550256945647943     0     -8     10
41.8187538110869     0.621307836897501     0     -8     10
41.8319916938142     0.672697703520682     0     -8     10
41.8452297936601     0.713001704525131     0     -8     10
41.8584681097102     0.742880223223914     0     -8     10
41.8717066410497     0.765342912264353     0     -8     10
41.8849453867643     0.783867893194764     0     -8     10
41.8981843459396     0.796789975352606     0     -8     10
41.9114235176612     0.807616016603043     0     -8     10
41.9246629010149     0.81752946260268     0     -8     10
41.9379024950865     0.825269624043936     0     -8     10
41.9511422989619     0.830737557618714     0     -8     10
41.9643823117272     0.8355239692043     0     -8     10
41.9776225324684     0.840128053915238     0     -8     10
41.9908629602715     0.843378065406178     0     -8     10
42.0041035942229     0.845941398012861     0     -8     10
42.0173444334088     0.848290324175058     0     -8     10
42.0305854769156     0.850256006743527     0     -8     10
42.0438267238296     0.851574442256286     0     -8     10
42.0570681732375     0.852810911521659     0     -8     10
42.0703098242257     0.853822023460698     0     -8     10
42.083551675881     0.854862359514318     0     -8     10
42.09679372729     0.855491369087763     0     -8     10
42.1100359775395     0.856151871179612     0     -8     10
42.1232784257165     0.856702935147289     0     -8     10
42.1365210709078     0.856901858311813     0     -8     10
42.1497639122005     0.857516933689388     0     -8     10
42.1630069486816     0.85766353255716     0     -8     10
42.1762501794383     0.858119709901325     0     -8     10
42.1894936035578     0.858435911770449     0     -8     10
42.2027372201273     0.858909774632916     0     -8     10
42.2159810282344     0.85901715360515     0     -8     10
42.2292250269662     0.859155078979775     0     -8     10
42.2424692154105     0.859473914108042     0     -8     10
42.2557135926547     0.859469985941784     0     -8     10
42.2689581577864     0.859733380536932     0     -8     10
42.2822029098935     0.859939064881227     0     -8     10
42.2954478480635     0.859870237828461     0     -8     10
42.3086929713844     0.860043213570949     0     -8     10
42.3219382789441     0.860243745841944     0     -8     10
42.3351837698304     0.860293207897872     0     -8     10
42.3484294431316     0.860316881865181     0     -8     10
42.3616752979356     0.860396847767025     0     -8     10
42.3749213333306     0.860808722690225     0     -8     10
42.3881675484049     0.860645729613435     0     -8     10
42.4014139422467     0.860553782605397     0     -8     10
42.4146605139445     0.860935875056806     0     -8     10
42.4279072625865     0.860826329714746     0     -8     10
42.4411541872613     0.861073371430838     0     -8     10
42.4544012870576     0.860936677400724     0     -8     10
42.4676485610637     0.861189221407812     0     -8     10
42.4808960083686     0.861542414313089     0     -8     10
42.4941436280607     0.861109107817837     0     -8     10
42.5073914192291     0.861443068492254     0     -8     10
42.5206393809625     0.861415254049985     0     -8     10
42.5338875123499     0.861501551041943     0     -8     10
42.5471358124802     0.861760484572361     0     -8     10
42.5603842804426     0.861556272455931     0     -8     10
42.573632915326     0.861909369724176     0     -8     10
42.5868817162196     0.861757170914414     0     -8     10
42.6001306822128     0.861902431278461     0     -8     10
42.6133798123947     0.861872610048165     0     -8     10
42.6266291058547     0.861918214175119     0     -8     10
42.6398785616822     0.861885612132309     0     -8     10
42.6531281789667     0.861828696757591     0     -8     10
42.6663779567977     0.862108873841959     0     -8     10
42.6796278942648     0.861974162301756     0     -8     10
42.6928779904575     0.862352481396867     0     -8     10
42.7061282444657     0.86187237366204     0     -8     10
42.719378655379     0.862435501548246     0     -8     10
42.7326292222872     0.862186387820302     0     -8     10
42.7458799442802     0.862403472082934     0     -8     10
42.759130820448     0.86241529701844     0     -8     10
42.7723818498804     0.862551432604382     0     -8     10
42.7856330316676     0.862487227071517     0     -8     10
42.7988843648995     0.862468526126816     0     -8     10
42.8121358486664     0.862565019278657     0     -8     10
42.8253874820585     0.862581851582862     0     -8     10
42.8386392641659     0.862837307064948     0     -8     10
42.8518911940789     0.862720734238401     0     -8     10
42.865143270888     0.862852100339087     0     -8     10
42.8783954936836     0.862612765064245     0     -8     10
42.891647861556     0.862793705350002     0     -8     10
42.9049003735958     0.862977782466422     0     -8     10
42.9181530288935     0.863047789816441     0     -8     10
42.9314058265398     0.863046087283745     0     -8     10
42.9446587656254     0.863151213340491     0     -8     10
42.9579118452409     0.862864337085741     0     -8     10
42.9711650644771     0.863316917704938     0     -8     10
42.9844184224248     0.863070325485027     0     -8     10
42.9976719181749     0.863421289091128     0     -8     10
43.0109255508184     0.862947187664007     0     -8     10
43.0241793194461     0.863323782311037     0     -8     10
43.0374332231491     0.862980765883796     0     -8     10
43.0506872610184     0.863449057853845     0     -8     10
43.0639414321452     0.863426169079613     0     -8     10
43.0771957356206     0.863507131480466     0     -8     10
43.0904501705359     0.863279254071043     0     -8     10
43.1037047359822     0.863672570966464     0     -8     10
43.1169594310509     0.863240145109404     0     -8     10
43.1302142548334     0.86346889389729     0     -8     10
43.1434692064209     0.863501373857663     0     -8     10
43.1567242849051     0.863588015353719     0     -8     10
43.1699794893773     0.863655852073477     0     -8     10
43.183234818929     0.863762869829024     0     -8     10
43.1964902726519     0.863836413874874     0     -8     10
43.2097458496376     0.863920878951478     0     -8     10
43.2230015489777     0.863925596356743     0     -8     10
43.236257369764     0.863820620844123     0     -8     10
43.2495133110882     0.863942810773598     0     -8     10
43.2627693720421     0.863319895581966     0     -8     10
43.2760255517175     0.863854519695673     0     -8     10
43.2892818492064     0.863543151766845     0     -8     10
43.3025382636006     0.864005633194886     0     -8     10
43.3157947939921     0.863825864681621     0     -8     10
43.3290514394729     0.864045399469439     0     -8     10
43.3423081991352     0.864143874263592     0     -8     10
43.3555650720708     0.86366365132172     0     -8     10
43.3688220573721     0.864037211425128     0     -8     10
43.3820791541312     0.864128529502839     0     -8     10
43.3953363614402     0.864116315180934     0     -8     10
43.4085936783915     0.864436908357482     0     -8     10
43.4218511040773     0.864006762436029     0     -8     10
43.43510863759     0.864373414744668     0     -8     10
43.4483662780219     0.864393075800337     0     -8     10
43.4616240244654     0.864060370027854     0     -8     10
43.4748818760131     0.864441806873877     0     -8     10
43.4881398317573     0.864332251570699     0     -8     10
43.5013978907905     0.864392226199771     0     -8     10
43.5146560522055     0.864506903404946     0     -8     10
43.5279143150947     0.864329953077168     0     -8     10
43.5411726785508     0.864622042720223     0     -8     10
43.5544311416664     0.864472640080043     0     -8     10
43.5676897035343     0.864481976816554     0     -8     10
43.5809483632472     0.864508566671862     0     -8     10
43.5942071198979     0.864541234569028     0     -8     10
43.6074659725792     0.864826859754921     0     -8     10
43.6207249203839     0.864571802019465     0     -8     10
43.6339839624049     0.864621801528066     0     -8     10
43.6472430977351     0.864875393237023     0     -8     10
43.6605023254675     0.864397799787253     0     -8     10
43.6737616446951     0.865091189188825     0     -8     10
43.6870210545109     0.864764649565225     0     -8     10
43.7002805540078     0.864596495450745     0     -8     10
43.7135401422791     0.864953819158337     0     -8     10
43.7267998184177     0.86477943166503     0     -8     10
43.7400595815169     0.864857210100243     0     -8     10
43.7533194306699     0.864813574527738     0     -8     10
43.7665793649697     0.864726088692512     0     -8     10
43.7798393835097     0.865120941387582     0     -8     10
43.7930994853832     0.864971836304242     0     -8     10
43.8063596696833     0.865114397395333     0     -8     10
43.8196199355036     0.864993403010555     0     -8     10
43.8328802819372     0.865075539504771     0     -8     10
43.8461407080776     0.865248295328812     0     -8     10
43.8594012130182     0.864964603791832     0     -8     10
43.8726617958525     0.865167725372185     0     -8     10
43.8859224556739     0.864975267522172     0     -8     10
43.8991831915758     0.8651177074991     0     -8     10
43.912444002652     0.864829382645175     0     -8     10
43.9257048879957     0.86522635320288     0     -8     10
43.9389658467008     0.865159527232584     0     -8     10
43.9522268778607     0.865240661784629     0     -8     10
43.9654879805692     0.865163229109716     0     -8     10
43.9787491539198     0.86527823480758     0     -8     10
43.9920103970062     0.865356740801717     0     -8     10
44.0052717089222     0.864648686022064     0     -8     10
44.0185330887614     0.865351350855189     0     -8     10
44.0317945356177     0.865052154991185     0     -8     10
44.0450560485848     0.865401935878835     0     -8     10
44.0583176267565     0.864951307358265     0     -8     10
44.0715792692266     0.865234153980149     0     -8     10
44.0848409750891     0.864921469557517     0     -8     10
44.0981027434377     0.865243987364127     0     -8     10
44.1113645733664     0.864766330511347     0     -8     10
44.1246264639691     0.865312474502867     0     -8     10
44.1378884143397     0.864789260807224     0     -8     10
44.1511504235722     0.865169595569394     0     -8     10
44.1644124907606     0.865180665109278     0     -8     10
44.1776746149988     0.865236952957199     0     -8     10
44.190936795381     0.865120399273774     0     -8     10
44.2041990310011     0.865166639442469     0     -8     10
44.2174613209532     0.865083321291572     0     -8     10
44.2307236643314     0.865324927696962     0     -8     10
44.2439860602298     0.864902873527148     0     -8     10
44.2572485077426     0.865059677059403     0     -8     10
44.2705110059638     0.86505735229947     0     -8     10
44.2837735539876     0.865230152495063     0     -8     10
44.2970361509082     0.86490666097756     0     -8     10
44.3102987958199     0.865264896596999     0     -8     10
44.3235614878167     0.865084836154262     0     -8     10
44.336824225993     0.865189406378825     0     -8     10
44.3500870094429     0.864968250678233     0     -8     10
44.3633498372608     0.865209859111024     0     -8     10
44.376612708541     0.864815227706265     0     -8     10
44.3898756223776     0.865158357968959     0     -8     10
44.4031385778651     0.864719044483305     0     -8     10
44.4164015740977     0.865147418622494     0     -8     10
44.4296646101698     0.864828055116344     0     -8     10
44.4429276851758     0.865030710262775     0     -8     10
44.45619079821     0.864947573291091     0     -8     10
44.4694539483668     0.864869772959391     0     -8     10
44.4827171347406     0.864836705354563     0     -8     10
44.4959803564257     0.864902097128192     0     -8     10
44.5092436125167     0.864891204537038     0     -8     10
44.522506902108     0.865000398218933     0     -8     10
44.5357702242939     0.864783430067284     0     -8     10
44.549033578169     0.86487997994296     0     -8     10
44.5622969628277     0.864725896648373     0     -8     10
44.5755603773645     0.864870062094081     0     -8     10
44.5888238208739     0.864684868414762     0     -8     10
44.6020872924504     0.864744889922271     0     -8     10
44.6153507911885     0.864761382897755     0     -8     10
44.6286143161827     0.864598403819285     0     -8     10
44.6418778665275     0.864793562421667     0     -8     10
44.6551414413176     0.864639770112799     0     -8     10
44.6684050396474     0.864790678022039     0     -8     10
44.6816686606115     0.864814493950707     0     -8     10
44.6949323033044     0.864768234508388     0     -8     10
44.7081959668207     0.864705539258354     0     -8     10
44.7214596502551     0.864664733688225     0     -8     10
44.7347233527021     0.864569420949923     0     -8     10
44.7479870732562     0.864841626008606     0     -8     10
44.7612508110122     0.864473268513924     0     -8     10
44.7745145650645     0.864906100729289     0     -8     10
44.7877783345079     0.864754019532694     0     -8     10
44.8010421184369     0.865035599938177     0     -8     10
44.8143059159461     0.865127424250448     0     -8     10
44.8275697261302     0.865054193091474     0     -8     10
44.8408335480838     0.865202496086648     0     -8     10
44.8540973809016     0.864923297298346     0     -8     10
44.8673612236781     0.865071739149132     0     -8     10
44.8806250755081     0.865168177175426     0     -8     10
44.8938889354862     0.865165571273362     0     -8     10
44.9071528027069     0.865235885921049     0     -8     10
44.9204166762651     0.865237612617205     0     -8     10
44.9336805552553     0.865237075878955     0     -8     10
44.9469444387722     0.865216692798308     0     -8     10
44.9602083259105     0.865174549305597     0     -8     10
44.9734722157648     0.865277927538524     0     -8     10
44.9867361074297     0.865034273457068     0     -8     10
45     0.865341527008196     0     -8     10
