44.9867361074297     0.854617909911894     0     -4     -4
44.9734722157648     0.854535572724107     0     -4     -4
44.9602083259105     0.854384638951881     0     -4     -4
44.9469444387722     0.854472000810037     0     -4     -4
44.9336805552553     0.854504411861729     0     -4     -4
44.9204166762651     0.854585020774324     0     -4     -4
44.9071528027069     0.854474023666582     0     -4     -4
44.8938889354862     0.854475437079524     0     -4     -4
44.8806250755081     0.854497969700755     0     -4     -4
44.8673612236781     0.854403895676182     0     -4     -4
44.8540973809016     0.854433245876294     0     -4     -4
44.8408335480838     0.854375603917003     0     -4     -4
44.8275697261302     0.854385620345758     0     -4     -4
44.8143059159461     0.854328465720353     0     -4     -4
44.8010421184369     0.854345231783906     0     -4     -4
44.7877783345079     0.854580701857886     0     -4     -4
44.7745145650645     0.854464272239524     0     -4     -4
44.7612508110122     0.85439103917208     0     -4     -4
44.7479870732562     0.854397834573994     0     -4     -4
44.7347233527021     0.854412795870035     0     -4     -4
44.7214596502551     0.854278237931307     0     -4     -4
44.7081959668207     0.85424225288555     0     -4     -4
44.6949323033044     0.854349731377356     0     -4     -4
44.6816686606115     0.854281615076452     0     -4     -4
44.6684050396474     0.854195590884248     0     -4     -4
44.6551414413176     0.854201731815347     0     -4     -4
44.6418778665275     0.854040281374065     0     -4     -4
44.6286143161827     0.854133305974471     0     -4     -4
44.6153507911885     0.854049119007235     0     -4     -4
44.6020872924504     0.853909443796585     0     -4     -4
44.5888238208739     0.854025313166943     0     -4     -4
44.5755603773645     0.853865372132783     0     -4     -4
44.5622969628277     0.853784466337543     0     -4     -4
44.549033578169     0.853681172567074     0     -4     -4
44.5357702242939     0.853815509745503     0     -4     -4
44.522506902108     0.853555317015716     0     -4     -4
44.5092436125167     0.853559960469694     0     -4     -4
44.4959803564257     0.853485899828615     0     -4     -4
44.4827171347406     0.853661571342549     0     -4     -4
44.4694539483668     0.85358812828882     0     -4     -4
44.45619079821     0.853546897386855     0     -4     -4
44.4429276851758     0.853604647760014     0     -4     -4
44.4296646101698     0.853501474189143     0     -4     -4
44.4164015740977     0.853494866463562     0     -4     -4
44.4031385778651     0.853446241679255     0     -4     -4
44.3898756223776     0.853604700515863     0     -4     -4
44.376612708541     0.853499787373302     0     -4     -4
44.3633498372608     0.853447918289839     0     -4     -4
44.3500870094429     0.853559620944476     0     -4     -4
44.336824225993     0.853591401026806     0     -4     -4
44.3235614878167     0.853522000149498     0     -4     -4
44.3102987958199     0.853455738366693     0     -4     -4
44.2970361509082     0.853538395246501     0     -4     -4
44.2837735539876     0.853696877742061     0     -4     -4
44.2705110059638     0.853664359675615     0     -4     -4
44.2572485077426     0.853830989855982     0     -4     -4
44.2439860602298     0.853695706924922     0     -4     -4
44.2307236643314     0.853772875991432     0     -4     -4
44.2174613209532     0.853745157625202     0     -4     -4
44.2041990310011     0.853759175717509     0     -4     -4
44.190936795381     0.853847687184652     0     -4     -4
44.1776746149988     0.85389195441413     0     -4     -4
44.1644124907606     0.853900522750544     0     -4     -4
44.1511504235722     0.853897004226337     0     -4     -4
44.1378884143397     0.853984172666502     0     -4     -4
44.1246264639691     0.854020449862752     0     -4     -4
44.1113645733664     0.854046465322606     0     -4     -4
44.0981027434377     0.854005951789438     0     -4     -4
44.0848409750891     0.854123010999541     0     -4     -4
44.0715792692266     0.854286619140219     0     -4     -4
44.0583176267565     0.854341282195265     0     -4     -4
44.0450560485848     0.854273862000166     0     -4     -4
44.0317945356177     0.854279036463271     0     -4     -4
44.0185330887614     0.854415392503312     0     -4     -4
44.0052717089222     0.854305787497568     0     -4     -4
43.9920103970062     0.854429255978909     0     -4     -4
43.9787491539198     0.854328746631326     0     -4     -4
43.9654879805692     0.85428500769013     0     -4     -4
43.9522268778607     0.854338419741476     0     -4     -4
43.9389658467008     0.85433829910345     0     -4     -4
43.9257048879957     0.854230511580535     0     -4     -4
43.912444002652     0.854109678071559     0     -4     -4
43.8991831915758     0.854157627150825     0     -4     -4
43.8859224556739     0.854178326315379     0     -4     -4
43.8726617958525     0.854214170012776     0     -4     -4
43.8594012130182     0.854177432305703     0     -4     -4
43.8461407080776     0.854069166123786     0     -4     -4
43.8328802819372     0.853962373277606     0     -4     -4
43.8196199355036     0.854020695040437     0     -4     -4
43.8063596696833     0.853947237517417     0     -4     -4
43.7930994853832     0.854031517404024     0     -4     -4
43.7798393835097     0.853861735784901     0     -4     -4
43.7665793649697     0.853842692665067     0     -4     -4
43.7533194306699     0.853780039191281     0     -4     -4
43.7400595815169     0.853816213468625     0     -4     -4
43.7267998184177     0.853649007683221     0     -4     -4
43.7135401422791     0.853685249657163     0     -4     -4
43.7002805540078     0.853604890695414     0     -4     -4
43.6870210545109     0.853706150162069     0     -4     -4
43.6737616446951     0.853644276859313     0     -4     -4
43.6605023254675     0.853538155821071     0     -4     -4
43.6472430977351     0.853552419176066     0     -4     -4
43.6339839624049     0.853421082274163     0     -4     -4
43.6207249203839     0.853326716886786     0     -4     -4
43.6074659725792     0.853361733556925     0     -4     -4
43.5942071198979     0.853327342521699     0     -4     -4
43.5809483632472     0.853213248496302     0     -4     -4
43.5676897035343     0.853209219680903     0     -4     -4
43.5544311416664     0.853291382636374     0     -4     -4
43.5411726785508     0.853157860390553     0     -4     -4
43.5279143150947     0.853143685852959     0     -4     -4
43.5146560522055     0.85311594782292     0     -4     -4
43.5013978907905     0.853178059565547     0     -4     -4
43.4881398317573     0.853130011163033     0     -4     -4
43.4748818760131     0.853117472951684     0     -4     -4
43.4616240244654     0.853090539781773     0     -4     -4
43.4483662780219     0.853055717386943     0     -4     -4
43.43510863759     0.852866317467038     0     -4     -4
43.4218511040773     0.853005196304666     0     -4     -4
43.4085936783915     0.852890923639756     0     -4     -4
43.3953363614402     0.852943382765198     0     -4     -4
43.3820791541312     0.852976892291798     0     -4     -4
43.3688220573721     0.852710288605646     0     -4     -4
43.3555650720708     0.852790337203042     0     -4     -4
43.3423081991352     0.852792113388714     0     -4     -4
43.3290514394729     0.852814292267947     0     -4     -4
43.3157947939921     0.852771642263759     0     -4     -4
43.3025382636006     0.852597943115535     0     -4     -4
43.2892818492064     0.852694334105901     0     -4     -4
43.2760255517175     0.85259750845632     0     -4     -4
43.2627693720421     0.852616778793916     0     -4     -4
43.2495133110882     0.852586168530307     0     -4     -4
43.236257369764     0.852561847784776     0     -4     -4
43.2230015489777     0.852473986407979     0     -4     -4
43.2097458496376     0.852542270613877     0     -4     -4
43.1964902726519     0.852243441308678     0     -4     -4
43.183234818929     0.852472209376008     0     -4     -4
43.1699794893773     0.852306040223384     0     -4     -4
43.1567242849051     0.852369369788696     0     -4     -4
43.1434692064209     0.85231725565839     0     -4     -4
43.1302142548334     0.852107245632325     0     -4     -4
43.1169594310509     0.85240497400014     0     -4     -4
43.1037047359822     0.852250927727841     0     -4     -4
43.0904501705359     0.852242042557948     0     -4     -4
43.0771957356206     0.852187103201337     0     -4     -4
43.0639414321452     0.852110088819605     0     -4     -4
43.0506872610184     0.852292651592441     0     -4     -4
43.0374332231491     0.851951865999689     0     -4     -4
43.0241793194461     0.852182621121241     0     -4     -4
43.0109255508184     0.852004102895131     0     -4     -4
42.9976719181749     0.852049676958064     0     -4     -4
42.9844184224248     0.852034094215469     0     -4     -4
42.9711650644771     0.852007926274307     0     -4     -4
42.9579118452409     0.851918969833174     0     -4     -4
42.9446587656254     0.85187156357645     0     -4     -4
42.9314058265398     0.851887651433116     0     -4     -4
42.9181530288935     0.851843593412884     0     -4     -4
42.9049003735958     0.851909891339014     0     -4     -4
42.891647861556     0.851654959468281     0     -4     -4
42.8783954936836     0.851730499597236     0     -4     -4
42.865143270888     0.851623840424442     0     -4     -4
42.8518911940789     0.85171828901094     0     -4     -4
42.8386392641659     0.851557392517788     0     -4     -4
42.8253874820585     0.851645249011287     0     -4     -4
42.8121358486664     0.851383959197711     0     -4     -4
42.7988843648995     0.851487128909415     0     -4     -4
42.7856330316676     0.851320211530717     0     -4     -4
42.7723818498804     0.851388758584467     0     -4     -4
42.759130820448     0.851250438052476     0     -4     -4
42.7458799442802     0.851375745006302     0     -4     -4
42.7326292222872     0.851187939228525     0     -4     -4
42.719378655379     0.851241238843521     0     -4     -4
42.7061282444657     0.851061280102293     0     -4     -4
42.6928779904575     0.851119370595515     0     -4     -4
42.6796278942648     0.850929199077245     0     -4     -4
42.6663779567977     0.851035364560341     0     -4     -4
42.6531281789667     0.850844475884917     0     -4     -4
42.6398785616822     0.85124755757928     0     -4     -4
42.6266291058547     0.851060914203436     0     -4     -4
42.6133798123947     0.851271168743895     0     -4     -4
42.6001306822128     0.851083428103348     0     -4     -4
42.5868817162196     0.851352629204547     0     -4     -4
42.573632915326     0.851334745534903     0     -4     -4
42.5603842804426     0.851181608810506     0     -4     -4
42.5471358124802     0.851180497453148     0     -4     -4
42.5338875123499     0.851284767347441     0     -4     -4
42.5206393809625     0.851318828170107     0     -4     -4
42.5073914192291     0.851118532735706     0     -4     -4
42.4941436280607     0.851206133686624     0     -4     -4
42.4808960083686     0.851098743538476     0     -4     -4
42.4676485610637     0.851164449208837     0     -4     -4
42.4544012870576     0.850780702388748     0     -4     -4
42.4411541872613     0.851133853199435     0     -4     -4
42.4279072625865     0.851037480570446     0     -4     -4
42.4146605139445     0.850935817048825     0     -4     -4
42.4014139422467     0.850798843896833     0     -4     -4
42.3881675484049     0.85075859669921     0     -4     -4
42.3749213333306     0.850767596585125     0     -4     -4
42.3616752979356     0.850545950273232     0     -4     -4
42.3484294431316     0.85074431180202     0     -4     -4
42.3351837698304     0.850715350954273     0     -4     -4
42.3219382789441     0.850809384815412     0     -4     -4
42.3086929713844     0.850608249930491     0     -4     -4
42.2954478480635     0.850544031574835     0     -4     -4
42.2822029098935     0.850339723714449     0     -4     -4
42.2689581577864     0.850398506350247     0     -4     -4
42.2557135926547     0.85039038963851     0     -4     -4
42.2424692154105     0.850425986418549     0     -4     -4
42.2292250269662     0.850143968480971     0     -4     -4
42.2159810282344     0.850037222435329     0     -4     -4
42.2027372201273     0.849797872515205     0     -4     -4
42.1894936035578     0.849913714696483     0     -4     -4
42.1762501794383     0.849764597686018     0     -4     -4
42.1630069486816     0.849448391278136     0     -4     -4
42.1497639122005     0.849490381288992     0     -4     -4
42.1365210709078     0.849496337939665     0     -4     -4
42.1232784257165     0.849014949942685     0     -4     -4
42.1100359775395     0.84910527660173     0     -4     -4
42.09679372729     0.848937661941633     0     -4     -4
42.083551675881     0.848950761358358     0     -4     -4
42.0703098242257     0.84853311147814     0     -4     -4
42.0570681732375     0.848253933039681     0     -4     -4
42.0438267238296     0.848457772079596     0     -4     -4
42.0305854769156     0.848023237659293     0     -4     -4
42.0173444334088     0.847412182447059     0     -4     -4
42.0041035942229     0.847655944002893     0     -4     -4
41.9908629602715     0.847234318175653     0     -4     -4
41.9776225324684     0.846775583773053     0     -4     -4
41.9643823117272     0.846787109591066     0     -4     -4
41.9511422989619     0.846306560029821     0     -4     -4
41.9379024950865     0.845755543148447     0     -4     -4
41.9246629010149     0.845084323783039     0     -4     -4
41.9114235176612     0.844788849021536     0     -4     -4
41.8981843459396     0.844423717086617     0     -4     -4
41.8849453867643     0.843232762691394     0     -4     -4
41.8717066410497     0.842618319593417     0     -4     -4
41.8584681097102     0.842420260694682     0     -4     -4
41.8452297936601     0.840769080817564     0     -4     -4
41.8319916938142     0.839417333542072     0     -4     -4
41.8187538110869     0.838741812483773     0     -4     -4
41.8055161463931     0.837428151041984     0     -4     -4
41.7922787006474     0.835086894278436     0     -4     -4
41.7790414747648     0.833108121449394     0     -4     -4
41.7658044696602     0.831948363733333     0     -4     -4
41.7525676862486     0.836962380386677     0     -4     -4
41.7393311254452     0.832803292948504     0     -4     -4
41.726094788165     0.830008301335336     0     -4     -4
41.7128586753234     0.82735436315     0     -4     -4
41.6996227878358     0.821988995875569     0     -4     -4
41.6863871266174     0.815922568089559     0     -4     -4
41.673151692584     0.812394651027371     0     -4     -4
41.6599164866509     0.809418962405536     0     -4     -4
41.646681509734     0.803608825500744     0     -4     -4
41.6334467627489     0.798968342575958     0     -4     -4
41.6202122466115     0.79724532015133     0     -4     -4
41.6069779622377     0.79624121512368     0     -4     -4
41.5937439105435     0.790964700901473     0     -4     -4
41.580510092445     0.783911460855341     0     -4     -4
41.5672765088584     0.775151662774476     0     -4     -4
41.5540431606999     0.761151997235239     0     -4     -4
41.5408100488858     0.734831017336699     0     -4     -4
41.5275771743327     0.697929069631755     0     -4     -4
41.5143445379569     0.650363077248709     0     -4     -4
41.5011121406751     0.600136912007983     0     -4     -4
41.487879983404     0.548725227615123     0     -4     -4
41.4746480670603     0.505840876718454     0     -4     -4
41.4614163925608     0.465795948661268     0     -4     -4
41.4481849608227     0.430143786509558     0     -4     -4
41.4349537727627     0.412786865717771     0     -4     -4
41.4217228292982     0.412418279335963     0     -4     -4
41.4084921313462     0.4064221638748     0     -4     -4
41.395261679824     0.399352178558125     0     -4     -4
41.3820314756491     0.413638178542668     0     -4     -4
41.368801519739     0.438316159974636     0     -4     -4
41.3555718130111     0.447906489185505     0     -4     -4
41.3423423563831     0.451658148027976     0     -4     -4
41.3291131507728     0.475809482428944     0     -4     -4
41.315884197098     0.500562690668009     0     -4     -4
41.3026554962766     0.509340365692299     0     -4     -4
41.2894270492266     0.511359410824708     0     -4     -4
41.2761988568661     0.528688277742177     0     -4     -4
41.2629709201134     0.548519999291254     0     -4     -4
41.2497432398867     0.55601610942178     0     -4     -4
41.2365158171043     0.557019978354696     0     -4     -4
41.2232886526848     0.567864141756014     0     -4     -4
41.2100617475467     0.58376348947806     0     -4     -4
41.1968351026086     0.586192325516465     0     -4     -4
41.1836087187894     0.581963306032878     0     -4     -4
41.1703825970079     0.589936201533513     0     -4     -4
41.1571567381829     0.599345844426363     0     -4     -4
41.1439311432336     0.598944315860184     0     -4     -4
41.130705813079     0.59325618744845     0     -4     -4
41.1174807486384     0.597904771399492     0     -4     -4
41.1042559508312     0.603393781855128     0     -4     -4
41.0910314205766     0.597844146725342     0     -4     -4
41.0778071587943     0.590453756028193     0     -4     -4
41.0645831664038     0.593048154850997     0     -4     -4
41.0513594443248     0.594891738409469     0     -4     -4
41.0381359934772     0.585416251719572     0     -4     -4
41.0249128147808     0.576996200486661     0     -4     -4
41.0116899091557     0.577322302983801     0     -4     -4
40.9984672775219     0.574565628760635     0     -4     -4
40.9852449207996     0.561343532285637     0     -4     -4
40.9720228399091     0.552315004944014     0     -4     -4
40.9588010357708     0.549344419743535     0     -4     -4
40.9455795093053     0.540912099912376     0     -4     -4
40.932358261433     0.52445146898543     0     -4     -4
40.9191372930747     0.514897952737193     0     -4     -4
40.9059166051511     0.509234675481164     0     -4     -4
40.8926961985833     0.495082319129046     0     -4     -4
40.8794760742921     0.474927667378639     0     -4     -4
40.8662562331986     0.464628801827016     0     -4     -4
40.8530366762241     0.45262561570553     0     -4     -4
40.8398174042898     0.432680489118184     0     -4     -4
40.8265984183172     0.415305968665803     0     -4     -4
40.8133797192277     0.404071223539111     0     -4     -4
40.800161307943     0.383894072451584     0     -4     -4
40.7869431853848     0.360723589133616     0     -4     -4
40.7737253524748     0.345616857278741     0     -4     -4
40.7605078101351     0.331175552446802     0     -4     -4
40.7472905592876     0.310345206715439     0     -4     -4
40.7340736008544     0.293845071089675     0     -4     -4
40.7208569357578     0.280193149725746     0     -4     -4
40.7076405649202     0.262688910649671     0     -4     -4
40.6944244892639     0.242315585251541     0     -4     -4
40.6812087097115     0.23089908279841     0     -4     -4
40.6679932271857     0.215549625485654     0     -4     -4
40.6547780426093     0.200640192622101     0     -4     -4
40.6415631569051     0.192354257007345     0     -4     -4
40.628348570996     0.184537251520885     0     -4     -4
40.6151342858053     0.168583281701574     0     -4     -4
40.601920302256     0.159168382652394     0     -4     -4
40.5887066212714     0.156389880873772     0     -4     -4
40.5754932437751     0.147613837004748     0     -4     -4
40.5622801706905     0.138575275447215     0     -4     -4
40.5490674029412     0.140662679880557     0     -4     -4
40.5358549414509     0.139677312761427     0     -4     -4
40.5226427871436     0.130712914738951     0     -4     -4
40.5094309409432     0.131068628948298     0     -4     -4
40.4962194037737     0.139034587470597     0     -4     -4
40.4830081765594     0.135495329959205     0     -4     -4
40.4697972602245     0.131885800246768     0     -4     -4
40.4565866556934     0.142052533013124     0     -4     -4
40.4433763638906     0.148647923563084     0     -4     -4
40.4301663857409     0.143773343749359     0     -4     -4
40.4169567221688     0.148013971203328     0     -4     -4
40.4037473740993     0.162686658549014     0     -4     -4
40.3905383424574     0.165557956136759     0     -4     -4
40.3773296281681     0.161963382535659     0     -4     -4
40.3641212321566     0.169054441103642     0     -4     -4
