40.3773296281681     0.0948933001976102     0     10     -8
40.3905383424574     0.0947717471008568     0     10     -8
40.4037473740993     0.0948181059587635     0     10     -8
40.4169567221688     0.0948956404840237     0     10     -8
40.4301663857409     0.0954033809740245     0     10     -8
40.4433763638906     0.0956859977033133     0     10     -8
40.4565866556934     0.095318990961102     0     10     -8
40.4697972602245     0.0949375436000499     0     10     -8
40.4830081765594     0.0949926526388142     0     10     -8
40.4962194037737     0.0947165816303526     0     10     -8
40.5094309409432     0.0944819164060181     0     10     -8
40.5226427871436     0.0945138857333945     0     10     -8
40.5358549414509     0.094731633959011     0     10     -8
40.5490674029412     0.0946669755677051     0     10     -8
40.5622801706905     0.0941943134163507     0     10     -8
40.5754932437751     0.0940662450137925     0     10     -8
40.5887066212714     0.0940060058407622     0     10     -8
40.601920302256     0.0941723219510084     0     10     -8
40.6151342858053     0.093611102121004     0     10     -8
40.628348570996     0.0944187455851259     0     10     -8
40.6415631569051     0.0941170529198503     0     10     -8
40.6547780426093     0.0941057995970127     0     10     -8
40.6679932271857     0.0943747852221913     0     10     -8
40.6812087097115     0.0942146347009026     0     10     -8
40.6944244892639     0.0940007475435675     0     10     -8
40.7076405649202     0.093945998926233     0     10     -8
40.7208569357578     0.0941697705997108     0     10     -8
40.7340736008544     0.0937037797254079     0     10     -8
40.7472905592876     0.0937955458580889     0     10     -8
40.7605078101351     0.0936252748301626     0     10     -8
40.7737253524748     0.0932939955637832     0     10     -8
40.7869431853848     0.0934370747327947     0     10     -8
40.800161307943     0.0934993554761871     0     10     -8
40.8133797192277     0.0940064504539732     0     10     -8
40.8265984183172     0.0937545316901585     0     10     -8
40.8398174042898     0.0937864872611943     0     10     -8
40.8530366762241     0.0938647286417474     0     10     -8
40.8662562331986     0.0939866187410095     0     10     -8
40.8794760742921     0.0941051637361686     0     10     -8
40.8926961985833     0.094264580360172     0     10     -8
40.9059166051511     0.0942682985881963     0     10     -8
40.9191372930747     0.0944546550087113     0     10     -8
40.932358261433     0.0940560681808763     0     10     -8
40.9455795093053     0.0946828977198174     0     10     -8
40.9588010357708     0.0942582962917086     0     10     -8
40.9720228399091     0.0944698107222468     0     10     -8
40.9852449207996     0.0946213737617467     0     10     -8
40.9984672775219     0.0948394137380115     0     10     -8
41.0116899091557     0.0957210595221162     0     10     -8
41.0249128147808     0.0954442430755506     0     10     -8
41.0381359934772     0.0957635998721639     0     10     -8
41.0513594443248     0.0960096377234023     0     10     -8
41.0645831664038     0.0959614359052298     0     10     -8
41.0778071587943     0.0964034015086632     0     10     -8
41.0910314205766     0.0961234943522803     0     10     -8
41.1042559508312     0.096312344112374     0     10     -8
41.1174807486384     0.096506399903048     0     10     -8
41.130705813079     0.0966537124012291     0     10     -8
41.1439311432336     0.0967907862588437     0     10     -8
41.1571567381829     0.0970164994206851     0     10     -8
41.1703825970079     0.0974083548264484     0     10     -8
41.1836087187894     0.0975951346607973     0     10     -8
41.1968351026086     0.0985044987375562     0     10     -8
41.2100617475467     0.0981189000830943     0     10     -8
41.2232886526848     0.0989012175370787     0     10     -8
41.2365158171043     0.0987845951237673     0     10     -8
41.2497432398867     0.0995127160155329     0     10     -8
41.2629709201134     0.0993590778143515     0     10     -8
41.2761988568661     0.0994061157693165     0     10     -8
41.2894270492266     0.0998179290111689     0     10     -8
41.3026554962766     0.0999423179475586     0     10     -8
41.315884197098     0.100194117179497     0     10     -8
41.3291131507728     0.100612690437838     0     10     -8
41.3423423563831     0.10035189991486     0     10     -8
41.3555718130111     0.101017889395031     0     10     -8
41.368801519739     0.100489496355541     0     10     -8
41.3820314756491     0.100647561490877     0     10     -8
41.395261679824     0.100817003555596     0     10     -8
41.4084921313462     0.101328046565025     0     10     -8
41.4217228292982     0.101085759817324     0     10     -8
41.4349537727627     0.101533921655784     0     10     -8
41.4481849608227     0.102565860219737     0     10     -8
41.4614163925608     0.101803283480457     0     10     -8
41.4746480670603     0.102369284211083     0     10     -8
41.487879983404     0.102830841519231     0     10     -8
41.5011121406751     0.103335197425207     0     10     -8
41.5143445379569     0.103439597895282     0     10     -8
41.5275771743327     0.103754699392748     0     10     -8
41.5408100488858     0.103452147732962     0     10     -8
41.5540431606999     0.103330795813585     0     10     -8
41.5672765088584     0.103527128630196     0     10     -8
41.580510092445     0.103786303642136     0     10     -8
41.5937439105435     0.103843202229035     0     10     -8
41.6069779622377     0.103903997044602     0     10     -8
41.6202122466115     0.104494969550212     0     10     -8
41.6334467627489     0.104203854196426     0     10     -8
41.646681509734     0.104452391753153     0     10     -8
41.6599164866509     0.104558506308894     0     10     -8
41.673151692584     0.104777647618375     0     10     -8
41.6863871266174     0.105534897330873     0     10     -8
41.6996227878358     0.105144256451188     0     10     -8
41.7128586753234     0.105402807705148     0     10     -8
41.726094788165     0.105376784782188     0     10     -8
41.7393311254452     0.106111961685532     0     10     -8
41.7525676862486     0.105708655325691     0     10     -8
41.7658044696602     0.105322163371136     0     10     -8
41.7790414747648     0.105207687470979     0     10     -8
41.7922787006474     0.105070597183158     0     10     -8
41.8055161463931     0.105374219990437     0     10     -8
41.8187538110869     0.105270860873277     0     10     -8
41.8319916938142     0.105531665009703     0     10     -8
41.8452297936601     0.105566183441203     0     10     -8
41.8584681097102     0.105687340300052     0     10     -8
41.8717066410497     0.10574829989011     0     10     -8
41.8849453867643     0.106110775621039     0     10     -8
41.8981843459396     0.105930211258368     0     10     -8
41.9114235176612     0.106760706548619     0     10     -8
41.9246629010149     0.1063556615043     0     10     -8
41.9379024950865     0.106256147671478     0     10     -8
41.9511422989619     0.106270084293652     0     10     -8
41.9643823117272     0.106182149097085     0     10     -8
41.9776225324684     0.106169163971722     0     10     -8
41.9908629602715     0.106034210289925     0     10     -8
42.0041035942229     0.106411458033751     0     10     -8
42.0173444334088     0.105874825397033     0     10     -8
42.0305854769156     0.10611099905276     0     10     -8
42.0438267238296     0.105983881621109     0     10     -8
42.0570681732375     0.10584367231919     0     10     -8
42.0703098242257     0.106089722747373     0     10     -8
42.083551675881     0.106118693934613     0     10     -8
42.09679372729     0.10630194251154     0     10     -8
42.1100359775395     0.106314391758316     0     10     -8
42.1232784257165     0.10638471492259     0     10     -8
42.1365210709078     0.106982879872776     0     10     -8
42.1497639122005     0.106131633440675     0     10     -8
42.1630069486816     0.106715541443929     0     10     -8
42.1762501794383     0.106105286480516     0     10     -8
42.1894936035578     0.105947465629067     0     10     -8
42.2027372201273     0.105594886756166     0     10     -8
42.2159810282344     0.105701571464975     0     10     -8
42.2292250269662     0.105476971058574     0     10     -8
42.2424692154105     0.105745540293084     0     10     -8
42.2557135926547     0.105953341536178     0     10     -8
42.2689581577864     0.106505871593466     0     10     -8
42.2822029098935     0.106032273090647     0     10     -8
42.2954478480635     0.106109875907081     0     10     -8
42.3086929713844     0.106713227975525     0     10     -8
42.3219382789441     0.106124018306676     0     10     -8
42.3351837698304     0.105941343890744     0     10     -8
42.3484294431316     0.105332677412696     0     10     -8
42.3616752979356     0.105468393915109     0     10     -8
42.3749213333306     0.105150829246839     0     10     -8
42.3881675484049     0.10509831338864     0     10     -8
42.4014139422467     0.105277358182764     0     10     -8
42.4146605139445     0.104853534277516     0     10     -8
42.4279072625865     0.105575145257508     0     10     -8
42.4411541872613     0.104981489498858     0     10     -8
42.4544012870576     0.105272952732748     0     10     -8
42.4676485610637     0.105272817047791     0     10     -8
42.4808960083686     0.105357310562777     0     10     -8
42.4941436280607     0.105494711200554     0     10     -8
42.5073914192291     0.105482038542034     0     10     -8
42.5206393809625     0.105271985989519     0     10     -8
42.5338875123499     0.105161181528163     0     10     -8
42.5471358124802     0.104923243520159     0     10     -8
42.5603842804426     0.104707295907005     0     10     -8
42.573632915326     0.104980096269473     0     10     -8
42.5868817162196     0.104756074449065     0     10     -8
42.6001306822128     0.105126375952362     0     10     -8
42.6133798123947     0.104703090125657     0     10     -8
42.6266291058547     0.104225376861901     0     10     -8
42.6398785616822     0.104201487733569     0     10     -8
42.6531281789667     0.104511157863576     0     10     -8
42.6663779567977     0.104688804336748     0     10     -8
42.6796278942648     0.104398461573862     0     10     -8
42.6928779904575     0.104657574522398     0     10     -8
42.7061282444657     0.105113480528356     0     10     -8
42.719378655379     0.104717003806996     0     10     -8
42.7326292222872     0.104423253046731     0     10     -8
42.7458799442802     0.10376267586428     0     10     -8
42.759130820448     0.103758612265176     0     10     -8
42.7723818498804     0.103322596131647     0     10     -8
42.7856330316676     0.103022403848317     0     10     -8
42.7988843648995     0.102969803604203     0     10     -8
42.8121358486664     0.10268704715605     0     10     -8
42.8253874820585     0.102323340498609     0     10     -8
42.8386392641659     0.102644150538339     0     10     -8
42.8518911940789     0.101858971037805     0     10     -8
42.865143270888     0.102002433253789     0     10     -8
42.8783954936836     0.102296835749099     0     10     -8
42.891647861556     0.102214198548366     0     10     -8
42.9049003735958     0.103135500522164     0     10     -8
42.9181530288935     0.103182888227712     0     10     -8
42.9314058265398     0.102941283270674     0     10     -8
42.9446587656254     0.102924624175499     0     10     -8
42.9579118452409     0.10307858358966     0     10     -8
42.9711650644771     0.10278839416855     0     10     -8
42.9844184224248     0.102623996692285     0     10     -8
42.9976719181749     0.102588007242299     0     10     -8
43.0109255508184     0.102401981438229     0     10     -8
43.0241793194461     0.102084687071679     0     10     -8
43.0374332231491     0.101913713143833     0     10     -8
43.0506872610184     0.101724601535405     0     10     -8
43.0639414321452     0.101420651043682     0     10     -8
43.0771957356206     0.101623304035782     0     10     -8
43.0904501705359     0.102064434752659     0     10     -8
43.1037047359822     0.10194165796111     0     10     -8
43.1169594310509     0.102122480618173     0     10     -8
43.1302142548334     0.101721892263705     0     10     -8
43.1434692064209     0.101729576365735     0     10     -8
43.1567242849051     0.10196413686208     0     10     -8
43.1699794893773     0.101538275102455     0     10     -8
43.183234818929     0.102172891343519     0     10     -8
43.1964902726519     0.102136576509813     0     10     -8
43.2097458496376     0.101186909318721     0     10     -8
43.2230015489777     0.101537991400601     0     10     -8
43.236257369764     0.100791996426682     0     10     -8
43.2495133110882     0.10061054216886     0     10     -8
43.2627693720421     0.101162681529928     0     10     -8
43.2760255517175     0.100838909348894     0     10     -8
43.2892818492064     0.100957910994566     0     10     -8
43.3025382636006     0.101654168829196     0     10     -8
43.3157947939921     0.101159492038942     0     10     -8
43.3290514394729     0.101471330180383     0     10     -8
43.3423081991352     0.10148186090055     0     10     -8
43.3555650720708     0.101773664168055     0     10     -8
43.3688220573721     0.101600747905322     0     10     -8
43.3820791541312     0.101283188398157     0     10     -8
43.3953363614402     0.100658851770156     0     10     -8
43.4085936783915     0.100956771126363     0     10     -8
43.4218511040773     0.100428235510763     0     10     -8
43.43510863759     0.100127782191063     0     10     -8
43.4483662780219     0.100563717552307     0     10     -8
43.4616240244654     0.100244475511096     0     10     -8
43.4748818760131     0.100219926151394     0     10     -8
43.4881398317573     0.10029404354321     0     10     -8
43.5013978907905     0.100709691958546     0     10     -8
43.5146560522055     0.100804304206215     0     10     -8
43.5279143150947     0.100761830828437     0     10     -8
43.5411726785508     0.100634096448898     0     10     -8
43.5544311416664     0.100679374192875     0     10     -8
43.5676897035343     0.100510113602537     0     10     -8
43.5809483632472     0.100113103898874     0     10     -8
43.5942071198979     0.100644877150349     0     10     -8
43.6074659725792     0.100022412623254     0     10     -8
43.6207249203839     0.100028543159082     0     10     -8
43.6339839624049     0.09984941871083     0     10     -8
43.6472430977351     0.100013408271978     0     10     -8
43.6605023254675     0.100193530045126     0     10     -8
43.6737616446951     0.1009981966252     0     10     -8
43.6870210545109     0.101200792954792     0     10     -8
43.7002805540078     0.100850133554589     0     10     -8
43.7135401422791     0.10081626377544     0     10     -8
43.7267998184177     0.101134018358085     0     10     -8
43.7400595815169     0.101308743868428     0     10     -8
43.7533194306699     0.101907460927221     0     10     -8
43.7665793649697     0.101095813263315     0     10     -8
43.7798393835097     0.101520352290749     0     10     -8
43.7930994853832     0.101393616030751     0     10     -8
43.8063596696833     0.101025983880245     0     10     -8
43.8196199355036     0.100518511011292     0     10     -8
43.8328802819372     0.100796282399657     0     10     -8
43.8461407080776     0.100655263282311     0     10     -8
43.8594012130182     0.101468507523022     0     10     -8
43.8726617958525     0.100696142427899     0     10     -8
43.8859224556739     0.100996206215877     0     10     -8
43.8991831915758     0.101232302634036     0     10     -8
43.912444002652     0.101142274692592     0     10     -8
43.9257048879957     0.10105224772445     0     10     -8
43.9389658467008     0.101395844753585     0     10     -8
43.9522268778607     0.100821219893228     0     10     -8
43.9654879805692     0.101375008772425     0     10     -8
43.9787491539198     0.101288983622777     0     10     -8
43.9920103970062     0.101261493041589     0     10     -8
44.0052717089222     0.100485680974585     0     10     -8
44.0185330887614     0.100771130934443     0     10     -8
44.0317945356177     0.100712208900196     0     10     -8
44.0450560485848     0.100423935775798     0     10     -8
44.0583176267565     0.0999350496999519     0     10     -8
44.0715792692266     0.0998467775888279     0     10     -8
44.0848409750891     0.100083650064469     0     10     -8
44.0981027434377     0.0999548141347387     0     10     -8
44.1113645733664     0.100698614394151     0     10     -8
44.1246264639691     0.100328096221547     0     10     -8
44.1378884143397     0.100261117727305     0     10     -8
44.1511504235722     0.100795217092069     0     10     -8
44.1644124907606     0.100131233011127     0     10     -8
44.1776746149988     0.10029897833421     0     10     -8
44.190936795381     0.1001619191957     0     10     -8
44.2041990310011     0.100242234860769     0     10     -8
44.2174613209532     0.0999061920571362     0     10     -8
44.2307236643314     0.0995792486850347     0     10     -8
44.2439860602298     0.0993661464927979     0     10     -8
44.2572485077426     0.0994384562295     0     10     -8
44.2705110059638     0.0989510187014292     0     10     -8
44.2837735539876     0.0996869901366984     0     10     -8
44.2970361509082     0.0995005154364676     0     10     -8
44.3102987958199     0.0993219281837208     0     10     -8
44.3235614878167     0.0993821022247558     0     10     -8
44.336824225993     0.0997482710829259     0     10     -8
44.3500870094429     0.0996134094434072     0     10     -8
44.3633498372608     0.0995883307646835     0     10     -8
44.376612708541     0.100266998672587     0     10     -8
44.3898756223776     0.0997293551883197     0     10     -8
44.4031385778651     0.0995128278011533     0     10     -8
44.4164015740977     0.0997239148655644     0     10     -8
44.4296646101698     0.0989411851704833     0     10     -8
44.4429276851758     0.0991212591386827     0     10     -8
44.45619079821     0.0991501269882212     0     10     -8
44.4694539483668     0.0985256105565207     0     10     -8
44.4827171347406     0.098585009943367     0     10     -8
44.4959803564257     0.0984443671703838     0     10     -8
44.5092436125167     0.0980316568752743     0     10     -8
44.522506902108     0.0986749980305017     0     10     -8
44.5357702242939     0.0989912357294642     0     10     -8
44.549033578169     0.0985576808034978     0     10     -8
44.5622969628277     0.0986685542182769     0     10     -8
44.5755603773645     0.098283783101633     0     10     -8
44.5888238208739     0.0982806376629423     0     10     -8
44.6020872924504     0.0984871850402644     0     10     -8
44.6153507911885     0.0981907222805962     0     10     -8
44.6286143161827     0.0982349166076719     0     10     -8
44.6418778665275     0.0979503578878915     0     10     -8
44.6551414413176     0.0978167990998474     0     10     -8
44.6684050396474     0.0977241109872666     0     10     -8
44.6816686606115     0.0979044863519866     0     10     -8
44.6949323033044     0.0978003034355115     0     10     -8
44.7081959668207     0.0983320472716507     0     10     -8
44.7214596502551     0.0985162930074661     0     10     -8
44.7347233527021     0.0979523892046498     0     10     -8
44.7479870732562     0.0978751704342678     0     10     -8
44.7612508110122     0.0979209531702588     0     10     -8
44.7745145650645     0.0978158709797822     0     10     -8
44.7877783345079     0.097822340433902     0     10     -8
44.8010421184369     0.0973641298857053     0     10     -8
44.8143059159461     0.0971370487705368     0     10     -8
44.8275697261302     0.0971352905307097     0     10     -8
44.8408335480838     0.0973844805946965     0     10     -8
44.8540973809016     0.097404062505243     0     10     -8
44.8673612236781     0.0971830217765969     0     10     -8
44.8806250755081     0.0978040696492892     0     10     -8
44.8938889354862     0.0976726061517278     0     10     -8
44.9071528027069     0.0973377253655757     0     10     -8
44.9204166762651     0.0981251788104387     0     10     -8
44.9336805552553     0.0972726402931507     0     10     -8
44.9469444387722     0.0970682254479024     0     10     -8
44.9602083259105     0.0968829441120609     0     10     -8
44.9734722157648     0.0971222871664092     0     10     -8
44.9867361074297     0.096942594733542     0     10     -8
45     0.0966543741769138     0     10     -8
