44.9867361074297     0.861881519210002     0     -6     -6
44.9734722157648     0.861824016449629     0     -6     -6
44.9602083259105     0.862009020673718     0     -6     -6
44.9469444387722     0.862054905186524     0     -6     -6
44.9336805552553     0.86200993975936     0     -6     -6
44.9204166762651     0.861925503403684     0     -6     -6
44.9071528027069     0.861944483240853     0     -6     -6
44.8938889354862     0.862358895765685     0     -6     -6
44.8806250755081     0.862141623823916     0     -6     -6
44.8673612236781     0.861942035943125     0     -6     -6
44.8540973809016     0.862036456189187     0     -6     -6
44.8408335480838     0.861766377229565     0     -6     -6
44.8275697261302     0.862335148620431     0     -6     -6
44.8143059159461     0.861950459632208     0     -6     -6
44.8010421184369     0.861926852949193     0     -6     -6
44.7877783345079     0.861685534576324     0     -6     -6
44.7745145650645     0.862021035697422     0     -6     -6
44.7612508110122     0.862006463668853     0     -6     -6
44.7479870732562     0.862103217969995     0     -6     -6
44.7347233527021     0.861853118612527     0     -6     -6
44.7214596502551     0.862008876919431     0     -6     -6
44.7081959668207     0.861941112610261     0     -6     -6
44.6949323033044     0.861702611972454     0     -6     -6
44.6816686606115     0.86199172399992     0     -6     -6
44.6684050396474     0.862011989425446     0     -6     -6
44.6551414413176     0.862411947476461     0     -6     -6
44.6418778665275     0.862497782478811     0     -6     -6
44.6286143161827     0.862151550289241     0     -6     -6
44.6153507911885     0.862119278244259     0     -6     -6
44.6020872924504     0.861950102514653     0     -6     -6
44.5888238208739     0.86250087782368     0     -6     -6
44.5755603773645     0.862392728076702     0     -6     -6
44.5622969628277     0.862194840430465     0     -6     -6
44.549033578169     0.862202782885038     0     -6     -6
44.5357702242939     0.862512906162585     0     -6     -6
44.522506902108     0.861915643658088     0     -6     -6
44.5092436125167     0.862156383332332     0     -6     -6
44.4959803564257     0.862261237328856     0     -6     -6
44.4827171347406     0.862180689691912     0     -6     -6
44.4694539483668     0.862289643651554     0     -6     -6
44.45619079821     0.862291462414487     0     -6     -6
44.4429276851758     0.862335975385625     0     -6     -6
44.4296646101698     0.862338423471084     0     -6     -6
44.4164015740977     0.862228153554335     0     -6     -6
44.4031385778651     0.862614766363364     0     -6     -6
44.3898756223776     0.862303355456005     0     -6     -6
44.376612708541     0.862785707467875     0     -6     -6
44.3633498372608     0.862592092751526     0     -6     -6
44.3500870094429     0.862734204214169     0     -6     -6
44.336824225993     0.862364341632753     0     -6     -6
44.3235614878167     0.862391273721143     0     -6     -6
44.3102987958199     0.86233401390384     0     -6     -6
44.2970361509082     0.86241573275988     0     -6     -6
44.2837735539876     0.863063920839146     0     -6     -6
44.2705110059638     0.862501413963638     0     -6     -6
44.2572485077426     0.862438199810587     0     -6     -6
44.2439860602298     0.862320611043404     0     -6     -6
44.2307236643314     0.862437394773049     0     -6     -6
44.2174613209532     0.862485216362354     0     -6     -6
44.2041990310011     0.862545795410939     0     -6     -6
44.190936795381     0.862551368461832     0     -6     -6
44.1776746149988     0.862579799371937     0     -6     -6
44.1644124907606     0.862532424387989     0     -6     -6
44.1511504235722     0.862780551731392     0     -6     -6
44.1378884143397     0.862513282256747     0     -6     -6
44.1246264639691     0.862536297081169     0     -6     -6
44.1113645733664     0.862467199827799     0     -6     -6
44.0981027434377     0.86243475187851     0     -6     -6
44.0848409750891     0.862834861578317     0     -6     -6
44.0715792692266     0.862549312109958     0     -6     -6
44.0583176267565     0.862478390625613     0     -6     -6
44.0450560485848     0.862410347225949     0     -6     -6
44.0317945356177     0.862667030225378     0     -6     -6
44.0185330887614     0.862277617677902     0     -6     -6
44.0052717089222     0.862577529422456     0     -6     -6
43.9920103970062     0.862370783849853     0     -6     -6
43.9787491539198     0.86227779730583     0     -6     -6
43.9654879805692     0.862358095067541     0     -6     -6
43.9522268778607     0.86263427888014     0     -6     -6
43.9389658467008     0.862327029674895     0     -6     -6
43.9257048879957     0.862430503948584     0     -6     -6
43.912444002652     0.862228299310817     0     -6     -6
43.8991831915758     0.862179736620384     0     -6     -6
43.8859224556739     0.862258103134667     0     -6     -6
43.8726617958525     0.862334081896022     0     -6     -6
43.8594012130182     0.862066763537344     0     -6     -6
43.8461407080776     0.862237675727744     0     -6     -6
43.8328802819372     0.862217560567019     0     -6     -6
43.8196199355036     0.86272708193057     0     -6     -6
43.8063596696833     0.862264661498263     0     -6     -6
43.7930994853832     0.862350877254139     0     -6     -6
43.7798393835097     0.862028294861108     0     -6     -6
43.7665793649697     0.862487219947892     0     -6     -6
43.7533194306699     0.86222771665432     0     -6     -6
43.7400595815169     0.862107323933651     0     -6     -6
43.7267998184177     0.86233204749769     0     -6     -6
43.7135401422791     0.86249725889442     0     -6     -6
43.7002805540078     0.862534920550972     0     -6     -6
43.6870210545109     0.862100991844307     0     -6     -6
43.6737616446951     0.862291886824607     0     -6     -6
43.6605023254675     0.862216189853434     0     -6     -6
43.6472430977351     0.862332747421809     0     -6     -6
43.6339839624049     0.862647083079016     0     -6     -6
43.6207249203839     0.862260552130456     0     -6     -6
43.6074659725792     0.862454798070201     0     -6     -6
43.5942071198979     0.86226626735275     0     -6     -6
43.5809483632472     0.862220877298585     0     -6     -6
43.5676897035343     0.862126106596528     0     -6     -6
43.5544311416664     0.86253452188928     0     -6     -6
43.5411726785508     0.862164949838006     0     -6     -6
43.5279143150947     0.862643855826654     0     -6     -6
43.5146560522055     0.862136502011265     0     -6     -6
43.5013978907905     0.86228865498921     0     -6     -6
43.4881398317573     0.862126794421786     0     -6     -6
43.4748818760131     0.862077403552483     0     -6     -6
43.4616240244654     0.862079100409828     0     -6     -6
43.4483662780219     0.862125106795023     0     -6     -6
43.43510863759     0.862020656099575     0     -6     -6
43.4218511040773     0.862131450636587     0     -6     -6
43.4085936783915     0.862733042827825     0     -6     -6
43.3953363614402     0.862112543636393     0     -6     -6
43.3820791541312     0.862191676336754     0     -6     -6
43.3688220573721     0.862033602751049     0     -6     -6
43.3555650720708     0.862228550133303     0     -6     -6
43.3423081991352     0.86215965530888     0     -6     -6
43.3290514394729     0.862199092867432     0     -6     -6
43.3157947939921     0.862239213992506     0     -6     -6
43.3025382636006     0.862203139213883     0     -6     -6
43.2892818492064     0.862187992734255     0     -6     -6
43.2760255517175     0.862029605795466     0     -6     -6
43.2627693720421     0.8622989898195     0     -6     -6
43.2495133110882     0.862314867541707     0     -6     -6
43.236257369764     0.86229901500065     0     -6     -6
43.2230015489777     0.862500176612463     0     -6     -6
43.2097458496376     0.862314753088837     0     -6     -6
43.1964902726519     0.862269535905146     0     -6     -6
43.183234818929     0.862330612420719     0     -6     -6
43.1699794893773     0.862256441551354     0     -6     -6
43.1567242849051     0.862700002725164     0     -6     -6
43.1434692064209     0.86258647972735     0     -6     -6
43.1302142548334     0.862452225451719     0     -6     -6
43.1169594310509     0.862425483437569     0     -6     -6
43.1037047359822     0.862942420388994     0     -6     -6
43.0904501705359     0.862429561744805     0     -6     -6
43.0771957356206     0.862477530436357     0     -6     -6
43.0639414321452     0.862700924832724     0     -6     -6
43.0506872610184     0.862416357766324     0     -6     -6
43.0374332231491     0.862591253866033     0     -6     -6
43.0241793194461     0.86255157475     0     -6     -6
43.0109255508184     0.862701999643695     0     -6     -6
42.9976719181749     0.862434383863203     0     -6     -6
42.9844184224248     0.862579769401992     0     -6     -6
42.9711650644771     0.862531835255858     0     -6     -6
42.9579118452409     0.862613770352894     0     -6     -6
42.9446587656254     0.862800228648457     0     -6     -6
42.9314058265398     0.862460964738593     0     -6     -6
42.9181530288935     0.862990723968741     0     -6     -6
42.9049003735958     0.86320162992899     0     -6     -6
42.891647861556     0.86311049164035     0     -6     -6
42.8783954936836     0.862728064052152     0     -6     -6
42.865143270888     0.862821507873231     0     -6     -6
42.8518911940789     0.862962156018204     0     -6     -6
42.8386392641659     0.862943161969301     0     -6     -6
42.8253874820585     0.862784325886899     0     -6     -6
42.8121358486664     0.862920767837327     0     -6     -6
42.7988843648995     0.86300362596058     0     -6     -6
42.7856330316676     0.862858760163632     0     -6     -6
42.7723818498804     0.862938283479527     0     -6     -6
42.759130820448     0.862893743009557     0     -6     -6
42.7458799442802     0.862918660653598     0     -6     -6
42.7326292222872     0.862815635612514     0     -6     -6
42.719378655379     0.863268268458828     0     -6     -6
42.7061282444657     0.863043053098429     0     -6     -6
42.6928779904575     0.862912515436039     0     -6     -6
42.6796278942648     0.86310114328832     0     -6     -6
42.6663779567977     0.863212468048108     0     -6     -6
42.6531281789667     0.862949192752749     0     -6     -6
42.6398785616822     0.86313189798893     0     -6     -6
42.6266291058547     0.863509333160621     0     -6     -6
42.6133798123947     0.863233922039373     0     -6     -6
42.6001306822128     0.863288279697593     0     -6     -6
42.5868817162196     0.86317913626761     0     -6     -6
42.573632915326     0.863543356089274     0     -6     -6
42.5603842804426     0.863296222271149     0     -6     -6
42.5471358124802     0.863434992300459     0     -6     -6
42.5338875123499     0.863424861157308     0     -6     -6
42.5206393809625     0.863430706957265     0     -6     -6
42.5073914192291     0.863351847159881     0     -6     -6
42.4941436280607     0.86352466519902     0     -6     -6
42.4808960083686     0.863485743971607     0     -6     -6
42.4676485610637     0.863580413544573     0     -6     -6
42.4544012870576     0.86351087634729     0     -6     -6
42.4411541872613     0.86333381341006     0     -6     -6
42.4279072625865     0.863615186153647     0     -6     -6
42.4146605139445     0.863627003281412     0     -6     -6
42.4014139422467     0.863914861525299     0     -6     -6
42.3881675484049     0.86344652379237     0     -6     -6
42.3749213333306     0.863689056846368     0     -6     -6
42.3616752979356     0.863125252874157     0     -6     -6
42.3484294431316     0.863934792116277     0     -6     -6
42.3351837698304     0.863702688089403     0     -6     -6
42.3219382789441     0.863773721756931     0     -6     -6
42.3086929713844     0.863743815177406     0     -6     -6
42.2954478480635     0.863791760077683     0     -6     -6
42.2822029098935     0.864062545656762     0     -6     -6
42.2689581577864     0.863723486786034     0     -6     -6
42.2557135926547     0.863810401073473     0     -6     -6
42.2424692154105     0.863751029098723     0     -6     -6
42.2292250269662     0.863779572253943     0     -6     -6
42.2159810282344     0.864072570461707     0     -6     -6
42.2027372201273     0.863792159588637     0     -6     -6
42.1894936035578     0.864111606948661     0     -6     -6
42.1762501794383     0.863853146587254     0     -6     -6
42.1630069486816     0.864112695639501     0     -6     -6
42.1497639122005     0.863639309063176     0     -6     -6
42.1365210709078     0.863833774369847     0     -6     -6
42.1232784257165     0.863797638890091     0     -6     -6
42.1100359775395     0.863804695357511     0     -6     -6
42.09679372729     0.86372609884043     0     -6     -6
42.083551675881     0.863901520723571     0     -6     -6
42.0703098242257     0.863612849469684     0     -6     -6
42.0570681732375     0.864258031772165     0     -6     -6
42.0438267238296     0.864338390657768     0     -6     -6
42.0305854769156     0.863890973375057     0     -6     -6
42.0173444334088     0.863972479194627     0     -6     -6
42.0041035942229     0.863894904760464     0     -6     -6
41.9908629602715     0.863741968479667     0     -6     -6
41.9776225324684     0.863883935040574     0     -6     -6
41.9643823117272     0.863778311355081     0     -6     -6
41.9511422989619     0.863990887887326     0     -6     -6
41.9379024950865     0.863672486032148     0     -6     -6
41.9246629010149     0.864009071147007     0     -6     -6
41.9114235176612     0.863570078409792     0     -6     -6
41.8981843459396     0.863266479041872     0     -6     -6
41.8849453867643     0.863241790631617     0     -6     -6
41.8717066410497     0.863241315879879     0     -6     -6
41.8584681097102     0.863307665744336     0     -6     -6
41.8452297936601     0.862605376514167     0     -6     -6
41.8319916938142     0.861906756287742     0     -6     -6
41.8187538110869     0.861228726941138     0     -6     -6
41.8055161463931     0.859928144249617     0     -6     -6
41.7922787006474     0.857841917313497     0     -6     -6
41.7790414747648     0.855531194247724     0     -6     -6
41.7658044696602     0.85231239703084     0     -6     -6
41.7525676862486     0.846225196935539     0     -6     -6
41.7393311254452     0.83810762112837     0     -6     -6
41.726094788165     0.826791181390922     0     -6     -6
41.7128586753234     0.809558229009915     0     -6     -6
41.6996227878358     0.779464016593127     0     -6     -6
41.6863871266174     0.738474875697151     0     -6     -6
41.673151692584     0.662987611771815     0     -6     -6
41.6599164866509     0.54910763609118     0     -6     -6
41.646681509734     0.457385126877205     0     -6     -6
41.6334467627489     0.462420131624572     0     -6     -6
41.6202122466115     0.534134959817845     0     -6     -6
41.6069779622377     0.604236275515903     0     -6     -6
41.5937439105435     0.653049200666496     0     -6     -6
41.580510092445     0.682115566037424     0     -6     -6
41.5672765088584     0.70290654001003     0     -6     -6
41.5540431606999     0.722807000074024     0     -6     -6
41.5408100488858     0.734089028875909     0     -6     -6
41.5275771743327     0.737460255406686     0     -6     -6
41.5143445379569     0.741650759048245     0     -6     -6
41.5011121406751     0.747328064321265     0     -6     -6
41.487879983404     0.749096828621531     0     -6     -6
41.4746480670603     0.745141416003662     0     -6     -6
41.4614163925608     0.741023607089405     0     -6     -6
41.4481849608227     0.741103208689133     0     -6     -6
41.4349537727627     0.738126122158973     0     -6     -6
41.4217228292982     0.7294158070249     0     -6     -6
41.4084921313462     0.717530433135744     0     -6     -6
41.395261679824     0.708712130625798     0     -6     -6
41.3820314756491     0.698101703323667     0     -6     -6
41.368801519739     0.679006642082156     0     -6     -6
41.3555718130111     0.648792921481043     0     -6     -6
41.3423423563831     0.619505434526717     0     -6     -6
41.3291131507728     0.581474638370005     0     -6     -6
41.315884197098     0.531072150422808     0     -6     -6
41.3026554962766     0.471361764403934     0     -6     -6
41.2894270492266     0.417511995557854     0     -6     -6
41.2761988568661     0.361295248114032     0     -6     -6
41.2629709201134     0.312211716689098     0     -6     -6
41.2497432398867     0.27289248547879     0     -6     -6
41.2365158171043     0.239815392446412     0     -6     -6
41.2232886526848     0.215560351200517     0     -6     -6
41.2100617475467     0.214580134064038     0     -6     -6
41.1968351026086     0.230683033270333     0     -6     -6
41.1836087187894     0.240674489550376     0     -6     -6
41.1703825970079     0.256623279167028     0     -6     -6
41.1571567381829     0.292320397089937     0     -6     -6
41.1439311432336     0.329501756696756     0     -6     -6
41.130705813079     0.350452198981447     0     -6     -6
41.1174807486384     0.376802364953233     0     -6     -6
41.1042559508312     0.411130926736518     0     -6     -6
41.0910314205766     0.435996223447456     0     -6     -6
41.0778071587943     0.449171981507956     0     -6     -6
41.0645831664038     0.470164486801344     0     -6     -6
41.0513594443248     0.491426237349713     0     -6     -6
41.0381359934772     0.503691477550896     0     -6     -6
41.0249128147808     0.509942601428721     0     -6     -6
41.0116899091557     0.519629802960318     0     -6     -6
40.9984672775219     0.530263861097411     0     -6     -6
40.9852449207996     0.533485426247752     0     -6     -6
40.9720228399091     0.532720309136722     0     -6     -6
40.9588010357708     0.537013185124305     0     -6     -6
40.9455795093053     0.540006999733405     0     -6     -6
40.932358261433     0.53499377843954     0     -6     -6
40.9191372930747     0.529315191306235     0     -6     -6
40.9059166051511     0.527966173854955     0     -6     -6
40.8926961985833     0.523645087434029     0     -6     -6
40.8794760742921     0.510646077534833     0     -6     -6
40.8662562331986     0.499778271221278     0     -6     -6
40.8530366762241     0.491428082853481     0     -6     -6
40.8398174042898     0.479045828007815     0     -6     -6
40.8265984183172     0.45651655989263     0     -6     -6
40.8133797192277     0.44326106124872     0     -6     -6
40.800161307943     0.427804082581975     0     -6     -6
40.7869431853848     0.401898702999568     0     -6     -6
40.7737253524748     0.378611433365317     0     -6     -6
40.7605078101351     0.362393495894492     0     -6     -6
40.7472905592876     0.335870685668062     0     -6     -6
40.7340736008544     0.311440090031773     0     -6     -6
40.7208569357578     0.292001700294084     0     -6     -6
40.7076405649202     0.269819386216972     0     -6     -6
40.6944244892639     0.2450772816256     0     -6     -6
40.6812087097115     0.232945822768732     0     -6     -6
40.6679932271857     0.21564326902793     0     -6     -6
40.6547780426093     0.200085325620732     0     -6     -6
40.6415631569051     0.195350032912933     0     -6     -6
40.628348570996     0.191044107370561     0     -6     -6
40.6151342858053     0.178987272206566     0     -6     -6
40.601920302256     0.179840925196978     0     -6     -6
40.5887066212714     0.190310407248714     0     -6     -6
40.5754932437751     0.187254794237069     0     -6     -6
40.5622801706905     0.187010631369067     0     -6     -6
40.5490674029412     0.206068635183629     0     -6     -6
40.5358549414509     0.217304709168388     0     -6     -6
40.5226427871436     0.213109641230257     0     -6     -6
40.5094309409432     0.23261541642576     0     -6     -6
40.4962194037737     0.256449113501444     0     -6     -6
40.4830081765594     0.256522967598399     0     -6     -6
40.4697972602245     0.263809615947471     0     -6     -6
40.4565866556934     0.288623044531535     0     -6     -6
40.4433763638906     0.299830446402603     0     -6     -6
40.4301663857409     0.298334664522927     0     -6     -6
40.4169567221688     0.314023347220987     0     -6     -6
40.4037473740993     0.33395856918673     0     -6     -6
40.3905383424574     0.335958135501687     0     -6     -6
40.3773296281681     0.334200629411254     0     -6     -6
40.3641212321566     0.348985293895472     0     -6     -6
