40.3773296281681     0.287458295868546     0     -8     2
40.3905383424574     0.27234007432918     0     -8     2
40.4037473740993     0.258179488725392     0     -8     2
40.4169567221688     0.261711646788159     0     -8     2
40.4301663857409     0.270795617373497     0     -8     2
40.4433763638906     0.261551307160833     0     -8     2
40.4565866556934     0.243816233894863     0     -8     2
40.4697972602245     0.241064471387132     0     -8     2
40.4830081765594     0.250744810823608     0     -8     2
40.4962194037737     0.245707599751162     0     -8     2
40.5094309409432     0.226806366608517     0     -8     2
40.5226427871436     0.220041106488873     0     -8     2
40.5358549414509     0.230535625443962     0     -8     2
40.5490674029412     0.229997646749502     0     -8     2
40.5622801706905     0.208664699315724     0     -8     2
40.5754932437751     0.200391515448168     0     -8     2
40.5887066212714     0.211391021384917     0     -8     2
40.601920302256     0.211567245018142     0     -8     2
40.6151342858053     0.193147515267016     0     -8     2
40.628348570996     0.187708283327851     0     -8     2
40.6415631569051     0.200176562016407     0     -8     2
40.6547780426093     0.196475438790689     0     -8     2
40.6679932271857     0.180660571420894     0     -8     2
40.6812087097115     0.185917071854645     0     -8     2
40.6944244892639     0.198507189903994     0     -8     2
40.7076405649202     0.190891802642835     0     -8     2
40.7208569357578     0.18555236256287     0     -8     2
40.7340736008544     0.20016651821041     0     -8     2
40.7472905592876     0.208373954641525     0     -8     2
40.7605078101351     0.203924756854904     0     -8     2
40.7737253524748     0.214289550832095     0     -8     2
40.7869431853848     0.230977367478642     0     -8     2
40.800161307943     0.235260954646476     0     -8     2
40.8133797192277     0.243532341522042     0     -8     2
40.8265984183172     0.262662187669742     0     -8     2
40.8398174042898     0.277498016900629     0     -8     2
40.8530366762241     0.286635453384599     0     -8     2
40.8662562331986     0.307848123575031     0     -8     2
40.8794760742921     0.323575850066194     0     -8     2
40.8926961985833     0.336742073904848     0     -8     2
40.9059166051511     0.357201289482614     0     -8     2
40.9191372930747     0.377248973402564     0     -8     2
40.932358261433     0.391762521039379     0     -8     2
40.9455795093053     0.410086523859409     0     -8     2
40.9588010357708     0.433678488840522     0     -8     2
40.9720228399091     0.446434438637098     0     -8     2
40.9852449207996     0.458182690664009     0     -8     2
40.9984672775219     0.481558202565583     0     -8     2
41.0116899091557     0.496967088783186     0     -8     2
41.0249128147808     0.504401651651115     0     -8     2
41.0381359934772     0.520621945469933     0     -8     2
41.0513594443248     0.540646592163729     0     -8     2
41.0645831664038     0.547392483450623     0     -8     2
41.0778071587943     0.553453477379199     0     -8     2
41.0910314205766     0.572311428667713     0     -8     2
41.1042559508312     0.583301004906919     0     -8     2
41.1174807486384     0.584129678815095     0     -8     2
41.130705813079     0.593726704392112     0     -8     2
41.1439311432336     0.608626308204997     0     -8     2
41.1571567381829     0.611575128758032     0     -8     2
41.1703825970079     0.610930293897378     0     -8     2
41.1836087187894     0.621206003625677     0     -8     2
41.1968351026086     0.631564736648075     0     -8     2
41.2100617475467     0.628759326384921     0     -8     2
41.2232886526848     0.628457015115145     0     -8     2
41.2365158171043     0.638243020043645     0     -8     2
41.2497432398867     0.64350253288666     0     -8     2
41.2629709201134     0.638231664284615     0     -8     2
41.2761988568661     0.637063174460808     0     -8     2
41.2894270492266     0.645179418798064     0     -8     2
41.3026554962766     0.646332723456711     0     -8     2
41.315884197098     0.638236404515167     0     -8     2
41.3291131507728     0.635767894460427     0     -8     2
41.3423423563831     0.641989387483238     0     -8     2
41.3555718130111     0.640535838398925     0     -8     2
41.368801519739     0.629200015799263     0     -8     2
41.3820314756491     0.624189120758893     0     -8     2
41.395261679824     0.626455355258648     0     -8     2
41.4084921313462     0.622394503490945     0     -8     2
41.4217228292982     0.607373226438682     0     -8     2
41.4349537727627     0.5977587210386     0     -8     2
41.4481849608227     0.598382971892398     0     -8     2
41.4614163925608     0.591605621086723     0     -8     2
41.4746480670603     0.570474150818913     0     -8     2
41.487879983404     0.552940573532692     0     -8     2
41.5011121406751     0.547691263692085     0     -8     2
41.5143445379569     0.538061578944994     0     -8     2
41.5275771743327     0.509675628268473     0     -8     2
41.5408100488858     0.484711401163219     0     -8     2
41.5540431606999     0.476002178645478     0     -8     2
41.5672765088584     0.458923709785893     0     -8     2
41.580510092445     0.423624125172441     0     -8     2
41.5937439105435     0.398668793211109     0     -8     2
41.6069779622377     0.393790868986037     0     -8     2
41.6202122466115     0.385235924193266     0     -8     2
41.6334467627489     0.367118595681735     0     -8     2
41.646681509734     0.368010452825184     0     -8     2
41.6599164866509     0.392487173265919     0     -8     2
41.673151692584     0.421208604372736     0     -8     2
41.6863871266174     0.454565533195395     0     -8     2
41.6996227878358     0.502651396371474     0     -8     2
41.7128586753234     0.553869017745211     0     -8     2
41.726094788165     0.6020627347867     0     -8     2
41.7393311254452     0.6479435134057     0     -8     2
41.7525676862486     0.685834935919983     0     -8     2
41.7658044696602     0.710135390478578     0     -8     2
41.7790414747648     0.729723696790662     0     -8     2
41.7922787006474     0.750287962987957     0     -8     2
41.8055161463931     0.7674459453012     0     -8     2
41.8187538110869     0.777875585147558     0     -8     2
41.8319916938142     0.785920182452942     0     -8     2
41.8452297936601     0.795859143393539     0     -8     2
41.8584681097102     0.80371980108624     0     -8     2
41.8717066410497     0.807989820182499     0     -8     2
41.8849453867643     0.812684438626615     0     -8     2
41.8981843459396     0.820324697489575     0     -8     2
41.9114235176612     0.827361957523384     0     -8     2
41.9246629010149     0.832005659308231     0     -8     2
41.9379024950865     0.83610002974395     0     -8     2
41.9511422989619     0.841586157494367     0     -8     2
41.9643823117272     0.846204724146546     0     -8     2
41.9776225324684     0.848751964781457     0     -8     2
41.9908629602715     0.851210772019729     0     -8     2
42.0041035942229     0.854436871708359     0     -8     2
42.0173444334088     0.856556730834629     0     -8     2
42.0305854769156     0.857685757080046     0     -8     2
42.0438267238296     0.859271787210532     0     -8     2
42.0570681732375     0.861096712530066     0     -8     2
42.0703098242257     0.861993867357318     0     -8     2
42.083551675881     0.862610649702177     0     -8     2
42.09679372729     0.863769378400974     0     -8     2
42.1100359775395     0.86489234116493     0     -8     2
42.1232784257165     0.86510415505353     0     -8     2
42.1365210709078     0.865924005363874     0     -8     2
42.1497639122005     0.866629434982657     0     -8     2
42.1630069486816     0.866604968603768     0     -8     2
42.1762501794383     0.867041248891258     0     -8     2
42.1894936035578     0.867607152269709     0     -8     2
42.2027372201273     0.867934812924546     0     -8     2
42.2159810282344     0.868239008473195     0     -8     2
42.2292250269662     0.868415076504322     0     -8     2
42.2424692154105     0.868599689223935     0     -8     2
42.2557135926547     0.868836718175101     0     -8     2
42.2689581577864     0.868683562120234     0     -8     2
42.2822029098935     0.869029424428859     0     -8     2
42.2954478480635     0.869180335293591     0     -8     2
42.3086929713844     0.868939893210552     0     -8     2
42.3219382789441     0.868867697468514     0     -8     2
42.3351837698304     0.869551930757814     0     -8     2
42.3484294431316     0.869236720346962     0     -8     2
42.3616752979356     0.869440129193266     0     -8     2
42.3749213333306     0.869591329957985     0     -8     2
42.3881675484049     0.86963586867817     0     -8     2
42.4014139422467     0.869715682597864     0     -8     2
42.4146605139445     0.869734395284274     0     -8     2
42.4279072625865     0.869904517289204     0     -8     2
42.4411541872613     0.869802201133329     0     -8     2
42.4544012870576     0.86984018962068     0     -8     2
42.4676485610637     0.869886735413266     0     -8     2
42.4808960083686     0.86984377377438     0     -8     2
42.4941436280607     0.869862049682826     0     -8     2
42.5073914192291     0.869831325332695     0     -8     2
42.5206393809625     0.87010703462287     0     -8     2
42.5338875123499     0.869885179192515     0     -8     2
42.5471358124802     0.869698193509395     0     -8     2
42.5603842804426     0.870007995634311     0     -8     2
42.573632915326     0.869916941438855     0     -8     2
42.5868817162196     0.869782217086187     0     -8     2
42.6001306822128     0.869733839116775     0     -8     2
42.6133798123947     0.869855113047184     0     -8     2
42.6266291058547     0.870077007254464     0     -8     2
42.6398785616822     0.870051024756973     0     -8     2
42.6531281789667     0.86974580819233     0     -8     2
42.6663779567977     0.869721286445357     0     -8     2
42.6796278942648     0.870058268446494     0     -8     2
42.6928779904575     0.869927371345537     0     -8     2
42.7061282444657     0.870036514010068     0     -8     2
42.719378655379     0.869996021077126     0     -8     2
42.7326292222872     0.869977121612737     0     -8     2
42.7458799442802     0.869897832195942     0     -8     2
42.759130820448     0.870004478711013     0     -8     2
42.7723818498804     0.869799287703851     0     -8     2
42.7856330316676     0.869936957350027     0     -8     2
42.7988843648995     0.869780640265443     0     -8     2
42.8121358486664     0.869820867792052     0     -8     2
42.8253874820585     0.869678127706408     0     -8     2
42.8386392641659     0.869720635831771     0     -8     2
42.8518911940789     0.869698805265878     0     -8     2
42.865143270888     0.869715313072293     0     -8     2
42.8783954936836     0.869689849518372     0     -8     2
42.891647861556     0.869804709531217     0     -8     2
42.9049003735958     0.869713811438169     0     -8     2
42.9181530288935     0.869677958838304     0     -8     2
42.9314058265398     0.869626573659492     0     -8     2
42.9446587656254     0.869722725482956     0     -8     2
42.9579118452409     0.869675590072246     0     -8     2
42.9711650644771     0.869691834955692     0     -8     2
42.9844184224248     0.869630394199576     0     -8     2
42.9976719181749     0.869716317633338     0     -8     2
43.0109255508184     0.869558683325234     0     -8     2
43.0241793194461     0.869590787962018     0     -8     2
43.0374332231491     0.86949909701124     0     -8     2
43.0506872610184     0.869497944281461     0     -8     2
43.0639414321452     0.86943700399971     0     -8     2
43.0771957356206     0.869106135068749     0     -8     2
43.0904501705359     0.869475652796159     0     -8     2
43.1037047359822     0.869456506536425     0     -8     2
43.1169594310509     0.869399861179462     0     -8     2
43.1302142548334     0.86927034492581     0     -8     2
43.1434692064209     0.86942986644671     0     -8     2
43.1567242849051     0.869404025638647     0     -8     2
43.1699794893773     0.869360503253497     0     -8     2
43.183234818929     0.869463229505953     0     -8     2
43.1964902726519     0.8691078177064     0     -8     2
43.2097458496376     0.869416938315301     0     -8     2
43.2230015489777     0.869179454777944     0     -8     2
43.236257369764     0.869104008396178     0     -8     2
43.2495133110882     0.869410928457289     0     -8     2
43.2627693720421     0.86933469823723     0     -8     2
43.2760255517175     0.869321284021778     0     -8     2
43.2892818492064     0.86926144901555     0     -8     2
43.3025382636006     0.869403698449084     0     -8     2
43.3157947939921     0.869325716942176     0     -8     2
43.3290514394729     0.869316580359716     0     -8     2
43.3423081991352     0.86926953089701     0     -8     2
43.3555650720708     0.869257620458639     0     -8     2
43.3688220573721     0.86930339648348     0     -8     2
43.3820791541312     0.869270350058529     0     -8     2
43.3953363614402     0.869389784267766     0     -8     2
43.4085936783915     0.869231273019607     0     -8     2
43.4218511040773     0.869316230671336     0     -8     2
43.43510863759     0.869295707662229     0     -8     2
43.4483662780219     0.8693490442963     0     -8     2
43.4616240244654     0.869256971208055     0     -8     2
43.4748818760131     0.869267901572004     0     -8     2
43.4881398317573     0.869096705191321     0     -8     2
43.5013978907905     0.869208321069571     0     -8     2
43.5146560522055     0.868917575999873     0     -8     2
43.5279143150947     0.86913942482576     0     -8     2
43.5411726785508     0.869235201110249     0     -8     2
43.5544311416664     0.868873757166726     0     -8     2
43.5676897035343     0.868722232249761     0     -8     2
43.5809483632472     0.869061909199859     0     -8     2
43.5942071198979     0.86903388088949     0     -8     2
43.6074659725792     0.868744898917156     0     -8     2
43.6207249203839     0.868546537134868     0     -8     2
43.6339839624049     0.868731648657749     0     -8     2
43.6472430977351     0.869024095390101     0     -8     2
43.6605023254675     0.869135922054747     0     -8     2
43.6737616446951     0.868885675209844     0     -8     2
43.6870210545109     0.868878173032948     0     -8     2
43.7002805540078     0.868933814088833     0     -8     2
43.7135401422791     0.868885001069932     0     -8     2
43.7267998184177     0.869122346273139     0     -8     2
43.7400595815169     0.86901979036855     0     -8     2
43.7533194306699     0.869058767664832     0     -8     2
43.7665793649697     0.868990385591676     0     -8     2
43.7798393835097     0.869046475869999     0     -8     2
43.7930994853832     0.868856962275898     0     -8     2
43.8063596696833     0.869082771913483     0     -8     2
43.8196199355036     0.868900465943832     0     -8     2
43.8328802819372     0.869023475476936     0     -8     2
43.8461407080776     0.868835942228036     0     -8     2
43.8594012130182     0.868903301002602     0     -8     2
43.8726617958525     0.868537476437437     0     -8     2
43.8859224556739     0.868985111524986     0     -8     2
43.8991831915758     0.868800886269523     0     -8     2
43.912444002652     0.868921256556962     0     -8     2
43.9257048879957     0.868730798606808     0     -8     2
43.9389658467008     0.868603040633224     0     -8     2
43.9522268778607     0.86834493501084     0     -8     2
43.9654879805692     0.868580706543519     0     -8     2
43.9787491539198     0.86868589830118     0     -8     2
43.9920103970062     0.868479234328441     0     -8     2
44.0052717089222     0.868389307909956     0     -8     2
44.0185330887614     0.868399458004513     0     -8     2
44.0317945356177     0.868456188106782     0     -8     2
44.0450560485848     0.868340100680092     0     -8     2
44.0583176267565     0.868075183776951     0     -8     2
44.0715792692266     0.867959765886455     0     -8     2
44.0848409750891     0.867781883740354     0     -8     2
44.0981027434377     0.867800341918438     0     -8     2
44.1113645733664     0.867742072122118     0     -8     2
44.1246264639691     0.867569006292468     0     -8     2
44.1378884143397     0.867710722846039     0     -8     2
44.1511504235722     0.867819479918191     0     -8     2
44.1644124907606     0.867799888435692     0     -8     2
44.1776746149988     0.867513789463154     0     -8     2
44.190936795381     0.867620048718173     0     -8     2
44.2041990310011     0.867598797152081     0     -8     2
44.2174613209532     0.867454931027735     0     -8     2
44.2307236643314     0.867274017218665     0     -8     2
44.2439860602298     0.867237799148465     0     -8     2
44.2572485077426     0.867363051612834     0     -8     2
44.2705110059638     0.866927383444546     0     -8     2
44.2837735539876     0.866995676214849     0     -8     2
44.2970361509082     0.867116656290445     0     -8     2
44.3102987958199     0.867112179489612     0     -8     2
44.3235614878167     0.866919930587533     0     -8     2
44.336824225993     0.866771134580946     0     -8     2
44.3500870094429     0.866683167537161     0     -8     2
44.3633498372608     0.866999071606247     0     -8     2
44.376612708541     0.866985912315764     0     -8     2
44.3898756223776     0.866890259368425     0     -8     2
44.4031385778651     0.866471061280546     0     -8     2
44.4164015740977     0.866801327996625     0     -8     2
44.4296646101698     0.866971880096976     0     -8     2
44.4429276851758     0.866749576163042     0     -8     2
44.45619079821     0.866950517187716     0     -8     2
44.4694539483668     0.866928190316139     0     -8     2
44.4827171347406     0.866818750272913     0     -8     2
44.4959803564257     0.866821137455858     0     -8     2
44.5092436125167     0.866779653080041     0     -8     2
44.522506902108     0.866784273699386     0     -8     2
44.5357702242939     0.866861641450674     0     -8     2
44.549033578169     0.866774761936084     0     -8     2
44.5622969628277     0.866738544369655     0     -8     2
44.5755603773645     0.866980158760297     0     -8     2
44.5888238208739     0.866859613088205     0     -8     2
44.6020872924504     0.867097209057068     0     -8     2
44.6153507911885     0.866774857820995     0     -8     2
44.6286143161827     0.866937406839598     0     -8     2
44.6418778665275     0.867042389339027     0     -8     2
44.6551414413176     0.867060880027358     0     -8     2
44.6684050396474     0.867009634825546     0     -8     2
44.6816686606115     0.867008981140056     0     -8     2
44.6949323033044     0.86726402066097     0     -8     2
44.7081959668207     0.86725300385205     0     -8     2
44.7214596502551     0.867355829932343     0     -8     2
44.7347233527021     0.867193317928691     0     -8     2
44.7479870732562     0.867560033744582     0     -8     2
44.7612508110122     0.867381455288325     0     -8     2
44.7745145650645     0.867315912230703     0     -8     2
44.7877783345079     0.867346443154688     0     -8     2
44.8010421184369     0.867440206139574     0     -8     2
44.8143059159461     0.867230650613485     0     -8     2
44.8275697261302     0.867445881603366     0     -8     2
44.8408335480838     0.867513047892816     0     -8     2
44.8540973809016     0.86736633324755     0     -8     2
44.8673612236781     0.867225054283457     0     -8     2
44.8806250755081     0.867153004542941     0     -8     2
44.8938889354862     0.867173581401478     0     -8     2
44.9071528027069     0.867264937154307     0     -8     2
44.9204166762651     0.867159078198908     0     -8     2
44.9336805552553     0.867159271201065     0     -8     2
44.9469444387722     0.867410401808792     0     -8     2
44.9602083259105     0.867247075004085     0     -8     2
44.9734722157648     0.867276465193769     0     -8     2
44.9867361074297     0.867054175867548     0     -8     2
45     0.867301753978153     0     -8     2
