44.9867361074297     0.8612269254069     0     6     -6
44.9734722157648     0.861557472866078     0     6     -6
44.9602083259105     0.860581052572351     0     6     -6
44.9469444387722     0.861636405748788     0     6     -6
44.9336805552553     0.862241796926262     0     6     -6
44.9204166762651     0.862228823498993     0     6     -6
44.9071528027069     0.861746643244042     0     6     -6
44.8938889354862     0.861685740116426     0     6     -6
44.8806250755081     0.861749452134847     0     6     -6
44.8673612236781     0.8616126473653     0     6     -6
44.8540973809016     0.861811708863612     0     6     -6
44.8408335480838     0.861783121880897     0     6     -6
44.8275697261302     0.861679386765945     0     6     -6
44.8143059159461     0.861723199443113     0     6     -6
44.8010421184369     0.861771382657136     0     6     -6
44.7877783345079     0.861700456075829     0     6     -6
44.7745145650645     0.861785554957469     0     6     -6
44.7612508110122     0.861630523100026     0     6     -6
44.7479870732562     0.861801333448556     0     6     -6
44.7347233527021     0.861735967103752     0     6     -6
44.7214596502551     0.861932563704029     0     6     -6
44.7081959668207     0.861783741322682     0     6     -6
44.6949323033044     0.861785533062415     0     6     -6
44.6816686606115     0.861619149545348     0     6     -6
44.6684050396474     0.861652614887776     0     6     -6
44.6551414413176     0.86183991495206     0     6     -6
44.6418778665275     0.861687352928914     0     6     -6
44.6286143161827     0.861742438609159     0     6     -6
44.6153507911885     0.861718693468045     0     6     -6
44.6020872924504     0.861640342322489     0     6     -6
44.5888238208739     0.861753685477563     0     6     -6
44.5755603773645     0.861573494943735     0     6     -6
44.5622969628277     0.861607901258914     0     6     -6
44.549033578169     0.861635474709933     0     6     -6
44.5357702242939     0.861562373635773     0     6     -6
44.522506902108     0.861605128825902     0     6     -6
44.5092436125167     0.861542382195436     0     6     -6
44.4959803564257     0.861565679827076     0     6     -6
44.4827171347406     0.861658710077188     0     6     -6
44.4694539483668     0.861487159441424     0     6     -6
44.45619079821     0.861564236294019     0     6     -6
44.4429276851758     0.861528531654904     0     6     -6
44.4296646101698     0.861579950949149     0     6     -6
44.4164015740977     0.861503596128742     0     6     -6
44.4031385778651     0.861491445393637     0     6     -6
44.3898756223776     0.861520027835616     0     6     -6
44.376612708541     0.861536010982666     0     6     -6
44.3633498372608     0.861485161216728     0     6     -6
44.3500870094429     0.861424654097134     0     6     -6
44.336824225993     0.861508840552321     0     6     -6
44.3235614878167     0.861416699775876     0     6     -6
44.3102987958199     0.861460379520464     0     6     -6
44.2970361509082     0.861441080986049     0     6     -6
44.2837735539876     0.861396501247994     0     6     -6
44.2705110059638     0.861361154205266     0     6     -6
44.2572485077426     0.86142105195844     0     6     -6
44.2439860602298     0.861401438486132     0     6     -6
44.2307236643314     0.861416621108836     0     6     -6
44.2174613209532     0.861360558887849     0     6     -6
44.2041990310011     0.861419923168898     0     6     -6
44.190936795381     0.86133308554711     0     6     -6
44.1776746149988     0.86124643137626     0     6     -6
44.1644124907606     0.861218584769782     0     6     -6
44.1511504235722     0.861258421209527     0     6     -6
44.1378884143397     0.861111611248068     0     6     -6
44.1246264639691     0.861344675714211     0     6     -6
44.1113645733664     0.861211815614859     0     6     -6
44.0981027434377     0.861278131294993     0     6     -6
44.0848409750891     0.861088755163883     0     6     -6
44.0715792692266     0.861245070204758     0     6     -6
44.0583176267565     0.861055656414787     0     6     -6
44.0450560485848     0.861129843281038     0     6     -6
44.0317945356177     0.861078110587278     0     6     -6
44.0185330887614     0.861103743246782     0     6     -6
44.0052717089222     0.86106032350508     0     6     -6
43.9920103970062     0.861069412850978     0     6     -6
43.9787491539198     0.861167090022372     0     6     -6
43.9654879805692     0.86106273298917     0     6     -6
43.9522268778607     0.861021569500219     0     6     -6
43.9389658467008     0.860967908472535     0     6     -6
43.9257048879957     0.861046938156304     0     6     -6
43.912444002652     0.860864239997881     0     6     -6
43.8991831915758     0.861010153131562     0     6     -6
43.8859224556739     0.860982905474561     0     6     -6
43.8726617958525     0.860968681422435     0     6     -6
43.8594012130182     0.860873294791442     0     6     -6
43.8461407080776     0.860895863015857     0     6     -6
43.8328802819372     0.860901745689524     0     6     -6
43.8196199355036     0.860976205287309     0     6     -6
43.8063596696833     0.860820641393397     0     6     -6
43.7930994853832     0.860918774592475     0     6     -6
43.7798393835097     0.860855357893972     0     6     -6
43.7665793649697     0.860861766694393     0     6     -6
43.7533194306699     0.860890558568199     0     6     -6
43.7400595815169     0.86078746801027     0     6     -6
43.7267998184177     0.860817250835668     0     6     -6
43.7135401422791     0.860748029227108     0     6     -6
43.7002805540078     0.860764494421752     0     6     -6
43.6870210545109     0.860653740712347     0     6     -6
43.6737616446951     0.860818699583859     0     6     -6
43.6605023254675     0.860712981538984     0     6     -6
43.6472430977351     0.860783050854374     0     6     -6
43.6339839624049     0.86075394943513     0     6     -6
43.6207249203839     0.860782745000358     0     6     -6
43.6074659725792     0.860629588921327     0     6     -6
43.5942071198979     0.860508920056686     0     6     -6
43.5809483632472     0.860510393036597     0     6     -6
43.5676897035343     0.860382749292312     0     6     -6
43.5544311416664     0.860412846138725     0     6     -6
43.5411726785508     0.86040730383773     0     6     -6
43.5279143150947     0.860155631933592     0     6     -6
43.5146560522055     0.860150942025155     0     6     -6
43.5013978907905     0.860148263258838     0     6     -6
43.4881398317573     0.860201895067383     0     6     -6
43.4748818760131     0.860123873571177     0     6     -6
43.4616240244654     0.860032318855609     0     6     -6
43.4483662780219     0.859995999018252     0     6     -6
43.43510863759     0.859877828857206     0     6     -6
43.4218511040773     0.859845844288304     0     6     -6
43.4085936783915     0.859868025614805     0     6     -6
43.3953363614402     0.85983633133411     0     6     -6
43.3820791541312     0.859780562651539     0     6     -6
43.3688220573721     0.859660794355869     0     6     -6
43.3555650720708     0.859635821223464     0     6     -6
43.3423081991352     0.859688314263929     0     6     -6
43.3290514394729     0.859421895105691     0     6     -6
43.3157947939921     0.859586017660281     0     6     -6
43.3025382636006     0.859476653550173     0     6     -6
43.2892818492064     0.859473582640438     0     6     -6
43.2760255517175     0.859436016307819     0     6     -6
43.2627693720421     0.859254072234458     0     6     -6
43.2495133110882     0.85924659861141     0     6     -6
43.236257369764     0.859173032485755     0     6     -6
43.2230015489777     0.859106071164908     0     6     -6
43.2097458496376     0.859107852807876     0     6     -6
43.1964902726519     0.85892102232562     0     6     -6
43.183234818929     0.859104857539614     0     6     -6
43.1699794893773     0.858812733151436     0     6     -6
43.1567242849051     0.858810781523805     0     6     -6
43.1434692064209     0.85872596910554     0     6     -6
43.1302142548334     0.858450222166852     0     6     -6
43.1169594310509     0.858535585375565     0     6     -6
43.1037047359822     0.858316085877713     0     6     -6
43.0904501705359     0.858318956418062     0     6     -6
43.0771957356206     0.858233452985241     0     6     -6
43.0639414321452     0.858022868867903     0     6     -6
43.0506872610184     0.857924606586642     0     6     -6
43.0374332231491     0.857742566234447     0     6     -6
43.0241793194461     0.85764825890203     0     6     -6
43.0109255508184     0.857427711509703     0     6     -6
42.9976719181749     0.857327270462557     0     6     -6
42.9844184224248     0.857245355475411     0     6     -6
42.9711650644771     0.85725094450312     0     6     -6
42.9579118452409     0.856919421397512     0     6     -6
42.9446587656254     0.856849089901653     0     6     -6
42.9314058265398     0.856561580109507     0     6     -6
42.9181530288935     0.856621835996192     0     6     -6
42.9049003735958     0.856338592857999     0     6     -6
42.891647861556     0.856210606255078     0     6     -6
42.8783954936836     0.855952131209411     0     6     -6
42.865143270888     0.855911074779933     0     6     -6
42.8518911940789     0.855600074511015     0     6     -6
42.8386392641659     0.85547826320054     0     6     -6
42.8253874820585     0.855132653563786     0     6     -6
42.8121358486664     0.855139083210832     0     6     -6
42.7988843648995     0.854762820496127     0     6     -6
42.7856330316676     0.854725549295875     0     6     -6
42.7723818498804     0.854403687617219     0     6     -6
42.759130820448     0.854111470333346     0     6     -6
42.7458799442802     0.853824840837049     0     6     -6
42.7326292222872     0.85363078543292     0     6     -6
42.719378655379     0.853293844511872     0     6     -6
42.7061282444657     0.85294842153407     0     6     -6
42.6928779904575     0.852595598651419     0     6     -6
42.6796278942648     0.852433043588986     0     6     -6
42.6663779567977     0.852026651231256     0     6     -6
42.6531281789667     0.851813327335864     0     6     -6
42.6398785616822     0.851355299185061     0     6     -6
42.6266291058547     0.851193055292909     0     6     -6
42.6133798123947     0.850805812689584     0     6     -6
42.6001306822128     0.850507512610888     0     6     -6
42.5868817162196     0.850017102100691     0     6     -6
42.573632915326     0.849717538023184     0     6     -6
42.5603842804426     0.849261856157902     0     6     -6
42.5471358124802     0.848973812036116     0     6     -6
42.5338875123499     0.848358826292001     0     6     -6
42.5206393809625     0.84792461353679     0     6     -6
42.5073914192291     0.847343867176617     0     6     -6
42.4941436280607     0.846728660151441     0     6     -6
42.4808960083686     0.846031545933856     0     6     -6
42.4676485610637     0.84544767608399     0     6     -6
42.4544012870576     0.844902889790218     0     6     -6
42.4411541872613     0.844016069053641     0     6     -6
42.4279072625865     0.843547182936801     0     6     -6
42.4146605139445     0.842687411596205     0     6     -6
42.4014139422467     0.842307291703442     0     6     -6
42.3881675484049     0.841762885507988     0     6     -6
42.3749213333306     0.84134499728897     0     6     -6
42.3616752979356     0.840850666492328     0     6     -6
42.3484294431316     0.840502121446231     0     6     -6
42.3351837698304     0.839982835692774     0     6     -6
42.3219382789441     0.839549426336451     0     6     -6
42.3086929713844     0.839199591822621     0     6     -6
42.2954478480635     0.838630806410213     0     6     -6
42.2822029098935     0.838091815488522     0     6     -6
42.2689581577864     0.837536321011864     0     6     -6
42.2557135926547     0.836922166833571     0     6     -6
42.2424692154105     0.83625100178008     0     6     -6
42.2292250269662     0.835443622159949     0     6     -6
42.2159810282344     0.834768302853298     0     6     -6
42.2027372201273     0.833861899083681     0     6     -6
42.1894936035578     0.832932416019054     0     6     -6
42.1762501794383     0.831976916109203     0     6     -6
42.1630069486816     0.830789528903638     0     6     -6
42.1497639122005     0.829557773931482     0     6     -6
42.1365210709078     0.828437095730373     0     6     -6
42.1232784257165     0.827100567024256     0     6     -6
42.1100359775395     0.825668772152172     0     6     -6
42.09679372729     0.824207342135338     0     6     -6
42.083551675881     0.822676531831312     0     6     -6
42.0703098242257     0.821048194506443     0     6     -6
42.0570681732375     0.819215292445821     0     6     -6
42.0438267238296     0.817308021331255     0     6     -6
42.0305854769156     0.815434120187825     0     6     -6
42.0173444334088     0.813187476184662     0     6     -6
42.0041035942229     0.810978866068247     0     6     -6
41.9908629602715     0.808811409408942     0     6     -6
41.9776225324684     0.806395513026913     0     6     -6
41.9643823117272     0.80381669611987     0     6     -6
41.9511422989619     0.80125500194296     0     6     -6
41.9379024950865     0.798454892488761     0     6     -6
41.9246629010149     0.795641280490799     0     6     -6
41.9114235176612     0.792500689084453     0     6     -6
41.8981843459396     0.789467677461477     0     6     -6
41.8849453867643     0.786213238055695     0     6     -6
41.8717066410497     0.782762869851943     0     6     -6
41.8584681097102     0.779027805459244     0     6     -6
41.8452297936601     0.775395511198058     0     6     -6
41.8319916938142     0.771636410128477     0     6     -6
41.8187538110869     0.76742768219023     0     6     -6
41.8055161463931     0.763158168251196     0     6     -6
41.7922787006474     0.758847977271677     0     6     -6
41.7790414747648     0.754364756648072     0     6     -6
41.7658044696602     0.749621420128313     0     6     -6
41.7525676862486     0.744707475061851     0     6     -6
41.7393311254452     0.739977865946833     0     6     -6
41.726094788165     0.73511731473806     0     6     -6
41.7128586753234     0.72981866357784     0     6     -6
41.6996227878358     0.723912999768879     0     6     -6
41.6863871266174     0.718860151099295     0     6     -6
41.673151692584     0.71305692238704     0     6     -6
41.6599164866509     0.707312634294311     0     6     -6
41.646681509734     0.70128950302947     0     6     -6
41.6334467627489     0.694818533515138     0     6     -6
41.6202122466115     0.688147075916829     0     6     -6
41.6069779622377     0.681723808195408     0     6     -6
41.5937439105435     0.674706655075445     0     6     -6
41.580510092445     0.667466109431891     0     6     -6
41.5672765088584     0.659862861349102     0     6     -6
41.5540431606999     0.652801858932297     0     6     -6
41.5408100488858     0.645028292955656     0     6     -6
41.5275771743327     0.636848659587705     0     6     -6
41.5143445379569     0.627964447855245     0     6     -6
41.5011121406751     0.620183988897684     0     6     -6
41.487879983404     0.61152583204835     0     6     -6
41.4746480670603     0.603254526200014     0     6     -6
41.4614163925608     0.594180735868084     0     6     -6
41.4481849608227     0.585195350798098     0     6     -6
41.4349537727627     0.575630527930752     0     6     -6
41.4217228292982     0.567075565666728     0     6     -6
41.4084921313462     0.556932727695394     0     6     -6
41.395261679824     0.547622213124622     0     6     -6
41.3820314756491     0.537932415312519     0     6     -6
41.368801519739     0.527775719669733     0     6     -6
41.3555718130111     0.517499927531187     0     6     -6
41.3423423563831     0.507074856921552     0     6     -6
41.3291131507728     0.496979579238532     0     6     -6
41.315884197098     0.486111168664016     0     6     -6
41.3026554962766     0.47565156061503     0     6     -6
41.2894270492266     0.465264217798312     0     6     -6
41.2761988568661     0.453596389163351     0     6     -6
41.2629709201134     0.443404337637607     0     6     -6
41.2497432398867     0.432020956340429     0     6     -6
41.2365158171043     0.421042766318133     0     6     -6
41.2232886526848     0.409076860380814     0     6     -6
41.2100617475467     0.397038154911817     0     6     -6
41.1968351026086     0.384957840779086     0     6     -6
41.1836087187894     0.373537753938032     0     6     -6
41.1703825970079     0.361156476278253     0     6     -6
41.1571567381829     0.349482057614564     0     6     -6
41.1439311432336     0.338277715743727     0     6     -6
41.130705813079     0.327335311127243     0     6     -6
41.1174807486384     0.315519645221796     0     6     -6
41.1042559508312     0.304224118531574     0     6     -6
41.0910314205766     0.292906225513258     0     6     -6
41.0778071587943     0.282008801529247     0     6     -6
41.0645831664038     0.271095841293843     0     6     -6
41.0513594443248     0.260642397232588     0     6     -6
41.0381359934772     0.25062995366546     0     6     -6
41.0249128147808     0.240315122334941     0     6     -6
41.0116899091557     0.230129281536393     0     6     -6
40.9984672775219     0.221069216973092     0     6     -6
40.9852449207996     0.211196342114109     0     6     -6
40.9720228399091     0.202591332809939     0     6     -6
40.9588010357708     0.193905641453502     0     6     -6
40.9455795093053     0.186047454090503     0     6     -6
40.932358261433     0.177537886073753     0     6     -6
40.9191372930747     0.171076281728645     0     6     -6
40.9059166051511     0.163853078998528     0     6     -6
40.8926961985833     0.157332760094412     0     6     -6
40.8794760742921     0.15117964928984     0     6     -6
40.8662562331986     0.145364836682181     0     6     -6
40.8530366762241     0.139847141955785     0     6     -6
40.8398174042898     0.134832262170119     0     6     -6
40.8265984183172     0.129850815257439     0     6     -6
40.8133797192277     0.125613029747523     0     6     -6
40.800161307943     0.121248278623235     0     6     -6
40.7869431853848     0.117913941454028     0     6     -6
40.7737253524748     0.114571567683507     0     6     -6
40.7605078101351     0.111414761542964     0     6     -6
40.7472905592876     0.108768451252548     0     6     -6
40.7340736008544     0.1064216850226     0     6     -6
40.7208569357578     0.10396853237094     0     6     -6
40.7076405649202     0.102442800594856     0     6     -6
40.6944244892639     0.100903573179691     0     6     -6
40.6812087097115     0.0996113751552074     0     6     -6
40.6679932271857     0.0983432467245814     0     6     -6
40.6547780426093     0.0976047607536799     0     6     -6
40.6415631569051     0.0966855140397219     0     6     -6
40.628348570996     0.0962229702451725     0     6     -6
40.6151342858053     0.0959404725528753     0     6     -6
40.601920302256     0.0956130991761445     0     6     -6
40.5887066212714     0.0955390483019015     0     6     -6
40.5754932437751     0.0957724211890832     0     6     -6
40.5622801706905     0.0957460944579119     0     6     -6
40.5490674029412     0.0957414480220164     0     6     -6
40.5358549414509     0.0960104206378488     0     6     -6
40.5226427871436     0.0959986334537578     0     6     -6
40.5094309409432     0.0963145372628253     0     6     -6
40.4962194037737     0.0964474549609119     0     6     -6
40.4830081765594     0.0966977830038556     0     6     -6
40.4697972602245     0.0969404228872028     0     6     -6
40.4565866556934     0.0969891327670527     0     6     -6
40.4433763638906     0.0970963065285026     0     6     -6
40.4301663857409     0.0973229874953282     0     6     -6
40.4169567221688     0.0976500612466939     0     6     -6
40.4037473740993     0.0976823519715033     0     6     -6
40.3905383424574     0.0978967946031854     0     6     -6
40.3773296281681     0.0980734123077062     0     6     -6
40.3641212321566     0.0982666528512167     0     6     -6
