44.9867361074297     0.85544008310912     0     10     6
44.9734722157648     0.855501404537938     0     10     6
44.9602083259105     0.855199312789066     0     10     6
44.9469444387722     0.855760278922127     0     10     6
44.9336805552553     0.855592029819299     0     10     6
44.9204166762651     0.855508736121845     0     10     6
44.9071528027069     0.855629268817406     0     10     6
44.8938889354862     0.855821633058239     0     10     6
44.8806250755081     0.85590274717622     0     10     6
44.8673612236781     0.856025044422054     0     10     6
44.8540973809016     0.855445366605123     0     10     6
44.8408335480838     0.855804940920382     0     10     6
44.8275697261302     0.855854056713705     0     10     6
44.8143059159461     0.855878780487449     0     10     6
44.8010421184369     0.855550887250364     0     10     6
44.7877783345079     0.855658174346157     0     10     6
44.7745145650645     0.855867302039222     0     10     6
44.7612508110122     0.855855182847704     0     10     6
44.7479870732562     0.855803370192567     0     10     6
44.7347233527021     0.855792782823069     0     10     6
44.7214596502551     0.855384275269963     0     10     6
44.7081959668207     0.855861291033132     0     10     6
44.6949323033044     0.8556604040891     0     10     6
44.6816686606115     0.85595433534693     0     10     6
44.6684050396474     0.855966891893043     0     10     6
44.6551414413176     0.855526100498976     0     10     6
44.6418778665275     0.855684288452739     0     10     6
44.6286143161827     0.855705031610176     0     10     6
44.6153507911885     0.855850750887537     0     10     6
44.6020872924504     0.855672338406914     0     10     6
44.5888238208739     0.855773977355111     0     10     6
44.5755603773645     0.855720942868281     0     10     6
44.5622969628277     0.85561274594389     0     10     6
44.549033578169     0.855757016402796     0     10     6
44.5357702242939     0.855713713170714     0     10     6
44.522506902108     0.856008705236145     0     10     6
44.5092436125167     0.85582094427003     0     10     6
44.4959803564257     0.855512109673075     0     10     6
44.4827171347406     0.855855059017674     0     10     6
44.4694539483668     0.855643886526419     0     10     6
44.45619079821     0.855543581319947     0     10     6
44.4429276851758     0.855460739069789     0     10     6
44.4296646101698     0.855514822971249     0     10     6
44.4164015740977     0.855402388549146     0     10     6
44.4031385778651     0.855633695295713     0     10     6
44.3898756223776     0.855189473551119     0     10     6
44.376612708541     0.85535743215341     0     10     6
44.3633498372608     0.855543064081475     0     10     6
44.3500870094429     0.855540937875032     0     10     6
44.336824225993     0.85501939229452     0     10     6
44.3235614878167     0.855377271430631     0     10     6
44.3102987958199     0.855146774219252     0     10     6
44.2970361509082     0.85509910795758     0     10     6
44.2837735539876     0.855087236791532     0     10     6
44.2705110059638     0.855201371746095     0     10     6
44.2572485077426     0.855085548575844     0     10     6
44.2439860602298     0.854581964462143     0     10     6
44.2307236643314     0.854899610981178     0     10     6
44.2174613209532     0.855128639196163     0     10     6
44.2041990310011     0.854818558612802     0     10     6
44.190936795381     0.854999308639794     0     10     6
44.1776746149988     0.854408503046656     0     10     6
44.1644124907606     0.854972171870598     0     10     6
44.1511504235722     0.854731745705902     0     10     6
44.1378884143397     0.854894115348351     0     10     6
44.1246264639691     0.854458598030783     0     10     6
44.1113645733664     0.855042152148685     0     10     6
44.0981027434377     0.854913570497454     0     10     6
44.0848409750891     0.854627539684097     0     10     6
44.0715792692266     0.854646366569082     0     10     6
44.0583176267565     0.854773652011993     0     10     6
44.0450560485848     0.8544137821883     0     10     6
44.0317945356177     0.854681753718346     0     10     6
44.0185330887614     0.854598605540711     0     10     6
44.0052717089222     0.854650586204402     0     10     6
43.9920103970062     0.854354566601175     0     10     6
43.9787491539198     0.854946856054769     0     10     6
43.9654879805692     0.854474788680406     0     10     6
43.9522268778607     0.854610102771427     0     10     6
43.9389658467008     0.854636129088929     0     10     6
43.9257048879957     0.854533737048776     0     10     6
43.912444002652     0.854610318063865     0     10     6
43.8991831915758     0.854658510308636     0     10     6
43.8859224556739     0.854669769313179     0     10     6
43.8726617958525     0.85464240333271     0     10     6
43.8594012130182     0.854660922170575     0     10     6
43.8461407080776     0.854287435852294     0     10     6
43.8328802819372     0.854630688909422     0     10     6
43.8196199355036     0.854515582584614     0     10     6
43.8063596696833     0.854560093064364     0     10     6
43.7930994853832     0.854598336557325     0     10     6
43.7798393835097     0.854472960272162     0     10     6
43.7665793649697     0.854564065764514     0     10     6
43.7533194306699     0.85455824405436     0     10     6
43.7400595815169     0.854361583747681     0     10     6
43.7267998184177     0.854647109768535     0     10     6
43.7135401422791     0.854376756202781     0     10     6
43.7002805540078     0.854716478988682     0     10     6
43.6870210545109     0.854318391335068     0     10     6
43.6737616446951     0.854394497540838     0     10     6
43.6605023254675     0.854429358678042     0     10     6
43.6472430977351     0.854060313676371     0     10     6
43.6339839624049     0.854496120017757     0     10     6
43.6207249203839     0.854490075465674     0     10     6
43.6074659725792     0.854671086747291     0     10     6
43.5942071198979     0.854359588648035     0     10     6
43.5809483632472     0.854535569635672     0     10     6
43.5676897035343     0.85416270917114     0     10     6
43.5544311416664     0.854163982195659     0     10     6
43.5411726785508     0.854416915181446     0     10     6
43.5279143150947     0.854377009170102     0     10     6
43.5146560522055     0.854533933740577     0     10     6
43.5013978907905     0.854200346020687     0     10     6
43.4881398317573     0.854208121870292     0     10     6
43.4748818760131     0.854060865138599     0     10     6
43.4616240244654     0.854126452794671     0     10     6
43.4483662780219     0.854030195952655     0     10     6
43.43510863759     0.853960778362251     0     10     6
43.4218511040773     0.853498337865635     0     10     6
43.4085936783915     0.854253635907776     0     10     6
43.3953363614402     0.853801910650588     0     10     6
43.3820791541312     0.854105496297568     0     10     6
43.3688220573721     0.85374707694079     0     10     6
43.3555650720708     0.853798686666745     0     10     6
43.3423081991352     0.853746913369359     0     10     6
43.3290514394729     0.853762231680183     0     10     6
43.3157947939921     0.853591673528213     0     10     6
43.3025382636006     0.853612519597088     0     10     6
43.2892818492064     0.853703060774748     0     10     6
43.2760255517175     0.853666928666638     0     10     6
43.2627693720421     0.853185304220535     0     10     6
43.2495133110882     0.853317118941254     0     10     6
43.236257369764     0.853597391640197     0     10     6
43.2230015489777     0.85321873375076     0     10     6
43.2097458496376     0.852785807699382     0     10     6
43.1964902726519     0.853108246311729     0     10     6
43.183234818929     0.852887068598273     0     10     6
43.1699794893773     0.85312724344855     0     10     6
43.1567242849051     0.852718321209169     0     10     6
43.1434692064209     0.852535328949769     0     10     6
43.1302142548334     0.852657107550147     0     10     6
43.1169594310509     0.852501196248949     0     10     6
43.1037047359822     0.852654224358515     0     10     6
43.0904501705359     0.852219513423572     0     10     6
43.0771957356206     0.852030756263296     0     10     6
43.0639414321452     0.852289655988338     0     10     6
43.0506872610184     0.851869924597912     0     10     6
43.0374332231491     0.851843420684049     0     10     6
43.0241793194461     0.851531589302379     0     10     6
43.0109255508184     0.851264503703154     0     10     6
42.9976719181749     0.85091564749296     0     10     6
42.9844184224248     0.851108023349019     0     10     6
42.9711650644771     0.851020537424026     0     10     6
42.9579118452409     0.850767840502139     0     10     6
42.9446587656254     0.850478489457595     0     10     6
42.9314058265398     0.850514024468775     0     10     6
42.9181530288935     0.850165131004571     0     10     6
42.9049003735958     0.850183386346244     0     10     6
42.891647861556     0.849622121579239     0     10     6
42.8783954936836     0.849508248614718     0     10     6
42.865143270888     0.849279040716915     0     10     6
42.8518911940789     0.849484485746483     0     10     6
42.8386392641659     0.848826260444602     0     10     6
42.8253874820585     0.848764894045232     0     10     6
42.8121358486664     0.848418331847008     0     10     6
42.7988843648995     0.847824472783452     0     10     6
42.7856330316676     0.848073104932622     0     10     6
42.7723818498804     0.847702673589585     0     10     6
42.759130820448     0.847253053674814     0     10     6
42.7458799442802     0.847268513992013     0     10     6
42.7326292222872     0.846689062663431     0     10     6
42.719378655379     0.846392427499381     0     10     6
42.7061282444657     0.846025722416857     0     10     6
42.6928779904575     0.845795707588567     0     10     6
42.6796278942648     0.845427919040133     0     10     6
42.6663779567977     0.84507862261654     0     10     6
42.6531281789667     0.844635738497031     0     10     6
42.6398785616822     0.84408670360373     0     10     6
42.6266291058547     0.843498137211375     0     10     6
42.6133798123947     0.842909535492258     0     10     6
42.6001306822128     0.842684291447248     0     10     6
42.5868817162196     0.841844339043685     0     10     6
42.573632915326     0.841300079207958     0     10     6
42.5603842804426     0.84083360202238     0     10     6
42.5471358124802     0.84000890140226     0     10     6
42.5338875123499     0.83956216773454     0     10     6
42.5206393809625     0.83901950679276     0     10     6
42.5073914192291     0.838443915591082     0     10     6
42.4941436280607     0.837552984189464     0     10     6
42.4808960083686     0.836843180922845     0     10     6
42.4676485610637     0.835833895526613     0     10     6
42.4544012870576     0.834959383700971     0     10     6
42.4411541872613     0.833941588770074     0     10     6
42.4279072625865     0.833084285413996     0     10     6
42.4146605139445     0.831662964117529     0     10     6
42.4014139422467     0.830625248934332     0     10     6
42.3881675484049     0.829305671430361     0     10     6
42.3749213333306     0.828516853452465     0     10     6
42.3616752979356     0.826624372794413     0     10     6
42.3484294431316     0.825498587295791     0     10     6
42.3351837698304     0.824089373693959     0     10     6
42.3219382789441     0.822775171991045     0     10     6
42.3086929713844     0.821335005803753     0     10     6
42.2954478480635     0.819414193340137     0     10     6
42.2822029098935     0.817651818770646     0     10     6
42.2689581577864     0.815601045389206     0     10     6
42.2557135926547     0.813574110733326     0     10     6
42.2424692154105     0.811566035834192     0     10     6
42.2292250269662     0.809545255291651     0     10     6
42.2159810282344     0.807214950514312     0     10     6
42.2027372201273     0.804850740236143     0     10     6
42.1894936035578     0.802581265929776     0     10     6
42.1762501794383     0.799820924095201     0     10     6
42.1630069486816     0.797028265500138     0     10     6
42.1497639122005     0.794394042260671     0     10     6
42.1365210709078     0.791077935597233     0     10     6
42.1232784257165     0.788096559171667     0     10     6
42.1100359775395     0.784683720800674     0     10     6
42.09679372729     0.781593033091719     0     10     6
42.083551675881     0.778024371216452     0     10     6
42.0703098242257     0.773677034528425     0     10     6
42.0570681732375     0.769883793391165     0     10     6
42.0438267238296     0.765387245419462     0     10     6
42.0305854769156     0.760917068446311     0     10     6
42.0173444334088     0.756923323850141     0     10     6
42.0041035942229     0.752144047444994     0     10     6
41.9908629602715     0.746990004919997     0     10     6
41.9776225324684     0.742201102381148     0     10     6
41.9643823117272     0.73679333212779     0     10     6
41.9511422989619     0.731054939227801     0     10     6
41.9379024950865     0.726004309352309     0     10     6
41.9246629010149     0.720065051881095     0     10     6
41.9114235176612     0.71371042216388     0     10     6
41.8981843459396     0.708161149792482     0     10     6
41.8849453867643     0.701117315457915     0     10     6
41.8717066410497     0.694859224683303     0     10     6
41.8584681097102     0.687643261340997     0     10     6
41.8452297936601     0.68066541947876     0     10     6
41.8319916938142     0.67276829372146     0     10     6
41.8187538110869     0.665189512777166     0     10     6
41.8055161463931     0.657777297128532     0     10     6
41.7922787006474     0.649013917218649     0     10     6
41.7790414747648     0.641108931641451     0     10     6
41.7658044696602     0.63235621391682     0     10     6
41.7525676862486     0.62340387611185     0     10     6
41.7393311254452     0.614639160560825     0     10     6
41.726094788165     0.60591927844773     0     10     6
41.7128586753234     0.5966682547489     0     10     6
41.6996227878358     0.587253888259144     0     10     6
41.6863871266174     0.577439466561666     0     10     6
41.673151692584     0.567113365967883     0     10     6
41.6599164866509     0.556709181673996     0     10     6
41.646681509734     0.546281791246986     0     10     6
41.6334467627489     0.53529457706774     0     10     6
41.6202122466115     0.524153919533059     0     10     6
41.6069779622377     0.513427363054964     0     10     6
41.5937439105435     0.502157905591259     0     10     6
41.580510092445     0.490593575949796     0     10     6
41.5672765088584     0.478636576487053     0     10     6
41.5540431606999     0.467835316219018     0     10     6
41.5408100488858     0.456001587841925     0     10     6
41.5275771743327     0.444851282180775     0     10     6
41.5143445379569     0.433556062630603     0     10     6
41.5011121406751     0.421308052250754     0     10     6
41.487879983404     0.409880905955724     0     10     6
41.4746480670603     0.397955286309144     0     10     6
41.4614163925608     0.385681311039215     0     10     6
41.4481849608227     0.373798532094044     0     10     6
41.4349537727627     0.360941877566923     0     10     6
41.4217228292982     0.349621937646656     0     10     6
41.4084921313462     0.337318139806502     0     10     6
41.395261679824     0.324279962045984     0     10     6
41.3820314756491     0.312491801021303     0     10     6
41.368801519739     0.300631721400927     0     10     6
41.3555718130111     0.289229832162516     0     10     6
41.3423423563831     0.276841885207809     0     10     6
41.3291131507728     0.265336287226216     0     10     6
41.315884197098     0.254836325153124     0     10     6
41.3026554962766     0.243219138657526     0     10     6
41.2894270492266     0.233522585284093     0     10     6
41.2761988568661     0.22308182644506     0     10     6
41.2629709201134     0.21294465030109     0     10     6
41.2497432398867     0.202562618190745     0     10     6
41.2365158171043     0.193909496205306     0     10     6
41.2232886526848     0.18509853284845     0     10     6
41.2100617475467     0.176350439209664     0     10     6
41.1968351026086     0.169328244434146     0     10     6
41.1836087187894     0.160546487080825     0     10     6
41.1703825970079     0.153892743325536     0     10     6
41.1571567381829     0.147364020245853     0     10     6
41.1439311432336     0.140974760590328     0     10     6
41.130705813079     0.135236802166381     0     10     6
41.1174807486384     0.129660668492471     0     10     6
41.1042559508312     0.124145850074817     0     10     6
41.0910314205766     0.119927568419989     0     10     6
41.0778071587943     0.114767006034808     0     10     6
41.0645831664038     0.111160762275671     0     10     6
41.0513594443248     0.107363158418105     0     10     6
41.0381359934772     0.103575854248004     0     10     6
41.0249128147808     0.100252106553465     0     10     6
41.0116899091557     0.0980148007958686     0     10     6
40.9984672775219     0.095727923353349     0     10     6
40.9852449207996     0.0930061793452079     0     10     6
40.9720228399091     0.0922787305050798     0     10     6
40.9588010357708     0.0908650730734865     0     10     6
40.9455795093053     0.089730436748515     0     10     6
40.932358261433     0.0890186233076482     0     10     6
40.9191372930747     0.0887077178841553     0     10     6
40.9059166051511     0.087898608265557     0     10     6
40.8926961985833     0.0879379489952142     0     10     6
40.8794760742921     0.0871497941104887     0     10     6
40.8662562331986     0.0876620090723028     0     10     6
40.8530366762241     0.0876234374494248     0     10     6
40.8398174042898     0.087591602356285     0     10     6
40.8265984183172     0.0884170266577783     0     10     6
40.8133797192277     0.0887336212990346     0     10     6
40.800161307943     0.089040916814948     0     10     6
40.7869431853848     0.089243182267483     0     10     6
40.7737253524748     0.0903134472589087     0     10     6
40.7605078101351     0.0906216723702656     0     10     6
40.7472905592876     0.0915934481780662     0     10     6
40.7340736008544     0.0915529022177433     0     10     6
40.7208569357578     0.0922094932022669     0     10     6
40.7076405649202     0.0925426635379539     0     10     6
40.6944244892639     0.092549001356613     0     10     6
40.6812087097115     0.0927169034574269     0     10     6
40.6679932271857     0.0931863784699526     0     10     6
40.6547780426093     0.0930873221029389     0     10     6
40.6415631569051     0.0936720096161432     0     10     6
40.628348570996     0.0942922132350719     0     10     6
40.6151342858053     0.0947737032352696     0     10     6
40.601920302256     0.0943662697215045     0     10     6
40.5887066212714     0.0946932446781537     0     10     6
40.5754932437751     0.0947491554187148     0     10     6
40.5622801706905     0.0948144005722124     0     10     6
40.5490674029412     0.0948538239217431     0     10     6
40.5358549414509     0.0943897643677988     0     10     6
40.5226427871436     0.0948446890477265     0     10     6
40.5094309409432     0.094604138529737     0     10     6
40.4962194037737     0.093916132288414     0     10     6
40.4830081765594     0.094181948314434     0     10     6
40.4697972602245     0.0939048782845833     0     10     6
40.4565866556934     0.0941114417586806     0     10     6
40.4433763638906     0.0926535692228336     0     10     6
40.4301663857409     0.0932475560112695     0     10     6
40.4169567221688     0.0927778819473726     0     10     6
40.4037473740993     0.0921528551735647     0     10     6
40.3905383424574     0.0916799729614888     0     10     6
40.3773296281681     0.0915291790539701     0     10     6
40.3641212321566     0.0913492898707276     0     10     6
