40.3773296281681     0.840408027729634     0     2     0
40.3905383424574     0.840767665883615     0     2     0
40.4037473740993     0.840998951153673     0     2     0
40.4169567221688     0.84128091159176     0     2     0
40.4301663857409     0.841649119289346     0     2     0
40.4433763638906     0.841657166037203     0     2     0
40.4565866556934     0.842121809259894     0     2     0
40.4697972602245     0.84211242321156     0     2     0
40.4830081765594     0.842653319700836     0     2     0
40.4962194037737     0.84289179939688     0     2     0
40.5094309409432     0.843037667232372     0     2     0
40.5226427871436     0.843349405767521     0     2     0
40.5358549414509     0.843699164240127     0     2     0
40.5490674029412     0.843806410098905     0     2     0
40.5622801706905     0.8440152969349     0     2     0
40.5754932437751     0.844366109556244     0     2     0
40.5887066212714     0.844548311954197     0     2     0
40.601920302256     0.844707822788841     0     2     0
40.6151342858053     0.84497156637243     0     2     0
40.628348570996     0.845171223013246     0     2     0
40.6415631569051     0.845298681685535     0     2     0
40.6547780426093     0.845649196963055     0     2     0
40.6679932271857     0.845676284640576     0     2     0
40.6812087097115     0.845937599387828     0     2     0
40.6944244892639     0.846196605388374     0     2     0
40.7076405649202     0.846207150358381     0     2     0
40.7208569357578     0.846619347840643     0     2     0
40.7340736008544     0.846744049920566     0     2     0
40.7472905592876     0.847008475289503     0     2     0
40.7605078101351     0.84730949474052     0     2     0
40.7737253524748     0.847503294151635     0     2     0
40.7869431853848     0.847382837547633     0     2     0
40.800161307943     0.847755600782269     0     2     0
40.8133797192277     0.848016471395318     0     2     0
40.8265984183172     0.848140787937921     0     2     0
40.8398174042898     0.848284059131652     0     2     0
40.8530366762241     0.848287357341269     0     2     0
40.8662562331986     0.848550871067083     0     2     0
40.8794760742921     0.8485507937634     0     2     0
40.8926961985833     0.848813677657098     0     2     0
40.9059166051511     0.84899850566661     0     2     0
40.9191372930747     0.8490673876541     0     2     0
40.932358261433     0.849251597473432     0     2     0
40.9455795093053     0.849254846387688     0     2     0
40.9588010357708     0.849518379322147     0     2     0
40.9720228399091     0.849752513879341     0     2     0
40.9852449207996     0.849459352054319     0     2     0
40.9984672775219     0.849795723584984     0     2     0
41.0116899091557     0.849975917761103     0     2     0
41.0249128147808     0.850219148869384     0     2     0
41.0381359934772     0.850213516243033     0     2     0
41.0513594443248     0.850136750587864     0     2     0
41.0645831664038     0.850431135554181     0     2     0
41.0778071587943     0.850373877213064     0     2     0
41.0910314205766     0.850592546742751     0     2     0
41.1042559508312     0.850501851485861     0     2     0
41.1174807486384     0.850702010970175     0     2     0
41.130705813079     0.850636091544033     0     2     0
41.1439311432336     0.850503446860373     0     2     0
41.1571567381829     0.850689124489988     0     2     0
41.1703825970079     0.85078569847864     0     2     0
41.1836087187894     0.850649716642531     0     2     0
41.1968351026086     0.850551744907052     0     2     0
41.2100617475467     0.850853532689363     0     2     0
41.2232886526848     0.850624777709166     0     2     0
41.2365158171043     0.850699843644965     0     2     0
41.2497432398867     0.850652892380161     0     2     0
41.2629709201134     0.850848233966446     0     2     0
41.2761988568661     0.85075372036561     0     2     0
41.2894270492266     0.850803653347509     0     2     0
41.3026554962766     0.850703771664787     0     2     0
41.315884197098     0.850713437902216     0     2     0
41.3291131507728     0.850689021088389     0     2     0
41.3423423563831     0.850550183567616     0     2     0
41.3555718130111     0.850349442714362     0     2     0
41.368801519739     0.850363006966911     0     2     0
41.3820314756491     0.850573149991035     0     2     0
41.395261679824     0.850426632611255     0     2     0
41.4084921313462     0.850073881210987     0     2     0
41.4217228292982     0.850344926132412     0     2     0
41.4349537727627     0.849987012340813     0     2     0
41.4481849608227     0.850128251307616     0     2     0
41.4614163925608     0.8501724905386     0     2     0
41.4746480670603     0.84982105652921     0     2     0
41.487879983404     0.849758602803369     0     2     0
41.5011121406751     0.849585953223746     0     2     0
41.5143445379569     0.849798459562903     0     2     0
41.5275771743327     0.849453084215043     0     2     0
41.5408100488858     0.849401233869343     0     2     0
41.5540431606999     0.849183614672346     0     2     0
41.5672765088584     0.848963650432467     0     2     0
41.580510092445     0.849210575794061     0     2     0
41.5937439105435     0.848804699285286     0     2     0
41.6069779622377     0.84896977419988     0     2     0
41.6202122466115     0.8486143953008     0     2     0
41.6334467627489     0.848355616080437     0     2     0
41.646681509734     0.848076443440151     0     2     0
41.6599164866509     0.848314049551932     0     2     0
41.673151692584     0.848039090926839     0     2     0
41.6863871266174     0.847738545129233     0     2     0
41.6996227878358     0.847569693770264     0     2     0
41.7128586753234     0.84741254996651     0     2     0
41.726094788165     0.847081531389686     0     2     0
41.7393311254452     0.846872060167826     0     2     0
41.7525676862486     0.846832003940067     0     2     0
41.7658044696602     0.846453434717804     0     2     0
41.7790414747648     0.846173607322186     0     2     0
41.7922787006474     0.845889392627671     0     2     0
41.8055161463931     0.845604145623937     0     2     0
41.8187538110869     0.845238802724181     0     2     0
41.8319916938142     0.84488290618131     0     2     0
41.8452297936601     0.844510713660351     0     2     0
41.8584681097102     0.844356512302921     0     2     0
41.8717066410497     0.843755738092451     0     2     0
41.8849453867643     0.843332448158683     0     2     0
41.8981843459396     0.843197018098098     0     2     0
41.9114235176612     0.842406776793372     0     2     0
41.9246629010149     0.842077707559109     0     2     0
41.9379024950865     0.841685081363815     0     2     0
41.9511422989619     0.840806913273412     0     2     0
41.9643823117272     0.840250719269099     0     2     0
41.9776225324684     0.83961743257561     0     2     0
41.9908629602715     0.839149710338922     0     2     0
42.0041035942229     0.838475398504778     0     2     0
42.0173444334088     0.837930804491574     0     2     0
42.0305854769156     0.837008955171608     0     2     0
42.0438267238296     0.836014604679507     0     2     0
42.0570681732375     0.83523006632775     0     2     0
42.0703098242257     0.833965692398853     0     2     0
42.083551675881     0.833138857419435     0     2     0
42.09679372729     0.832019466256837     0     2     0
42.1100359775395     0.830573241789649     0     2     0
42.1232784257165     0.829277500175255     0     2     0
42.1365210709078     0.827801014271558     0     2     0
42.1497639122005     0.826392929499313     0     2     0
42.1630069486816     0.824556230976662     0     2     0
42.1762501794383     0.822602836102296     0     2     0
42.1894936035578     0.820385612010035     0     2     0
42.2027372201273     0.81824743823815     0     2     0
42.2159810282344     0.81559584689934     0     2     0
42.2292250269662     0.81276086292295     0     2     0
42.2424692154105     0.810005749638994     0     2     0
42.2557135926547     0.806620592030672     0     2     0
42.2689581577864     0.80288360145487     0     2     0
42.2822029098935     0.798592160868741     0     2     0
42.2954478480635     0.79375590857536     0     2     0
42.3086929713844     0.788631982840696     0     2     0
42.3219382789441     0.782531240558444     0     2     0
42.3351837698304     0.77581010761424     0     2     0
42.3484294431316     0.767851853885973     0     2     0
42.3616752979356     0.759010560910043     0     2     0
42.3749213333306     0.749453280413919     0     2     0
42.3881675484049     0.738924955536121     0     2     0
42.4014139422467     0.725681167037063     0     2     0
42.4146605139445     0.709452945069935     0     2     0
42.4279072625865     0.690640411488684     0     2     0
42.4411541872613     0.668904904972829     0     2     0
42.4544012870576     0.643100214262008     0     2     0
42.4676485610637     0.613671295384517     0     2     0
42.4808960083686     0.579502674485824     0     2     0
42.4941436280607     0.539597525817271     0     2     0
42.5073914192291     0.490577271540375     0     2     0
42.5206393809625     0.434958816056674     0     2     0
42.5338875123499     0.373331411800009     0     2     0
42.5471358124802     0.305209625940159     0     2     0
42.5603842804426     0.240117333645111     0     2     0
42.573632915326     0.17928067074094     0     2     0
42.5868817162196     0.131878928011734     0     2     0
42.6001306822128     0.10627924031384     0     2     0
42.6133798123947     0.107564431415238     0     2     0
42.6266291058547     0.136365761607269     0     2     0
42.6398785616822     0.189028680378751     0     2     0
42.6531281789667     0.255652902309062     0     2     0
42.6663779567977     0.325457788823353     0     2     0
42.6796278942648     0.397523472916816     0     2     0
42.6928779904575     0.462540911805687     0     2     0
42.7061282444657     0.519550108622325     0     2     0
42.719378655379     0.568761050701442     0     2     0
42.7326292222872     0.609766867420408     0     2     0
42.7458799442802     0.64522502474542     0     2     0
42.759130820448     0.674367711137072     0     2     0
42.7723818498804     0.698502474787793     0     2     0
42.7856330316676     0.719114932568298     0     2     0
42.7988843648995     0.736351034561298     0     2     0
42.8121358486664     0.751078241818942     0     2     0
42.8253874820585     0.763707376732875     0     2     0
42.8386392641659     0.775091745964557     0     2     0
42.8518911940789     0.785004722877012     0     2     0
42.865143270888     0.794074776886586     0     2     0
42.8783954936836     0.801465849252792     0     2     0
42.891647861556     0.808210271675393     0     2     0
42.9049003735958     0.813954526651368     0     2     0
42.9181530288935     0.818883192177281     0     2     0
42.9314058265398     0.823575158763505     0     2     0
42.9446587656254     0.827403082330351     0     2     0
42.9579118452409     0.83103734688202     0     2     0
42.9711650644771     0.833928353165849     0     2     0
42.9844184224248     0.836915562093585     0     2     0
42.9976719181749     0.839266123247727     0     2     0
43.0109255508184     0.841435171789897     0     2     0
43.0241793194461     0.843536261120101     0     2     0
43.0374332231491     0.845230903787077     0     2     0
43.0506872610184     0.846893603675402     0     2     0
43.0639414321452     0.848449143557735     0     2     0
43.0771957356206     0.849859953155615     0     2     0
43.0904501705359     0.85103958488016     0     2     0
43.1037047359822     0.852273727840942     0     2     0
43.1169594310509     0.853104929533956     0     2     0
43.1302142548334     0.85431778584367     0     2     0
43.1434692064209     0.854870020820668     0     2     0
43.1567242849051     0.855859484349687     0     2     0
43.1699794893773     0.856580900275548     0     2     0
43.183234818929     0.85743065155666     0     2     0
43.1964902726519     0.858040444170616     0     2     0
43.2097458496376     0.858572556261759     0     2     0
43.2230015489777     0.859300497970371     0     2     0
43.236257369764     0.859759072747318     0     2     0
43.2495133110882     0.860075982153098     0     2     0
43.2627693720421     0.860595222839029     0     2     0
43.2760255517175     0.861123465496385     0     2     0
43.2892818492064     0.861326910977047     0     2     0
43.3025382636006     0.861676808135473     0     2     0
43.3157947939921     0.862074062610593     0     2     0
43.3290514394729     0.862260001460842     0     2     0
43.3423081991352     0.862788699018882     0     2     0
43.3555650720708     0.863087657137988     0     2     0
43.3688220573721     0.863277017923291     0     2     0
43.3820791541312     0.863515763037819     0     2     0
43.3953363614402     0.863607604715526     0     2     0
43.4085936783915     0.863950160795284     0     2     0
43.4218511040773     0.864112806908974     0     2     0
43.43510863759     0.864381014336348     0     2     0
43.4483662780219     0.86440505944548     0     2     0
43.4616240244654     0.864666760334384     0     2     0
43.4748818760131     0.864913632201968     0     2     0
43.4881398317573     0.864811129978438     0     2     0
43.5013978907905     0.86495826267122     0     2     0
43.5146560522055     0.865291611536914     0     2     0
43.5279143150947     0.865391289837045     0     2     0
43.5411726785508     0.865644825476786     0     2     0
43.5544311416664     0.865437187774439     0     2     0
43.5676897035343     0.865777881256224     0     2     0
43.5809483632472     0.865819118868173     0     2     0
43.5942071198979     0.865847062426183     0     2     0
43.6074659725792     0.865706578099935     0     2     0
43.6207249203839     0.865753699023775     0     2     0
43.6339839624049     0.866143327714277     0     2     0
43.6472430977351     0.866026290719366     0     2     0
43.6605023254675     0.866054619457809     0     2     0
43.6737616446951     0.866301968034576     0     2     0
43.6870210545109     0.866157349241951     0     2     0
43.7002805540078     0.866277308654309     0     2     0
43.7135401422791     0.86627627769882     0     2     0
43.7267998184177     0.865900299833624     0     2     0
43.7400595815169     0.866448705587927     0     2     0
43.7533194306699     0.866686526157709     0     2     0
43.7665793649697     0.866593096067523     0     2     0
43.7798393835097     0.86656129302048     0     2     0
43.7930994853832     0.866711311864652     0     2     0
43.8063596696833     0.866680829569898     0     2     0
43.8196199355036     0.866622570630291     0     2     0
43.8328802819372     0.866811883589532     0     2     0
43.8461407080776     0.866847877151639     0     2     0
43.8594012130182     0.866637255292638     0     2     0
43.8726617958525     0.866559548131255     0     2     0
43.8859224556739     0.866765198521029     0     2     0
43.8991831915758     0.867017746091535     0     2     0
43.912444002652     0.866885355972619     0     2     0
43.9257048879957     0.866948147360299     0     2     0
43.9389658467008     0.866724804920502     0     2     0
43.9522268778607     0.866986505835691     0     2     0
43.9654879805692     0.866809652270583     0     2     0
43.9787491539198     0.866822655132515     0     2     0
43.9920103970062     0.866969753637433     0     2     0
44.0052717089222     0.866765005965861     0     2     0
44.0185330887614     0.866850267428186     0     2     0
44.0317945356177     0.866898149093333     0     2     0
44.0450560485848     0.866839464273651     0     2     0
44.0583176267565     0.866855070084765     0     2     0
44.0715792692266     0.866703333707034     0     2     0
44.0848409750891     0.866792436579577     0     2     0
44.0981027434377     0.866815545717566     0     2     0
44.1113645733664     0.866943045318347     0     2     0
44.1246264639691     0.866828191657679     0     2     0
44.1378884143397     0.866767716127935     0     2     0
44.1511504235722     0.866879850632487     0     2     0
44.1644124907606     0.866807470359658     0     2     0
44.1776746149988     0.8667743921262     0     2     0
44.190936795381     0.867120210066325     0     2     0
44.2041990310011     0.866855552606403     0     2     0
44.2174613209532     0.866741250170215     0     2     0
44.2307236643314     0.867037366723322     0     2     0
44.2439860602298     0.866798557969578     0     2     0
44.2572485077426     0.866974739386964     0     2     0
44.2705110059638     0.867018286585489     0     2     0
44.2837735539876     0.866886111070442     0     2     0
44.2970361509082     0.866957267392357     0     2     0
44.3102987958199     0.866785037115834     0     2     0
44.3235614878167     0.866840250468305     0     2     0
44.336824225993     0.8669507875224     0     2     0
44.3500870094429     0.866846934378604     0     2     0
44.3633498372608     0.866962943489941     0     2     0
44.376612708541     0.866870341425739     0     2     0
44.3898756223776     0.866923834464492     0     2     0
44.4031385778651     0.866710485017851     0     2     0
44.4164015740977     0.866811981358153     0     2     0
44.4296646101698     0.86695898418858     0     2     0
44.4429276851758     0.866737640037345     0     2     0
44.45619079821     0.866996028199368     0     2     0
44.4694539483668     0.866855573588924     0     2     0
44.4827171347406     0.86660233558624     0     2     0
44.4959803564257     0.866833336521795     0     2     0
44.5092436125167     0.866720376939696     0     2     0
44.522506902108     0.866661293180911     0     2     0
44.5357702242939     0.86660884575513     0     2     0
44.549033578169     0.866630571445629     0     2     0
44.5622969628277     0.866479835615894     0     2     0
44.5755603773645     0.866327387827395     0     2     0
44.5888238208739     0.866423820753461     0     2     0
44.6020872924504     0.866446692812722     0     2     0
44.6153507911885     0.866574495593721     0     2     0
44.6286143161827     0.866593270638386     0     2     0
44.6418778665275     0.866333531305088     0     2     0
44.6551414413176     0.866369306416814     0     2     0
44.6684050396474     0.86644686588289     0     2     0
44.6816686606115     0.866627412450904     0     2     0
44.6949323033044     0.866297913832049     0     2     0
44.7081959668207     0.866083575595134     0     2     0
44.7214596502551     0.866174618174851     0     2     0
44.7347233527021     0.866355895761328     0     2     0
44.7479870732562     0.866300290718688     0     2     0
44.7612508110122     0.866264484270327     0     2     0
44.7745145650645     0.866375249268985     0     2     0
44.7877783345079     0.866083564364748     0     2     0
44.8010421184369     0.866039779958465     0     2     0
44.8143059159461     0.86608688339738     0     2     0
44.8275697261302     0.866132766959173     0     2     0
44.8408335480838     0.865934315468154     0     2     0
44.8540973809016     0.865928877306394     0     2     0
44.8673612236781     0.866108206736383     0     2     0
44.8806250755081     0.866384120005749     0     2     0
44.8938889354862     0.866194086982619     0     2     0
44.9071528027069     0.866101705307388     0     2     0
44.9204166762651     0.866236064718095     0     2     0
44.9336805552553     0.866243345548676     0     2     0
44.9469444387722     0.86591795709689     0     2     0
44.9602083259105     0.865882900361032     0     2     0
44.9734722157648     0.866002621281571     0     2     0
44.9867361074297     0.866098260124284     0     2     0
45     0.866311706332542     0     2     0
