44.9867361074297     0.866387366890614     0     8     0
44.9734722157648     0.86643351072433     0     8     0
44.9602083259105     0.866209886490191     0     8     0
44.9469444387722     0.86636147333701     0     8     0
44.9336805552553     0.866635797073671     0     8     0
44.9204166762651     0.866473450317184     0     8     0
44.9071528027069     0.866453048490766     0     8     0
44.8938889354862     0.8665640411622     0     8     0
44.8806250755081     0.86648407100341     0     8     0
44.8673612236781     0.866479834979292     0     8     0
44.8540973809016     0.866672452252584     0     8     0
44.8408335480838     0.866420119375305     0     8     0
44.8275697261302     0.866555751727021     0     8     0
44.8143059159461     0.866659608245546     0     8     0
44.8010421184369     0.866599624247295     0     8     0
44.7877783345079     0.866511314169799     0     8     0
44.7745145650645     0.866781157572075     0     8     0
44.7612508110122     0.866472306296119     0     8     0
44.7479870732562     0.866498554895935     0     8     0
44.7347233527021     0.86641463603582     0     8     0
44.7214596502551     0.866342126560344     0     8     0
44.7081959668207     0.866612039698446     0     8     0
44.6949323033044     0.866665608926534     0     8     0
44.6816686606115     0.866255857251836     0     8     0
44.6684050396474     0.86651400970773     0     8     0
44.6551414413176     0.866772715885422     0     8     0
44.6418778665275     0.866590794302029     0     8     0
44.6286143161827     0.866402736065506     0     8     0
44.6153507911885     0.866714721665008     0     8     0
44.6020872924504     0.866447214827649     0     8     0
44.5888238208739     0.866193403372542     0     8     0
44.5755603773645     0.866728590613045     0     8     0
44.5622969628277     0.8665964021444     0     8     0
44.549033578169     0.866706717363544     0     8     0
44.5357702242939     0.866920250369986     0     8     0
44.522506902108     0.86679920588418     0     8     0
44.5092436125167     0.866760424326931     0     8     0
44.4959803564257     0.866874997149589     0     8     0
44.4827171347406     0.866804410546669     0     8     0
44.4694539483668     0.866574724881001     0     8     0
44.45619079821     0.866968361136289     0     8     0
44.4429276851758     0.866858769951392     0     8     0
44.4296646101698     0.866911661292385     0     8     0
44.4164015740977     0.867007735487525     0     8     0
44.4031385778651     0.866814601270678     0     8     0
44.3898756223776     0.866880613022377     0     8     0
44.376612708541     0.866918309220416     0     8     0
44.3633498372608     0.866817156452528     0     8     0
44.3500870094429     0.866776085841078     0     8     0
44.336824225993     0.866597825932273     0     8     0
44.3235614878167     0.866907607600089     0     8     0
44.3102987958199     0.866834254914217     0     8     0
44.2970361509082     0.866711032528702     0     8     0
44.2837735539876     0.866903724696004     0     8     0
44.2705110059638     0.866932448224194     0     8     0
44.2572485077426     0.866943547427473     0     8     0
44.2439860602298     0.86666195383559     0     8     0
44.2307236643314     0.866839744944521     0     8     0
44.2174613209532     0.866936655734864     0     8     0
44.2041990310011     0.866908536857645     0     8     0
44.190936795381     0.866918964475754     0     8     0
44.1776746149988     0.866738771505893     0     8     0
44.1644124907606     0.866879221819263     0     8     0
44.1511504235722     0.866915500133068     0     8     0
44.1378884143397     0.867043739207605     0     8     0
44.1246264639691     0.866873606180261     0     8     0
44.1113645733664     0.866814529414661     0     8     0
44.0981027434377     0.867051732175083     0     8     0
44.0848409750891     0.866815804687115     0     8     0
44.0715792692266     0.866854240869872     0     8     0
44.0583176267565     0.866954663379329     0     8     0
44.0450560485848     0.866990241052962     0     8     0
44.0317945356177     0.867138077638359     0     8     0
44.0185330887614     0.867171864419208     0     8     0
44.0052717089222     0.867095975723051     0     8     0
43.9920103970062     0.867075836894581     0     8     0
43.9787491539198     0.867011054118327     0     8     0
43.9654879805692     0.866992976793199     0     8     0
43.9522268778607     0.867139223878667     0     8     0
43.9389658467008     0.867061575771182     0     8     0
43.9257048879957     0.866966077233565     0     8     0
43.912444002652     0.867033163134124     0     8     0
43.8991831915758     0.867156840284316     0     8     0
43.8859224556739     0.867023519787595     0     8     0
43.8726617958525     0.867042480815438     0     8     0
43.8594012130182     0.866749062615831     0     8     0
43.8461407080776     0.866997144012774     0     8     0
43.8328802819372     0.866839334012705     0     8     0
43.8196199355036     0.867023905428549     0     8     0
43.8063596696833     0.866952323909156     0     8     0
43.7930994853832     0.866785260920758     0     8     0
43.7798393835097     0.866921574033851     0     8     0
43.7665793649697     0.866814824428467     0     8     0
43.7533194306699     0.867080752036632     0     8     0
43.7400595815169     0.866987766772197     0     8     0
43.7267998184177     0.866891312839282     0     8     0
43.7135401422791     0.866993546969887     0     8     0
43.7002805540078     0.866836360611546     0     8     0
43.6870210545109     0.866725289314077     0     8     0
43.6737616446951     0.866907763038402     0     8     0
43.6605023254675     0.866796008706031     0     8     0
43.6472430977351     0.866826317147505     0     8     0
43.6339839624049     0.866732234037036     0     8     0
43.6207249203839     0.866820385980341     0     8     0
43.6074659725792     0.866757539558604     0     8     0
43.5942071198979     0.866836487294701     0     8     0
43.5809483632472     0.866848207073312     0     8     0
43.5676897035343     0.866714177914824     0     8     0
43.5544311416664     0.866778191310523     0     8     0
43.5411726785508     0.866608035352888     0     8     0
43.5279143150947     0.866684253309427     0     8     0
43.5146560522055     0.866697017978823     0     8     0
43.5013978907905     0.866393410661791     0     8     0
43.4881398317573     0.866413659224889     0     8     0
43.4748818760131     0.866259391786238     0     8     0
43.4616240244654     0.866237614808887     0     8     0
43.4483662780219     0.866200084425298     0     8     0
43.43510863759     0.866157602990904     0     8     0
43.4218511040773     0.866034877167193     0     8     0
43.4085936783915     0.865984418391713     0     8     0
43.3953363614402     0.865808273034256     0     8     0
43.3820791541312     0.865700486588258     0     8     0
43.3688220573721     0.86560801599179     0     8     0
43.3555650720708     0.865289969891456     0     8     0
43.3423081991352     0.865272478536032     0     8     0
43.3290514394729     0.864934179036812     0     8     0
43.3157947939921     0.864636086036336     0     8     0
43.3025382636006     0.864629513712186     0     8     0
43.2892818492064     0.864203353865402     0     8     0
43.2760255517175     0.863997526270998     0     8     0
43.2627693720421     0.863597212685589     0     8     0
43.2495133110882     0.863464745867741     0     8     0
43.236257369764     0.863032850791513     0     8     0
43.2230015489777     0.862588885393589     0     8     0
43.2097458496376     0.86210521920325     0     8     0
43.1964902726519     0.861498960186391     0     8     0
43.183234818929     0.861086800509268     0     8     0
43.1699794893773     0.860179770379394     0     8     0
43.1567242849051     0.859713279398174     0     8     0
43.1434692064209     0.858625369248339     0     8     0
43.1302142548334     0.857846085543002     0     8     0
43.1169594310509     0.856805303950989     0     8     0
43.1037047359822     0.855802427441255     0     8     0
43.0904501705359     0.854587996293612     0     8     0
43.0771957356206     0.853083889107016     0     8     0
43.0639414321452     0.851499593985182     0     8     0
43.0506872610184     0.849548798780889     0     8     0
43.0374332231491     0.847322238926349     0     8     0
43.0241793194461     0.844954700926661     0     8     0
43.0109255508184     0.842632814056738     0     8     0
42.9976719181749     0.839280272119669     0     8     0
42.9844184224248     0.835634218834005     0     8     0
42.9711650644771     0.831732348413782     0     8     0
42.9579118452409     0.827050428337346     0     8     0
42.9446587656254     0.821353853672813     0     8     0
42.9314058265398     0.815007231856096     0     8     0
42.9181530288935     0.807831405504562     0     8     0
42.9049003735958     0.800554067306626     0     8     0
42.891647861556     0.792208211488912     0     8     0
42.8783954936836     0.78282669052636     0     8     0
42.865143270888     0.771682850355017     0     8     0
42.8518911940789     0.758866282660056     0     8     0
42.8386392641659     0.744677067719118     0     8     0
42.8253874820585     0.730366498722873     0     8     0
42.8121358486664     0.713723352525257     0     8     0
42.7988843648995     0.697451259912988     0     8     0
42.7856330316676     0.679046653037886     0     8     0
42.7723818498804     0.66304803394501     0     8     0
42.759130820448     0.647421128788735     0     8     0
42.7458799442802     0.635249253077994     0     8     0
42.7326292222872     0.622265513634631     0     8     0
42.719378655379     0.618311751935896     0     8     0
42.7061282444657     0.61706441413044     0     8     0
42.6928779904575     0.62509203791173     0     8     0
42.6796278942648     0.638299072483127     0     8     0
42.6663779567977     0.655116984994306     0     8     0
42.6531281789667     0.672757632022808     0     8     0
42.6398785616822     0.688878148955572     0     8     0
42.6266291058547     0.707890271838991     0     8     0
42.6133798123947     0.72448181411233     0     8     0
42.6001306822128     0.740416474492373     0     8     0
42.5868817162196     0.755527840972737     0     8     0
42.573632915326     0.768666377156597     0     8     0
42.5603842804426     0.777920303630422     0     8     0
42.5471358124802     0.786977507053981     0     8     0
42.5338875123499     0.794339602858943     0     8     0
42.5206393809625     0.800625600255798     0     8     0
42.5073914192291     0.807246626649515     0     8     0
42.4941436280607     0.812001195574805     0     8     0
42.4808960083686     0.816290014874704     0     8     0
42.4676485610637     0.820005049138049     0     8     0
42.4544012870576     0.823752502438432     0     8     0
42.4411541872613     0.826053392778898     0     8     0
42.4279072625865     0.828796077393466     0     8     0
42.4146605139445     0.830785396524751     0     8     0
42.4014139422467     0.832638134118531     0     8     0
42.3881675484049     0.834018107458309     0     8     0
42.3749213333306     0.835790243247253     0     8     0
42.3616752979356     0.836669234427821     0     8     0
42.3484294431316     0.837397917583329     0     8     0
42.3351837698304     0.838180753392579     0     8     0
42.3219382789441     0.838972650533225     0     8     0
42.3086929713844     0.839152304678567     0     8     0
42.2954478480635     0.839536756215987     0     8     0
42.2822029098935     0.839608928609124     0     8     0
42.2689581577864     0.839665445086968     0     8     0
42.2557135926547     0.839754077011125     0     8     0
42.2424692154105     0.839514285605473     0     8     0
42.2292250269662     0.839321214276189     0     8     0
42.2159810282344     0.838841591215907     0     8     0
42.2027372201273     0.838382567290338     0     8     0
42.1894936035578     0.837839286990196     0     8     0
42.1762501794383     0.83697572176816     0     8     0
42.1630069486816     0.836598900950039     0     8     0
42.1497639122005     0.835726570369769     0     8     0
42.1365210709078     0.834555526486645     0     8     0
42.1232784257165     0.833655067367987     0     8     0
42.1100359775395     0.832461946841642     0     8     0
42.09679372729     0.830830671292939     0     8     0
42.083551675881     0.829475184868995     0     8     0
42.0703098242257     0.829075286646666     0     8     0
42.0570681732375     0.827258938697205     0     8     0
42.0438267238296     0.825862367973487     0     8     0
42.0305854769156     0.824395503261897     0     8     0
42.0173444334088     0.822680974126549     0     8     0
42.0041035942229     0.820594200804488     0     8     0
41.9908629602715     0.818267473078839     0     8     0
41.9776225324684     0.817559963935538     0     8     0
41.9643823117272     0.814392245136712     0     8     0
41.9511422989619     0.812592408460005     0     8     0
41.9379024950865     0.810184457338701     0     8     0
41.9246629010149     0.807327134417113     0     8     0
41.9114235176612     0.804472377713607     0     8     0
41.8981843459396     0.801685107000705     0     8     0
41.8849453867643     0.800680559433393     0     8     0
41.8717066410497     0.797494376933334     0     8     0
41.8584681097102     0.794015397184019     0     8     0
41.8452297936601     0.790583868711941     0     8     0
41.8319916938142     0.787439633518566     0     8     0
41.8187538110869     0.783624263673695     0     8     0
41.8055161463931     0.779442512043728     0     8     0
41.7922787006474     0.778021687563967     0     8     0
41.7790414747648     0.773983919977539     0     8     0
41.7658044696602     0.768839014608232     0     8     0
41.7525676862486     0.763718667377375     0     8     0
41.7393311254452     0.760957109216995     0     8     0
41.726094788165     0.755249014592094     0     8     0
41.7128586753234     0.749146982774274     0     8     0
41.6996227878358     0.748286852250602     0     8     0
41.6863871266174     0.742515750801361     0     8     0
41.673151692584     0.737096300562016     0     8     0
41.6599164866509     0.732370586362071     0     8     0
41.646681509734     0.728292973955544     0     8     0
41.6334467627489     0.721117357685756     0     8     0
41.6202122466115     0.715203293189238     0     8     0
41.6069779622377     0.713783158673348     0     8     0
41.5937439105435     0.708752740606999     0     8     0
41.580510092445     0.701033313252593     0     8     0
41.5672765088584     0.694913514407596     0     8     0
41.5540431606999     0.688464131901678     0     8     0
41.5408100488858     0.681757153032158     0     8     0
41.5275771743327     0.675391744716636     0     8     0
41.5143445379569     0.674358258423226     0     8     0
41.5011121406751     0.667040481512483     0     8     0
41.487879983404     0.659334819306147     0     8     0
41.4746480670603     0.654397116918707     0     8     0
41.4614163925608     0.645738609928344     0     8     0
41.4481849608227     0.637169531013668     0     8     0
41.4349537727627     0.630569765696813     0     8     0
41.4217228292982     0.628871561788981     0     8     0
41.4084921313462     0.621873251640557     0     8     0
41.395261679824     0.611459757623042     0     8     0
41.3820314756491     0.606640376116502     0     8     0
41.368801519739     0.595986187276727     0     8     0
41.3555718130111     0.58796978656901     0     8     0
41.3423423563831     0.576153454038575     0     8     0
41.3291131507728     0.578900182337448     0     8     0
41.315884197098     0.571989081085478     0     8     0
41.3026554962766     0.565080676326043     0     8     0
41.2894270492266     0.558744602499919     0     8     0
41.2761988568661     0.550091949291456     0     8     0
41.2629709201134     0.544446472635659     0     8     0
41.2497432398867     0.539809858695591     0     8     0
41.2365158171043     0.542045221802074     0     8     0
41.2232886526848     0.53396736817764     0     8     0
41.2100617475467     0.524686582734487     0     8     0
41.1968351026086     0.520618373678283     0     8     0
41.1836087187894     0.51335757442591     0     8     0
41.1703825970079     0.50582204201604     0     8     0
41.1571567381829     0.498821151465043     0     8     0
41.1439311432336     0.504580326946462     0     8     0
41.130705813079     0.497497692134644     0     8     0
41.1174807486384     0.490230018356329     0     8     0
41.1042559508312     0.486202386615097     0     8     0
41.0910314205766     0.478351857414414     0     8     0
41.0778071587943     0.470770783268667     0     8     0
41.0645831664038     0.464369077239732     0     8     0
41.0513594443248     0.470375174083084     0     8     0
41.0381359934772     0.467109226470331     0     8     0
41.0249128147808     0.459399441512013     0     8     0
41.0116899091557     0.461383245084488     0     8     0
40.9984672775219     0.456143814100336     0     8     0
40.9852449207996     0.453180120910341     0     8     0
40.9720228399091     0.445788182204198     0     8     0
40.9588010357708     0.457480698386015     0     8     0
40.9455795093053     0.452468619278724     0     8     0
40.932358261433     0.450528075570781     0     8     0
40.9191372930747     0.446338499869961     0     8     0
40.9059166051511     0.445612540357491     0     8     0
40.8926961985833     0.436770477327752     0     8     0
40.8794760742921     0.447350387829994     0     8     0
40.8662562331986     0.441101036581642     0     8     0
40.8530366762241     0.438108960661727     0     8     0
40.8398174042898     0.43072858592566     0     8     0
40.8265984183172     0.435029486113861     0     8     0
40.8133797192277     0.42695309631282     0     8     0
40.800161307943     0.424339580598264     0     8     0
40.7869431853848     0.430523616189043     0     8     0
40.7737253524748     0.426723748729328     0     8     0
40.7605078101351     0.423618977978823     0     8     0
40.7472905592876     0.421833457271824     0     8     0
40.7340736008544     0.42235618771597     0     8     0
40.7208569357578     0.416704138578933     0     8     0
40.7076405649202     0.413324680772459     0     8     0
40.6944244892639     0.421352575891495     0     8     0
40.6812087097115     0.4157007069655     0     8     0
40.6679932271857     0.412560048544176     0     8     0
40.6547780426093     0.411275895671266     0     8     0
40.6415631569051     0.410851917449605     0     8     0
40.628348570996     0.407068333175685     0     8     0
40.6151342858053     0.403337281045899     0     8     0
40.601920302256     0.409256487647768     0     8     0
40.5887066212714     0.407939110019926     0     8     0
40.5754932437751     0.403225255422206     0     8     0
40.5622801706905     0.404140714650545     0     8     0
40.5490674029412     0.401270149775436     0     8     0
40.5358549414509     0.399099599970869     0     8     0
40.5226427871436     0.392436072032242     0     8     0
40.5094309409432     0.400946979488781     0     8     0
40.4962194037737     0.398347383992981     0     8     0
40.4830081765594     0.392773688477755     0     8     0
40.4697972602245     0.392066801855851     0     8     0
40.4565866556934     0.389416605438198     0     8     0
40.4433763638906     0.384194486540888     0     8     0
40.4301663857409     0.384355620011565     0     8     0
40.4169567221688     0.387984529360466     0     8     0
40.4037473740993     0.385490943052087     0     8     0
40.3905383424574     0.378754995210135     0     8     0
40.3773296281681     0.379072395278505     0     8     0
40.3641212321566     0.374407224814929     0     8     0
