44.9867361074297     0.0739600656006622     0     2     10
44.9734722157648     0.0736481763086933     0     2     10
44.9602083259105     0.0739265666556288     0     2     10
44.9469444387722     0.0739723706771748     0     2     10
44.9336805552553     0.0737072306645991     0     2     10
44.9204166762651     0.0735358380910241     0     2     10
44.9071528027069     0.0738177779013716     0     2     10
44.8938889354862     0.0738358411888936     0     2     10
44.8806250755081     0.073810877256742     0     2     10
44.8673612236781     0.0740089038403342     0     2     10
44.8540973809016     0.074156688304212     0     2     10
44.8408335480838     0.0739007294512372     0     2     10
44.8275697261302     0.0741923036625635     0     2     10
44.8143059159461     0.0744646085003396     0     2     10
44.8010421184369     0.0744216020413386     0     2     10
44.7877783345079     0.0747312729346974     0     2     10
44.7745145650645     0.0746046085585505     0     2     10
44.7612508110122     0.074696959252773     0     2     10
44.7479870732562     0.074841729743826     0     2     10
44.7347233527021     0.0738840910154283     0     2     10
44.7214596502551     0.0747561818185201     0     2     10
44.7081959668207     0.0741689271376811     0     2     10
44.6949323033044     0.0743653241550863     0     2     10
44.6816686606115     0.0746942291620944     0     2     10
44.6684050396474     0.0747442604635446     0     2     10
44.6551414413176     0.0750110086248194     0     2     10
44.6418778665275     0.0751998801349569     0     2     10
44.6286143161827     0.0752822322866621     0     2     10
44.6153507911885     0.0751449985637224     0     2     10
44.6020872924504     0.0752280270305422     0     2     10
44.5888238208739     0.0749720326535914     0     2     10
44.5755603773645     0.0750968354935502     0     2     10
44.5622969628277     0.0753358334753389     0     2     10
44.549033578169     0.0748821371562467     0     2     10
44.5357702242939     0.0749714406189049     0     2     10
44.522506902108     0.0753031525027555     0     2     10
44.5092436125167     0.0754334721499328     0     2     10
44.4959803564257     0.0755207943161837     0     2     10
44.4827171347406     0.0752355185239499     0     2     10
44.4694539483668     0.0753254974965121     0     2     10
44.45619079821     0.0751997044419455     0     2     10
44.4429276851758     0.0756031945716355     0     2     10
44.4296646101698     0.0753315790896534     0     2     10
44.4164015740977     0.0757959857421818     0     2     10
44.4031385778651     0.0757956289251619     0     2     10
44.3898756223776     0.0762482091755369     0     2     10
44.376612708541     0.0761873399990043     0     2     10
44.3633498372608     0.0759082183653185     0     2     10
44.3500870094429     0.0761393839806724     0     2     10
44.336824225993     0.0755755498303396     0     2     10
44.3235614878167     0.0757596275672344     0     2     10
44.3102987958199     0.0754491098030418     0     2     10
44.2970361509082     0.0758754713819757     0     2     10
44.2837735539876     0.0760564066518743     0     2     10
44.2705110059638     0.0756305677603809     0     2     10
44.2572485077426     0.0759022841816423     0     2     10
44.2439860602298     0.0760929111184016     0     2     10
44.2307236643314     0.075889981364316     0     2     10
44.2174613209532     0.0763337092504136     0     2     10
44.2041990310011     0.0769340972987813     0     2     10
44.190936795381     0.0769593944309144     0     2     10
44.1776746149988     0.0771637718585374     0     2     10
44.1644124907606     0.0772776939699431     0     2     10
44.1511504235722     0.0774804587018036     0     2     10
44.1378884143397     0.0771722447843565     0     2     10
44.1246264639691     0.0776664411980532     0     2     10
44.1113645733664     0.0770364054157173     0     2     10
44.0981027434377     0.0769010198627956     0     2     10
44.0848409750891     0.076795671355288     0     2     10
44.0715792692266     0.0771936042826676     0     2     10
44.0583176267565     0.0766395573020411     0     2     10
44.0450560485848     0.0773289316242388     0     2     10
44.0317945356177     0.0770400544866549     0     2     10
44.0185330887614     0.0774599831395939     0     2     10
44.0052717089222     0.0778439012949641     0     2     10
43.9920103970062     0.0777290530127736     0     2     10
43.9787491539198     0.077849320883741     0     2     10
43.9654879805692     0.0782278225338471     0     2     10
43.9522268778607     0.078328647105587     0     2     10
43.9389658467008     0.0780755806993745     0     2     10
43.9257048879957     0.0782548671864992     0     2     10
43.912444002652     0.0775945314250429     0     2     10
43.8991831915758     0.077670100374202     0     2     10
43.8859224556739     0.077993792732194     0     2     10
43.8726617958525     0.0778704073485199     0     2     10
43.8594012130182     0.0779946630535037     0     2     10
43.8461407080776     0.0776327945406442     0     2     10
43.8328802819372     0.0785600383817919     0     2     10
43.8196199355036     0.0785327609075027     0     2     10
43.8063596696833     0.0780331014338409     0     2     10
43.7930994853832     0.0786540805484868     0     2     10
43.7798393835097     0.078593817096241     0     2     10
43.7665793649697     0.0790160101132184     0     2     10
43.7533194306699     0.0789811706536554     0     2     10
43.7400595815169     0.0787466626940922     0     2     10
43.7267998184177     0.0786921016681485     0     2     10
43.7135401422791     0.0789379924464985     0     2     10
43.7002805540078     0.078551155281475     0     2     10
43.6870210545109     0.0786809232715331     0     2     10
43.6737616446951     0.0783714034276216     0     2     10
43.6605023254675     0.0789556180210176     0     2     10
43.6472430977351     0.0787490355254499     0     2     10
43.6339839624049     0.0792970358294753     0     2     10
43.6207249203839     0.0791081096600465     0     2     10
43.6074659725792     0.0788953481287011     0     2     10
43.5942071198979     0.079669200782491     0     2     10
43.5809483632472     0.0798108139380887     0     2     10
43.5676897035343     0.0801332946966715     0     2     10
43.5544311416664     0.079775432271109     0     2     10
43.5411726785508     0.0798827651012243     0     2     10
43.5279143150947     0.0791620808164334     0     2     10
43.5146560522055     0.0798045049073455     0     2     10
43.5013978907905     0.0795512439325216     0     2     10
43.4881398317573     0.0793064953642834     0     2     10
43.4748818760131     0.0793791014155969     0     2     10
43.4616240244654     0.0793018678291206     0     2     10
43.4483662780219     0.0798499414194182     0     2     10
43.43510863759     0.0801441318805698     0     2     10
43.4218511040773     0.0803266652588875     0     2     10
43.4085936783915     0.0802379280024183     0     2     10
43.3953363614402     0.0802378531391043     0     2     10
43.3820791541312     0.0801932881746982     0     2     10
43.3688220573721     0.0802545553994101     0     2     10
43.3555650720708     0.0805063303000537     0     2     10
43.3423081991352     0.0803815414932124     0     2     10
43.3290514394729     0.080168085141093     0     2     10
43.3157947939921     0.0802853896031351     0     2     10
43.3025382636006     0.0802713711205998     0     2     10
43.2892818492064     0.0801183367743273     0     2     10
43.2760255517175     0.0806706656228382     0     2     10
43.2627693720421     0.0806871296359271     0     2     10
43.2495133110882     0.0805962413714923     0     2     10
43.236257369764     0.081090968220125     0     2     10
43.2230015489777     0.0815556774662388     0     2     10
43.2097458496376     0.0809944210964493     0     2     10
43.1964902726519     0.0810568487289273     0     2     10
43.183234818929     0.0816909206393892     0     2     10
43.1699794893773     0.081454220236323     0     2     10
43.1567242849051     0.0811235115254956     0     2     10
43.1434692064209     0.0807371726417105     0     2     10
43.1302142548334     0.0812359904174083     0     2     10
43.1169594310509     0.0809207483779877     0     2     10
43.1037047359822     0.0811537163821249     0     2     10
43.0904501705359     0.0807482102587458     0     2     10
43.0771957356206     0.0810868073159065     0     2     10
43.0639414321452     0.0809566224243458     0     2     10
43.0506872610184     0.0812969875617843     0     2     10
43.0374332231491     0.0812139606649297     0     2     10
43.0241793194461     0.0816281578496091     0     2     10
43.0109255508184     0.0815327329917381     0     2     10
42.9976719181749     0.0814391295073797     0     2     10
42.9844184224248     0.0816962431550045     0     2     10
42.9711650644771     0.081411556144389     0     2     10
42.9579118452409     0.0818472728160062     0     2     10
42.9446587656254     0.0816038272283548     0     2     10
42.9314058265398     0.0816816393613578     0     2     10
42.9181530288935     0.0818753583283947     0     2     10
42.9049003735958     0.0818953443957124     0     2     10
42.891647861556     0.0819407202227078     0     2     10
42.8783954936836     0.0814453217260071     0     2     10
42.865143270888     0.0817143527988704     0     2     10
42.8518911940789     0.0817946894047854     0     2     10
42.8386392641659     0.0817720960003601     0     2     10
42.8253874820585     0.082300902288245     0     2     10
42.8121358486664     0.0823824906752661     0     2     10
42.7988843648995     0.0822274980152483     0     2     10
42.7856330316676     0.0823709403595328     0     2     10
42.7723818498804     0.0827977319109936     0     2     10
42.759130820448     0.0824803041322792     0     2     10
42.7458799442802     0.0824679760503374     0     2     10
42.7326292222872     0.0821076365756108     0     2     10
42.719378655379     0.082469116292534     0     2     10
42.7061282444657     0.082666414087355     0     2     10
42.6928779904575     0.0824982045134384     0     2     10
42.6796278942648     0.0824975064296599     0     2     10
42.6663779567977     0.0825836516869575     0     2     10
42.6531281789667     0.082662434117646     0     2     10
42.6398785616822     0.0828284625125753     0     2     10
42.6266291058547     0.0829390186277653     0     2     10
42.6133798123947     0.0829666116288703     0     2     10
42.6001306822128     0.0828560041545541     0     2     10
42.5868817162196     0.0833636565172788     0     2     10
42.573632915326     0.0837272026566663     0     2     10
42.5603842804426     0.083833438857896     0     2     10
42.5471358124802     0.0836000864228797     0     2     10
42.5338875123499     0.0835580536941987     0     2     10
42.5206393809625     0.0831347120979881     0     2     10
42.5073914192291     0.083695434576931     0     2     10
42.4941436280607     0.0838115315367017     0     2     10
42.4808960083686     0.0832584162722149     0     2     10
42.4676485610637     0.0834420406736803     0     2     10
42.4544012870576     0.0834022789154002     0     2     10
42.4411541872613     0.0835315941598696     0     2     10
42.4279072625865     0.0836982578164616     0     2     10
42.4146605139445     0.0838818201548129     0     2     10
42.4014139422467     0.0842673598145924     0     2     10
42.3881675484049     0.0840772860653033     0     2     10
42.3749213333306     0.0838750692049581     0     2     10
42.3616752979356     0.084234587378264     0     2     10
42.3484294431316     0.0843331452948416     0     2     10
42.3351837698304     0.0843036696220942     0     2     10
42.3219382789441     0.0842685900579933     0     2     10
42.3086929713844     0.0840061073059762     0     2     10
42.2954478480635     0.0842076379912865     0     2     10
42.2822029098935     0.0837266049185428     0     2     10
42.2689581577864     0.0843726685147991     0     2     10
42.2557135926547     0.0840505367655345     0     2     10
42.2424692154105     0.0841020318828715     0     2     10
42.2292250269662     0.0845433771179283     0     2     10
42.2159810282344     0.0847174394652042     0     2     10
42.2027372201273     0.0849105911563402     0     2     10
42.1894936035578     0.0849559831192506     0     2     10
42.1762501794383     0.0848567560931846     0     2     10
42.1630069486816     0.085041807491609     0     2     10
42.1497639122005     0.0850531537240541     0     2     10
42.1365210709078     0.0848176247956582     0     2     10
42.1232784257165     0.0846743197608342     0     2     10
42.1100359775395     0.0848394460324823     0     2     10
42.09679372729     0.084799861011758     0     2     10
42.083551675881     0.0846675545647703     0     2     10
42.0703098242257     0.0846995852919003     0     2     10
42.0570681732375     0.0852432647086277     0     2     10
42.0438267238296     0.0852403117066287     0     2     10
42.0305854769156     0.0850140116201647     0     2     10
42.0173444334088     0.0853236006703346     0     2     10
42.0041035942229     0.0849453276717816     0     2     10
41.9908629602715     0.0851080999408912     0     2     10
41.9776225324684     0.0855167332007044     0     2     10
41.9643823117272     0.0856568266140234     0     2     10
41.9511422989619     0.0853998844712517     0     2     10
41.9379024950865     0.0856524909401129     0     2     10
41.9246629010149     0.0854552922788126     0     2     10
41.9114235176612     0.0858147391526223     0     2     10
41.8981843459396     0.0854851871642427     0     2     10
41.8849453867643     0.0856123536677106     0     2     10
41.8717066410497     0.0858037007266689     0     2     10
41.8584681097102     0.0859392836800399     0     2     10
41.8452297936601     0.0854790425586407     0     2     10
41.8319916938142     0.0857334191278625     0     2     10
41.8187538110869     0.0860742854663674     0     2     10
41.8055161463931     0.0860211590403799     0     2     10
41.7922787006474     0.0862926031097434     0     2     10
41.7790414747648     0.0859753580502174     0     2     10
41.7658044696602     0.0862611205325467     0     2     10
41.7525676862486     0.0864771518444528     0     2     10
41.7393311254452     0.0861493383028495     0     2     10
41.726094788165     0.0864417658709315     0     2     10
41.7128586753234     0.0862054884635566     0     2     10
41.6996227878358     0.086499989642535     0     2     10
41.6863871266174     0.0862565066368607     0     2     10
41.673151692584     0.0864905816892212     0     2     10
41.6599164866509     0.086209850081218     0     2     10
41.646681509734     0.0864671135683327     0     2     10
41.6334467627489     0.0862543122195441     0     2     10
41.6202122466115     0.0863398198503465     0     2     10
41.6069779622377     0.086575343916346     0     2     10
41.5937439105435     0.0860316857253005     0     2     10
41.580510092445     0.0862940014447721     0     2     10
41.5672765088584     0.0865325747281485     0     2     10
41.5540431606999     0.0864261286884556     0     2     10
41.5408100488858     0.0863500855084918     0     2     10
41.5275771743327     0.0862632199122749     0     2     10
41.5143445379569     0.0866801903123816     0     2     10
41.5011121406751     0.0863983045964473     0     2     10
41.487879983404     0.0863151014157382     0     2     10
41.4746480670603     0.0863899728983566     0     2     10
41.4614163925608     0.0864660596426808     0     2     10
41.4481849608227     0.0867009190176718     0     2     10
41.4349537727627     0.086382622306889     0     2     10
41.4217228292982     0.0865791089733275     0     2     10
41.4084921313462     0.0868393519916111     0     2     10
41.395261679824     0.0866358600877519     0     2     10
41.3820314756491     0.0867388285075432     0     2     10
41.368801519739     0.0870960899776475     0     2     10
41.3555718130111     0.087299651229003     0     2     10
41.3423423563831     0.087028732995013     0     2     10
41.3291131507728     0.0875145436438922     0     2     10
41.315884197098     0.0876016641133759     0     2     10
41.3026554962766     0.0875843840597535     0     2     10
41.2894270492266     0.0877498788336253     0     2     10
41.2761988568661     0.0875284190427857     0     2     10
41.2629709201134     0.0875599987866369     0     2     10
41.2497432398867     0.087892692495037     0     2     10
41.2365158171043     0.0877474943049176     0     2     10
41.2232886526848     0.0879290821325688     0     2     10
41.2100617475467     0.0880719714556417     0     2     10
41.1968351026086     0.0878951737988131     0     2     10
41.1836087187894     0.0880326285237383     0     2     10
41.1703825970079     0.0879933312532346     0     2     10
41.1571567381829     0.0883684346437513     0     2     10
41.1439311432336     0.0881529474599747     0     2     10
41.130705813079     0.0881961833695998     0     2     10
41.1174807486384     0.0883446939397469     0     2     10
41.1042559508312     0.0883566750009843     0     2     10
41.0910314205766     0.0884017148407918     0     2     10
41.0778071587943     0.0886925906217221     0     2     10
41.0645831664038     0.0887235107457282     0     2     10
41.0513594443248     0.0883945747842705     0     2     10
41.0381359934772     0.0883938179698703     0     2     10
41.0249128147808     0.0887178542211041     0     2     10
41.0116899091557     0.0887131340862546     0     2     10
40.9984672775219     0.0887258317995057     0     2     10
40.9852449207996     0.0887882957329929     0     2     10
40.9720228399091     0.0886985541575308     0     2     10
40.9588010357708     0.0889905801246951     0     2     10
40.9455795093053     0.0892929363246133     0     2     10
40.932358261433     0.0892319934041295     0     2     10
40.9191372930747     0.0889058180057628     0     2     10
40.9059166051511     0.0893713895835414     0     2     10
40.8926961985833     0.0896449592091097     0     2     10
40.8794760742921     0.0892938575316868     0     2     10
40.8662562331986     0.0891520127151192     0     2     10
40.8530366762241     0.0890922917992122     0     2     10
40.8398174042898     0.0893848942722838     0     2     10
40.8265984183172     0.0892576300210917     0     2     10
40.8133797192277     0.0894969316782004     0     2     10
40.800161307943     0.089708377228474     0     2     10
40.7869431853848     0.0894483596571989     0     2     10
40.7737253524748     0.0897165268111428     0     2     10
40.7605078101351     0.0898344428417352     0     2     10
40.7472905592876     0.0897135224691976     0     2     10
40.7340736008544     0.0902022509139454     0     2     10
40.7208569357578     0.0901808451715044     0     2     10
40.7076405649202     0.0898088484870562     0     2     10
40.6944244892639     0.0897999971943524     0     2     10
40.6812087097115     0.0898776399796505     0     2     10
40.6679932271857     0.0899564365627351     0     2     10
40.6547780426093     0.090139117431385     0     2     10
40.6415631569051     0.0902959096831116     0     2     10
40.628348570996     0.0901416364734078     0     2     10
40.6151342858053     0.0904292251228668     0     2     10
40.601920302256     0.0902093268338297     0     2     10
40.5887066212714     0.0903077179940206     0     2     10
40.5754932437751     0.0904179829733001     0     2     10
40.5622801706905     0.0907228741510415     0     2     10
40.5490674029412     0.0903883751104145     0     2     10
40.5358549414509     0.0906814378995484     0     2     10
40.5226427871436     0.0909071733332855     0     2     10
40.5094309409432     0.0907464440192078     0     2     10
40.4962194037737     0.090987216098073     0     2     10
40.4830081765594     0.090664502716465     0     2     10
40.4697972602245     0.0907487079368909     0     2     10
40.4565866556934     0.0909252326822006     0     2     10
40.4433763638906     0.0907890518644984     0     2     10
40.4301663857409     0.0909249773531833     0     2     10
40.4169567221688     0.0907718498061553     0     2     10
40.4037473740993     0.0913872389353099     0     2     10
40.3905383424574     0.0913761134468992     0     2     10
40.3773296281681     0.0909789839237939     0     2     10
40.3641212321566     0.0908018636747489     0     2     10
