40.3773296281681     0.333761972734855     0     8     2
40.3905383424574     0.331640969091937     0     8     2
40.4037473740993     0.332369281640441     0     8     2
40.4169567221688     0.335088657063043     0     8     2
40.4301663857409     0.336302410722471     0     8     2
40.4433763638906     0.340922002072422     0     8     2
40.4565866556934     0.342724586148745     0     8     2
40.4697972602245     0.345819230698394     0     8     2
40.4830081765594     0.339094015232052     0     8     2
40.4962194037737     0.344575172910045     0     8     2
40.5094309409432     0.345892456012909     0     8     2
40.5226427871436     0.349412830504081     0     8     2
40.5358549414509     0.352096228259781     0     8     2
40.5490674029412     0.354893891848083     0     8     2
40.5622801706905     0.350598204274453     0     8     2
40.5754932437751     0.352551893435706     0     8     2
40.5887066212714     0.354545087594952     0     8     2
40.601920302256     0.355150465072074     0     8     2
40.6151342858053     0.35648099602081     0     8     2
40.628348570996     0.359223839603189     0     8     2
40.6415631569051     0.360503384057657     0     8     2
40.6547780426093     0.353579096532393     0     8     2
40.6679932271857     0.357071536674871     0     8     2
40.6812087097115     0.358225941373015     0     8     2
40.6944244892639     0.361837460932066     0     8     2
40.7076405649202     0.364625816326287     0     8     2
40.7208569357578     0.365617329144055     0     8     2
40.7340736008544     0.367549671145838     0     8     2
40.7472905592876     0.361966489748474     0     8     2
40.7605078101351     0.366475089487887     0     8     2
40.7737253524748     0.368164756387982     0     8     2
40.7869431853848     0.371169263879402     0     8     2
40.800161307943     0.372731634292394     0     8     2
40.8133797192277     0.376178760053768     0     8     2
40.8265984183172     0.377104396334667     0     8     2
40.8398174042898     0.370638347667044     0     8     2
40.8530366762241     0.373096126247132     0     8     2
40.8662562331986     0.377018341206677     0     8     2
40.8794760742921     0.380830137972927     0     8     2
40.8926961985833     0.384412854594549     0     8     2
40.9059166051511     0.387492407897922     0     8     2
40.9191372930747     0.389031877539268     0     8     2
40.932358261433     0.380969783074656     0     8     2
40.9455795093053     0.386044445194795     0     8     2
40.9588010357708     0.388273779704428     0     8     2
40.9720228399091     0.392239502168365     0     8     2
40.9852449207996     0.394991784331522     0     8     2
40.9984672775219     0.40146662210073     0     8     2
41.0116899091557     0.40400047444664     0     8     2
41.0249128147808     0.399789702584349     0     8     2
41.0381359934772     0.405865841867798     0     8     2
41.0513594443248     0.409950828125824     0     8     2
41.0645831664038     0.416099780641627     0     8     2
41.0778071587943     0.420127835772122     0     8     2
41.0910314205766     0.424575852645464     0     8     2
41.1042559508312     0.432408295126756     0     8     2
41.1174807486384     0.427688217032661     0     8     2
41.130705813079     0.43531363307504     0     8     2
41.1439311432336     0.442184833501909     0     8     2
41.1571567381829     0.448072282906158     0     8     2
41.1703825970079     0.456133534391988     0     8     2
41.1836087187894     0.459946392999584     0     8     2
41.1968351026086     0.471977255270411     0     8     2
41.2100617475467     0.469529486226819     0     8     2
41.2232886526848     0.477564624380233     0     8     2
41.2365158171043     0.487887748356662     0     8     2
41.2497432398867     0.492681497445213     0     8     2
41.2629709201134     0.501564860173011     0     8     2
41.2761988568661     0.508829689917675     0     8     2
41.2894270492266     0.517526334000149     0     8     2
41.3026554962766     0.515027718114899     0     8     2
41.315884197098     0.523272155039207     0     8     2
41.3291131507728     0.53253168648839     0     8     2
41.3423423563831     0.539985549495881     0     8     2
41.3555718130111     0.548904146437837     0     8     2
41.368801519739     0.556388402855566     0     8     2
41.3820314756491     0.565146240947231     0     8     2
41.395261679824     0.566620096215785     0     8     2
41.4084921313462     0.575679994445782     0     8     2
41.4217228292982     0.584393033836891     0     8     2
41.4349537727627     0.592996606542948     0     8     2
41.4481849608227     0.601878363473107     0     8     2
41.4614163925608     0.608734470537797     0     8     2
41.4746480670603     0.616516144066726     0     8     2
41.487879983404     0.618584588011996     0     8     2
41.5011121406751     0.62564805039075     0     8     2
41.5143445379569     0.633186295981704     0     8     2
41.5275771743327     0.639927689773692     0     8     2
41.5408100488858     0.647043939877724     0     8     2
41.5540431606999     0.652965061102994     0     8     2
41.5672765088584     0.656199306578228     0     8     2
41.580510092445     0.662058505050756     0     8     2
41.5937439105435     0.670941894873776     0     8     2
41.6069779622377     0.677929667887421     0     8     2
41.6202122466115     0.686253955760075     0     8     2
41.6334467627489     0.692439292307054     0     8     2
41.646681509734     0.700018555989271     0     8     2
41.6599164866509     0.701639669084275     0     8     2
41.673151692584     0.707681578475774     0     8     2
41.6863871266174     0.713684729006097     0     8     2
41.6996227878358     0.719284627121428     0     8     2
41.7128586753234     0.724562133695214     0     8     2
41.726094788165     0.73008545575392     0     8     2
41.7393311254452     0.735810782691857     0     8     2
41.7525676862486     0.737979867769891     0     8     2
41.7658044696602     0.743058731638945     0     8     2
41.7790414747648     0.748055922467801     0     8     2
41.7922787006474     0.751877093750403     0     8     2
41.8055161463931     0.756892401333933     0     8     2
41.8187538110869     0.761396883236021     0     8     2
41.8319916938142     0.765100748944498     0     8     2
41.8452297936601     0.767885867608491     0     8     2
41.8584681097102     0.771887294355939     0     8     2
41.8717066410497     0.776030616388557     0     8     2
41.8849453867643     0.779945632255495     0     8     2
41.8981843459396     0.783757198416071     0     8     2
41.9114235176612     0.786920418371393     0     8     2
41.9246629010149     0.790005342594161     0     8     2
41.9379024950865     0.791400598252027     0     8     2
41.9511422989619     0.793857498106165     0     8     2
41.9643823117272     0.796824020347094     0     8     2
41.9776225324684     0.799574461738662     0     8     2
41.9908629602715     0.80164817366527     0     8     2
42.0041035942229     0.804084489948324     0     8     2
42.0173444334088     0.806645578027804     0     8     2
42.0305854769156     0.808973552283185     0     8     2
42.0438267238296     0.809805351252733     0     8     2
42.0570681732375     0.811362990450107     0     8     2
42.0703098242257     0.813832744402031     0     8     2
42.083551675881     0.815576517590308     0     8     2
42.09679372729     0.817057833890153     0     8     2
42.1100359775395     0.818600869581674     0     8     2
42.1232784257165     0.819989752443481     0     8     2
42.1365210709078     0.820752703146471     0     8     2
42.1497639122005     0.821970025086491     0     8     2
42.1630069486816     0.823076848623795     0     8     2
42.1762501794383     0.823940939582036     0     8     2
42.1894936035578     0.824993306950601     0     8     2
42.2027372201273     0.825912008252568     0     8     2
42.2159810282344     0.826309525503303     0     8     2
42.2292250269662     0.826822405195865     0     8     2
42.2424692154105     0.827494857081896     0     8     2
42.2557135926547     0.827753273533077     0     8     2
42.2689581577864     0.827892636091969     0     8     2
42.2822029098935     0.828171553724023     0     8     2
42.2954478480635     0.828054897847546     0     8     2
42.3086929713844     0.828148520473356     0     8     2
42.3219382789441     0.82772808905249     0     8     2
42.3351837698304     0.827215880418209     0     8     2
42.3484294431316     0.826683538504978     0     8     2
42.3616752979356     0.825709223391389     0     8     2
42.3749213333306     0.824717226597238     0     8     2
42.3881675484049     0.823471342489722     0     8     2
42.4014139422467     0.821931116782038     0     8     2
42.4146605139445     0.820667387979315     0     8     2
42.4279072625865     0.81843183272945     0     8     2
42.4411541872613     0.816335784984601     0     8     2
42.4544012870576     0.813191383816554     0     8     2
42.4676485610637     0.809770744680803     0     8     2
42.4808960083686     0.805932880152572     0     8     2
42.4941436280607     0.801504841402997     0     8     2
42.5073914192291     0.79761878660054     0     8     2
42.5206393809625     0.79220580254654     0     8     2
42.5338875123499     0.784908852497238     0     8     2
42.5471358124802     0.776527273383794     0     8     2
42.5603842804426     0.766861062654436     0     8     2
42.573632915326     0.756103009400902     0     8     2
42.5868817162196     0.742826668736942     0     8     2
42.6001306822128     0.73220192095841     0     8     2
42.6133798123947     0.716259420416468     0     8     2
42.6266291058547     0.697236498089362     0     8     2
42.6398785616822     0.677181233513099     0     8     2
42.6531281789667     0.658067372277621     0     8     2
42.6663779567977     0.636622565988353     0     8     2
42.6796278942648     0.618828599177067     0     8     2
42.6928779904575     0.612941132711578     0     8     2
42.7061282444657     0.60668220716508     0     8     2
42.719378655379     0.607345703028845     0     8     2
42.7326292222872     0.61418165699411     0     8     2
42.7458799442802     0.6268281536769     0     8     2
42.759130820448     0.64228643246146     0     8     2
42.7723818498804     0.660407827462009     0     8     2
42.7856330316676     0.68166854695524     0     8     2
42.7988843648995     0.69919842817752     0     8     2
42.8121358486664     0.715791044779958     0     8     2
42.8253874820585     0.730962616451092     0     8     2
42.8386392641659     0.74500841913782     0     8     2
42.8518911940789     0.757643005444151     0     8     2
42.865143270888     0.769582529029251     0     8     2
42.8783954936836     0.78011499055389     0     8     2
42.891647861556     0.790381923930856     0     8     2
42.9049003735958     0.79846569952379     0     8     2
42.9181530288935     0.805462178304337     0     8     2
42.9314058265398     0.811521172769755     0     8     2
42.9446587656254     0.816988308137778     0     8     2
42.9579118452409     0.82169342001429     0     8     2
42.9711650644771     0.825779629637021     0     8     2
42.9844184224248     0.829467249348366     0     8     2
42.9976719181749     0.832738234476344     0     8     2
43.0109255508184     0.835402675462308     0     8     2
43.0241793194461     0.837729429161581     0     8     2
43.0374332231491     0.839673015021966     0     8     2
43.0506872610184     0.841716314080398     0     8     2
43.0639414321452     0.843436725121189     0     8     2
43.0771957356206     0.845010036162398     0     8     2
43.0904501705359     0.846221082099163     0     8     2
43.1037047359822     0.847444977478805     0     8     2
43.1169594310509     0.848534453986854     0     8     2
43.1302142548334     0.849611007254811     0     8     2
43.1434692064209     0.850333722656462     0     8     2
43.1567242849051     0.851232351781769     0     8     2
43.1699794893773     0.851870538863425     0     8     2
43.183234818929     0.852698243306127     0     8     2
43.1964902726519     0.853199340213587     0     8     2
43.2097458496376     0.853746019550696     0     8     2
43.2230015489777     0.8542946743047     0     8     2
43.236257369764     0.854644595450669     0     8     2
43.2495133110882     0.855060110779563     0     8     2
43.2627693720421     0.85515308389649     0     8     2
43.2760255517175     0.855809735139207     0     8     2
43.2892818492064     0.855983147378821     0     8     2
43.3025382636006     0.856231956837641     0     8     2
43.3157947939921     0.856576743251218     0     8     2
43.3290514394729     0.856928203159165     0     8     2
43.3423081991352     0.857077809103825     0     8     2
43.3555650720708     0.857258058278977     0     8     2
43.3688220573721     0.857577028323925     0     8     2
43.3820791541312     0.85758601812764     0     8     2
43.3953363614402     0.857782346440722     0     8     2
43.4085936783915     0.857894418856991     0     8     2
43.4218511040773     0.858011518074763     0     8     2
43.43510863759     0.858368322569301     0     8     2
43.4483662780219     0.858241427851984     0     8     2
43.4616240244654     0.858478957050136     0     8     2
43.4748818760131     0.858665399614071     0     8     2
43.4881398317573     0.858492714329352     0     8     2
43.5013978907905     0.858745063500017     0     8     2
43.5146560522055     0.8587230520735     0     8     2
43.5279143150947     0.858805054941051     0     8     2
43.5411726785508     0.858956728946655     0     8     2
43.5544311416664     0.859057743013495     0     8     2
43.5676897035343     0.859151213832254     0     8     2
43.5809483632472     0.859129429265628     0     8     2
43.5942071198979     0.859391080496336     0     8     2
43.6074659725792     0.859534209303618     0     8     2
43.6207249203839     0.859370164804987     0     8     2
43.6339839624049     0.859487304175658     0     8     2
43.6472430977351     0.859481659155476     0     8     2
43.6605023254675     0.859693906320318     0     8     2
43.6737616446951     0.85976415438498     0     8     2
43.6870210545109     0.859778981396155     0     8     2
43.7002805540078     0.859841976077485     0     8     2
43.7135401422791     0.859981973251283     0     8     2
43.7267998184177     0.859837826551756     0     8     2
43.7400595815169     0.859967034569355     0     8     2
43.7533194306699     0.859848373062948     0     8     2
43.7665793649697     0.860096198318277     0     8     2
43.7798393835097     0.859924724472107     0     8     2
43.7930994853832     0.860100244239746     0     8     2
43.8063596696833     0.860113406556014     0     8     2
43.8196199355036     0.860224617556697     0     8     2
43.8328802819372     0.860372801424372     0     8     2
43.8461407080776     0.860146989286819     0     8     2
43.8594012130182     0.860315572877338     0     8     2
43.8726617958525     0.860206421438096     0     8     2
43.8859224556739     0.860273808814333     0     8     2
43.8991831915758     0.86046043859032     0     8     2
43.912444002652     0.86024302364087     0     8     2
43.9257048879957     0.860387251694868     0     8     2
43.9389658467008     0.860326062257504     0     8     2
43.9522268778607     0.86040924655153     0     8     2
43.9654879805692     0.860419755136893     0     8     2
43.9787491539198     0.860529773050436     0     8     2
43.9920103970062     0.860634890510074     0     8     2
44.0052717089222     0.860413802776373     0     8     2
44.0185330887614     0.860583183786205     0     8     2
44.0317945356177     0.860708489088739     0     8     2
44.0450560485848     0.860599970280608     0     8     2
44.0583176267565     0.860695371328975     0     8     2
44.0715792692266     0.86070674913012     0     8     2
44.0848409750891     0.86062189124165     0     8     2
44.0981027434377     0.860671185344876     0     8     2
44.1113645733664     0.860750107071536     0     8     2
44.1246264639691     0.860708862034894     0     8     2
44.1378884143397     0.86089022207139     0     8     2
44.1511504235722     0.860587921510348     0     8     2
44.1644124907606     0.860807547682236     0     8     2
44.1776746149988     0.860704020688655     0     8     2
44.190936795381     0.860894474812638     0     8     2
44.2041990310011     0.860750208632073     0     8     2
44.2174613209532     0.860894173534493     0     8     2
44.2307236643314     0.860818713118161     0     8     2
44.2439860602298     0.861024536202582     0     8     2
44.2572485077426     0.860871187222638     0     8     2
44.2705110059638     0.861027880845128     0     8     2
44.2837735539876     0.860948191145742     0     8     2
44.2970361509082     0.860925974292631     0     8     2
44.3102987958199     0.860793233606109     0     8     2
44.3235614878167     0.86108528951436     0     8     2
44.336824225993     0.86095579200639     0     8     2
44.3500870094429     0.861166702160394     0     8     2
44.3633498372608     0.860947033394936     0     8     2
44.376612708541     0.861060703284383     0     8     2
44.3898756223776     0.861072387289333     0     8     2
44.4031385778651     0.861207487807067     0     8     2
44.4164015740977     0.860875635519794     0     8     2
44.4296646101698     0.861085330264399     0     8     2
44.4429276851758     0.861014076155637     0     8     2
44.45619079821     0.86114082024031     0     8     2
44.4694539483668     0.861133339966578     0     8     2
44.4827171347406     0.861044429457239     0     8     2
44.4959803564257     0.861104859382494     0     8     2
44.5092436125167     0.861208690172055     0     8     2
44.522506902108     0.861080284877997     0     8     2
44.5357702242939     0.861202086225962     0     8     2
44.549033578169     0.861150512697794     0     8     2
44.5622969628277     0.861211471860906     0     8     2
44.5755603773645     0.861199736821202     0     8     2
44.5888238208739     0.861230965037428     0     8     2
44.6020872924504     0.861006284307735     0     8     2
44.6153507911885     0.861196880874936     0     8     2
44.6286143161827     0.861359344810286     0     8     2
44.6418778665275     0.8610984106434     0     8     2
44.6551414413176     0.861221460273704     0     8     2
44.6684050396474     0.861296626818929     0     8     2
44.6816686606115     0.861183439633088     0     8     2
44.6949323033044     0.861202467407587     0     8     2
44.7081959668207     0.861085538428477     0     8     2
44.7214596502551     0.861273904825136     0     8     2
44.7347233527021     0.860988875869227     0     8     2
44.7479870732562     0.861268758672937     0     8     2
44.7612508110122     0.861033718792339     0     8     2
44.7745145650645     0.861179692581117     0     8     2
44.7877783345079     0.861221314521772     0     8     2
44.8010421184369     0.861010127743482     0     8     2
44.8143059159461     0.861074295724683     0     8     2
44.8275697261302     0.86107443680429     0     8     2
44.8408335480838     0.861022746294088     0     8     2
44.8540973809016     0.861200788798738     0     8     2
44.8673612236781     0.860932484778795     0     8     2
44.8806250755081     0.861199351443431     0     8     2
44.8938889354862     0.861039663184182     0     8     2
44.9071528027069     0.860943025113396     0     8     2
44.9204166762651     0.861192753869328     0     8     2
44.9336805552553     0.861069506473789     0     8     2
44.9469444387722     0.860995212516309     0     8     2
44.9602083259105     0.861018328931978     0     8     2
44.9734722157648     0.861072423826608     0     8     2
44.9867361074297     0.861061080943813     0     8     2
45     0.861051851189637     0     8     2
