44.9867361074297     0.860247517620205     0     2     -6
44.9734722157648     0.859993351987132     0     2     -6
44.9602083259105     0.860058397465389     0     2     -6
44.9469444387722     0.860343328894738     0     2     -6
44.9336805552553     0.860520401151491     0     2     -6
44.9204166762651     0.860182489490048     0     2     -6
44.9071528027069     0.860158792654594     0     2     -6
44.8938889354862     0.860134321563327     0     2     -6
44.8806250755081     0.860081775250915     0     2     -6
44.8673612236781     0.860235541495045     0     2     -6
44.8540973809016     0.860209138307228     0     2     -6
44.8408335480838     0.860396694376219     0     2     -6
44.8275697261302     0.860236962051731     0     2     -6
44.8143059159461     0.860663352295295     0     2     -6
44.8010421184369     0.860546134313421     0     2     -6
44.7877783345079     0.860153870113058     0     2     -6
44.7745145650645     0.860221470658209     0     2     -6
44.7612508110122     0.860214829282384     0     2     -6
44.7479870732562     0.86062154887578     0     2     -6
44.7347233527021     0.860316946645589     0     2     -6
44.7214596502551     0.860365034440036     0     2     -6
44.7081959668207     0.860746414621741     0     2     -6
44.6949323033044     0.860361247466832     0     2     -6
44.6816686606115     0.860418867137905     0     2     -6
44.6684050396474     0.860707529928393     0     2     -6
44.6551414413176     0.860394181597907     0     2     -6
44.6418778665275     0.86084881405625     0     2     -6
44.6286143161827     0.860600996633579     0     2     -6
44.6153507911885     0.860584493615578     0     2     -6
44.6020872924504     0.860572741763765     0     2     -6
44.5888238208739     0.860383603655483     0     2     -6
44.5755603773645     0.860574736439373     0     2     -6
44.5622969628277     0.860619121702174     0     2     -6
44.549033578169     0.860929530364699     0     2     -6
44.5357702242939     0.860691379923173     0     2     -6
44.522506902108     0.860613889436149     0     2     -6
44.5092436125167     0.86063053084219     0     2     -6
44.4959803564257     0.860592692831708     0     2     -6
44.4827171347406     0.861112300272675     0     2     -6
44.4694539483668     0.860578191591503     0     2     -6
44.45619079821     0.860665283234977     0     2     -6
44.4429276851758     0.860890759440745     0     2     -6
44.4296646101698     0.860949523884465     0     2     -6
44.4164015740977     0.860568742839462     0     2     -6
44.4031385778651     0.860754202015412     0     2     -6
44.3898756223776     0.860980194625349     0     2     -6
44.376612708541     0.860778727211495     0     2     -6
44.3633498372608     0.860742336736295     0     2     -6
44.3500870094429     0.86084069372837     0     2     -6
44.336824225993     0.860826831238586     0     2     -6
44.3235614878167     0.860125810560258     0     2     -6
44.3102987958199     0.860675127628796     0     2     -6
44.2970361509082     0.860822371139619     0     2     -6
44.2837735539876     0.861245445393308     0     2     -6
44.2705110059638     0.860938920406513     0     2     -6
44.2572485077426     0.861039798974977     0     2     -6
44.2439860602298     0.860798500148137     0     2     -6
44.2307236643314     0.860854230181138     0     2     -6
44.2174613209532     0.860894178118393     0     2     -6
44.2041990310011     0.860842243576748     0     2     -6
44.190936795381     0.860826660666004     0     2     -6
44.1776746149988     0.860996605470318     0     2     -6
44.1644124907606     0.860905997359225     0     2     -6
44.1511504235722     0.860825165515673     0     2     -6
44.1378884143397     0.860855874649456     0     2     -6
44.1246264639691     0.860848300665748     0     2     -6
44.1113645733664     0.860799959097285     0     2     -6
44.0981027434377     0.860880116076516     0     2     -6
44.0848409750891     0.860860497425221     0     2     -6
44.0715792692266     0.860823084984925     0     2     -6
44.0583176267565     0.860735834793724     0     2     -6
44.0450560485848     0.861050185171223     0     2     -6
44.0317945356177     0.860728974138959     0     2     -6
44.0185330887614     0.860869122520112     0     2     -6
44.0052717089222     0.860830767959086     0     2     -6
43.9920103970062     0.860717913380031     0     2     -6
43.9787491539198     0.860608247213443     0     2     -6
43.9654879805692     0.861124288093371     0     2     -6
43.9522268778607     0.860563082084166     0     2     -6
43.9389658467008     0.860652418181746     0     2     -6
43.9257048879957     0.860485235348085     0     2     -6
43.912444002652     0.860594430684446     0     2     -6
43.8991831915758     0.860514059978934     0     2     -6
43.8859224556739     0.860615105634458     0     2     -6
43.8726617958525     0.860557987397285     0     2     -6
43.8594012130182     0.860550071716012     0     2     -6
43.8461407080776     0.860415679337404     0     2     -6
43.8328802819372     0.860474912835317     0     2     -6
43.8196199355036     0.860673481427319     0     2     -6
43.8063596696833     0.860895913416179     0     2     -6
43.7930994853832     0.860342606521042     0     2     -6
43.7798393835097     0.860400263135642     0     2     -6
43.7665793649697     0.860382689844945     0     2     -6
43.7533194306699     0.860388365470214     0     2     -6
43.7400595815169     0.860628850535038     0     2     -6
43.7267998184177     0.860290879411114     0     2     -6
43.7135401422791     0.860795054697438     0     2     -6
43.7002805540078     0.860144824081914     0     2     -6
43.6870210545109     0.860554164070747     0     2     -6
43.6737616446951     0.860201122871096     0     2     -6
43.6605023254675     0.860311010095947     0     2     -6
43.6472430977351     0.860123655198556     0     2     -6
43.6339839624049     0.860182950337204     0     2     -6
43.6207249203839     0.860146389053504     0     2     -6
43.6074659725792     0.860625719119855     0     2     -6
43.5942071198979     0.860379086061766     0     2     -6
43.5809483632472     0.860420491936593     0     2     -6
43.5676897035343     0.859890066971462     0     2     -6
43.5544311416664     0.859935241152082     0     2     -6
43.5411726785508     0.859908944283002     0     2     -6
43.5279143150947     0.85985281162843     0     2     -6
43.5146560522055     0.859809480615164     0     2     -6
43.5013978907905     0.859801406442827     0     2     -6
43.4881398317573     0.860052716476262     0     2     -6
43.4748818760131     0.860027732747453     0     2     -6
43.4616240244654     0.859809720670305     0     2     -6
43.4483662780219     0.859521881517997     0     2     -6
43.43510863759     0.859732945118981     0     2     -6
43.4218511040773     0.859481069671206     0     2     -6
43.4085936783915     0.859563313379364     0     2     -6
43.3953363614402     0.859443416200409     0     2     -6
43.3820791541312     0.859365024744189     0     2     -6
43.3688220573721     0.859424102536761     0     2     -6
43.3555650720708     0.859486585610654     0     2     -6
43.3423081991352     0.859083556075489     0     2     -6
43.3290514394729     0.859112827347443     0     2     -6
43.3157947939921     0.859284761613343     0     2     -6
43.3025382636006     0.859156899737499     0     2     -6
43.2892818492064     0.859035964797626     0     2     -6
43.2760255517175     0.859057649780176     0     2     -6
43.2627693720421     0.858999460067192     0     2     -6
43.2495133110882     0.85890137161639     0     2     -6
43.236257369764     0.858934098834675     0     2     -6
43.2230015489777     0.858867028028456     0     2     -6
43.2097458496376     0.858839960507586     0     2     -6
43.1964902726519     0.858734853274423     0     2     -6
43.183234818929     0.858698350334209     0     2     -6
43.1699794893773     0.858735944073898     0     2     -6
43.1567242849051     0.858575970182642     0     2     -6
43.1434692064209     0.858794323246648     0     2     -6
43.1302142548334     0.858414450290894     0     2     -6
43.1169594310509     0.858175522552088     0     2     -6
43.1037047359822     0.858340769255912     0     2     -6
43.0904501705359     0.858290914748422     0     2     -6
43.0771957356206     0.858583022663941     0     2     -6
43.0639414321452     0.858054289892212     0     2     -6
43.0506872610184     0.85801891408721     0     2     -6
43.0374332231491     0.857753841845999     0     2     -6
43.0241793194461     0.857854926752624     0     2     -6
43.0109255508184     0.857724013672516     0     2     -6
42.9976719181749     0.857664700867445     0     2     -6
42.9844184224248     0.857454721342694     0     2     -6
42.9711650644771     0.857510894274374     0     2     -6
42.9579118452409     0.857312031096362     0     2     -6
42.9446587656254     0.857231325629467     0     2     -6
42.9314058265398     0.857183714402139     0     2     -6
42.9181530288935     0.856982129364487     0     2     -6
42.9049003735958     0.857007576063088     0     2     -6
42.891647861556     0.856631826833478     0     2     -6
42.8783954936836     0.856521976880518     0     2     -6
42.865143270888     0.856382094689263     0     2     -6
42.8518911940789     0.856235130516048     0     2     -6
42.8386392641659     0.856122894081514     0     2     -6
42.8253874820585     0.85606711804869     0     2     -6
42.8121358486664     0.855814676590243     0     2     -6
42.7988843648995     0.855673824500904     0     2     -6
42.7856330316676     0.855476094913417     0     2     -6
42.7723818498804     0.855360577773538     0     2     -6
42.759130820448     0.855229039535341     0     2     -6
42.7458799442802     0.855035128342009     0     2     -6
42.7326292222872     0.854801774218012     0     2     -6
42.719378655379     0.854509502420745     0     2     -6
42.7061282444657     0.854319668674491     0     2     -6
42.6928779904575     0.854122857815897     0     2     -6
42.6796278942648     0.853813592848395     0     2     -6
42.6663779567977     0.853555414488852     0     2     -6
42.6531281789667     0.853754909491946     0     2     -6
42.6398785616822     0.852856576531901     0     2     -6
42.6266291058547     0.852297433214854     0     2     -6
42.6133798123947     0.852046596003253     0     2     -6
42.6001306822128     0.851486613148098     0     2     -6
42.5868817162196     0.851250982669381     0     2     -6
42.573632915326     0.850737342609725     0     2     -6
42.5603842804426     0.850519123347832     0     2     -6
42.5471358124802     0.849849153591113     0     2     -6
42.5338875123499     0.849717339117739     0     2     -6
42.5206393809625     0.848949508340687     0     2     -6
42.5073914192291     0.848867708011156     0     2     -6
42.4941436280607     0.847743315641108     0     2     -6
42.4808960083686     0.847215960416694     0     2     -6
42.4676485610637     0.846368433980154     0     2     -6
42.4544012870576     0.845736350114188     0     2     -6
42.4411541872613     0.84537952677732     0     2     -6
42.4279072625865     0.844277528809887     0     2     -6
42.4146605139445     0.843236547321661     0     2     -6
42.4014139422467     0.84320105898173     0     2     -6
42.3881675484049     0.842815094080311     0     2     -6
42.3749213333306     0.842091231829598     0     2     -6
42.3616752979356     0.841983409176038     0     2     -6
42.3484294431316     0.841495107290877     0     2     -6
42.3351837698304     0.84105970307825     0     2     -6
42.3219382789441     0.841112862983452     0     2     -6
42.3086929713844     0.840461988106334     0     2     -6
42.2954478480635     0.840426079941718     0     2     -6
42.2822029098935     0.83988121315737     0     2     -6
42.2689581577864     0.83928508833247     0     2     -6
42.2557135926547     0.838724757508269     0     2     -6
42.2424692154105     0.838284070290662     0     2     -6
42.2292250269662     0.837769027541747     0     2     -6
42.2159810282344     0.83711928656569     0     2     -6
42.2027372201273     0.836457794544907     0     2     -6
42.1894936035578     0.835680293973902     0     2     -6
42.1762501794383     0.835160356765328     0     2     -6
42.1630069486816     0.834184455059298     0     2     -6
42.1497639122005     0.832967608860278     0     2     -6
42.1365210709078     0.831964414369206     0     2     -6
42.1232784257165     0.831260727076505     0     2     -6
42.1100359775395     0.829602853007993     0     2     -6
42.09679372729     0.828431275466891     0     2     -6
42.083551675881     0.827027458484364     0     2     -6
42.0703098242257     0.82551150557599     0     2     -6
42.0570681732375     0.824415768522796     0     2     -6
42.0438267238296     0.822537464374559     0     2     -6
42.0305854769156     0.820887502207052     0     2     -6
42.0173444334088     0.819063618251472     0     2     -6
42.0041035942229     0.817549137663225     0     2     -6
41.9908629602715     0.815263885333156     0     2     -6
41.9776225324684     0.813254733482434     0     2     -6
41.9643823117272     0.811010485901718     0     2     -6
41.9511422989619     0.808974841055622     0     2     -6
41.9379024950865     0.806957689740621     0     2     -6
41.9246629010149     0.803985678076167     0     2     -6
41.9114235176612     0.801429503530948     0     2     -6
41.8981843459396     0.79887925255527     0     2     -6
41.8849453867643     0.795778414908205     0     2     -6
41.8717066410497     0.792827361191473     0     2     -6
41.8584681097102     0.789556435527866     0     2     -6
41.8452297936601     0.786517947599752     0     2     -6
41.8319916938142     0.782873414021379     0     2     -6
41.8187538110869     0.779485625093413     0     2     -6
41.8055161463931     0.775775434001653     0     2     -6
41.7922787006474     0.772048609573654     0     2     -6
41.7790414747648     0.767989011651668     0     2     -6
41.7658044696602     0.763502803678577     0     2     -6
41.7525676862486     0.75996099685191     0     2     -6
41.7393311254452     0.755638068169543     0     2     -6
41.726094788165     0.750597227190807     0     2     -6
41.7128586753234     0.745891164837908     0     2     -6
41.6996227878358     0.740882746434081     0     2     -6
41.6863871266174     0.735780641976446     0     2     -6
41.673151692584     0.730246453258229     0     2     -6
41.6599164866509     0.725270319396653     0     2     -6
41.646681509734     0.719279721068206     0     2     -6
41.6334467627489     0.713377435906822     0     2     -6
41.6202122466115     0.706634503556014     0     2     -6
41.6069779622377     0.700912021087757     0     2     -6
41.5937439105435     0.694923070977745     0     2     -6
41.580510092445     0.688490164570472     0     2     -6
41.5672765088584     0.681657712550255     0     2     -6
41.5540431606999     0.675310822096882     0     2     -6
41.5408100488858     0.667480706864871     0     2     -6
41.5275771743327     0.660306920404907     0     2     -6
41.5143445379569     0.652946962832258     0     2     -6
41.5011121406751     0.644913391204704     0     2     -6
41.487879983404     0.637032033168799     0     2     -6
41.4746480670603     0.629314648129116     0     2     -6
41.4614163925608     0.621351170307895     0     2     -6
41.4481849608227     0.612565093030341     0     2     -6
41.4349537727627     0.603940536535723     0     2     -6
41.4217228292982     0.595852518995772     0     2     -6
41.4084921313462     0.586834465386801     0     2     -6
41.395261679824     0.577354668486507     0     2     -6
41.3820314756491     0.568167431793232     0     2     -6
41.368801519739     0.558543453841517     0     2     -6
41.3555718130111     0.548259634397735     0     2     -6
41.3423423563831     0.538239920227627     0     2     -6
41.3291131507728     0.528217548174711     0     2     -6
41.315884197098     0.517698184786304     0     2     -6
41.3026554962766     0.506128902687709     0     2     -6
41.2894270492266     0.496136510999343     0     2     -6
41.2761988568661     0.48467133723891     0     2     -6
41.2629709201134     0.473657496120818     0     2     -6
41.2497432398867     0.46148854071885     0     2     -6
41.2365158171043     0.450303258636624     0     2     -6
41.2232886526848     0.438986164107735     0     2     -6
41.2100617475467     0.4273372746078     0     2     -6
41.1968351026086     0.414202613486533     0     2     -6
41.1836087187894     0.402649422311417     0     2     -6
41.1703825970079     0.389843542587582     0     2     -6
41.1571567381829     0.378195055944936     0     2     -6
41.1439311432336     0.365369921668137     0     2     -6
41.130705813079     0.353205116949954     0     2     -6
41.1174807486384     0.340334872305863     0     2     -6
41.1042559508312     0.328458636287253     0     2     -6
41.0910314205766     0.316329145298453     0     2     -6
41.0778071587943     0.304742737505932     0     2     -6
41.0645831664038     0.292744831222795     0     2     -6
41.0513594443248     0.281825675143405     0     2     -6
41.0381359934772     0.270487397397484     0     2     -6
41.0249128147808     0.259479147996928     0     2     -6
41.0116899091557     0.248826290519775     0     2     -6
40.9984672775219     0.238799710051916     0     2     -6
40.9852449207996     0.228435925124217     0     2     -6
40.9720228399091     0.218911383196832     0     2     -6
40.9588010357708     0.209539479106335     0     2     -6
40.9455795093053     0.201220624265123     0     2     -6
40.932358261433     0.191915406699947     0     2     -6
40.9191372930747     0.183588252497818     0     2     -6
40.9059166051511     0.175487050741381     0     2     -6
40.8926961985833     0.168369211144987     0     2     -6
40.8794760742921     0.161332427815684     0     2     -6
40.8662562331986     0.155519533363953     0     2     -6
40.8530366762241     0.148319556881376     0     2     -6
40.8398174042898     0.143416995099108     0     2     -6
40.8265984183172     0.13813204154974     0     2     -6
40.8133797192277     0.132935034485183     0     2     -6
40.800161307943     0.128479508551343     0     2     -6
40.7869431853848     0.124391648674559     0     2     -6
40.7737253524748     0.120212839854504     0     2     -6
40.7605078101351     0.117119469153191     0     2     -6
40.7472905592876     0.113460344782159     0     2     -6
40.7340736008544     0.111435876635648     0     2     -6
40.7208569357578     0.109382851815193     0     2     -6
40.7076405649202     0.106968906095237     0     2     -6
40.6944244892639     0.104911372313829     0     2     -6
40.6812087097115     0.103405547849335     0     2     -6
40.6679932271857     0.101912023139314     0     2     -6
40.6547780426093     0.10122207397803     0     2     -6
40.6415631569051     0.100134943221274     0     2     -6
40.628348570996     0.0993755554492504     0     2     -6
40.6151342858053     0.0987635002950952     0     2     -6
40.601920302256     0.0987354045874891     0     2     -6
40.5887066212714     0.0983735016534554     0     2     -6
40.5754932437751     0.0983677434297688     0     2     -6
40.5622801706905     0.0982395867560352     0     2     -6
40.5490674029412     0.0987281865857342     0     2     -6
40.5358549414509     0.0988766577546486     0     2     -6
40.5226427871436     0.098698828683126     0     2     -6
40.5094309409432     0.0990819187280927     0     2     -6
40.4962194037737     0.0995834508866337     0     2     -6
40.4830081765594     0.0996623548052638     0     2     -6
40.4697972602245     0.0997948992644272     0     2     -6
40.4565866556934     0.100244533252545     0     2     -6
40.4433763638906     0.101241334588122     0     2     -6
40.4301663857409     0.100843535376472     0     2     -6
40.4169567221688     0.101031124313499     0     2     -6
40.4037473740993     0.101240329879773     0     2     -6
40.3905383424574     0.10156624231384     0     2     -6
40.3773296281681     0.102089890566236     0     2     -6
40.3641212321566     0.101990114737042     0     2     -6
