40.3773296281681     0.0907517436791372     0     -4     10
40.3905383424574     0.0910315478255119     0     -4     10
40.4037473740993     0.0912967497608763     0     -4     10
40.4169567221688     0.0908452485084476     0     -4     10
40.4301663857409     0.0907337393226509     0     -4     10
40.4433763638906     0.0908858728216912     0     -4     10
40.4565866556934     0.0910221186461511     0     -4     10
40.4697972602245     0.0907575220219799     0     -4     10
40.4830081765594     0.0906861116378809     0     -4     10
40.4962194037737     0.0911207100246079     0     -4     10
40.5094309409432     0.0909052186115804     0     -4     10
40.5226427871436     0.0905277935088331     0     -4     10
40.5358549414509     0.0902164496864234     0     -4     10
40.5490674029412     0.0908799090807727     0     -4     10
40.5622801706905     0.0906277042983845     0     -4     10
40.5754932437751     0.0908052073258937     0     -4     10
40.5887066212714     0.0907445478077537     0     -4     10
40.601920302256     0.0908021246350668     0     -4     10
40.6151342858053     0.0906046128814467     0     -4     10
40.628348570996     0.0904472360921216     0     -4     10
40.6415631569051     0.0902553154965343     0     -4     10
40.6547780426093     0.0904412619439613     0     -4     10
40.6679932271857     0.0903398659849596     0     -4     10
40.6812087097115     0.0901358134778741     0     -4     10
40.6944244892639     0.0903673646268028     0     -4     10
40.7076405649202     0.0902888130474819     0     -4     10
40.7208569357578     0.0900120295683136     0     -4     10
40.7340736008544     0.0898278572508995     0     -4     10
40.7472905592876     0.0894717542642967     0     -4     10
40.7605078101351     0.0897684774663836     0     -4     10
40.7737253524748     0.0904128707803902     0     -4     10
40.7869431853848     0.0899333712756554     0     -4     10
40.800161307943     0.090015651099938     0     -4     10
40.8133797192277     0.0902298371208963     0     -4     10
40.8265984183172     0.0904532708096852     0     -4     10
40.8398174042898     0.0899435002494628     0     -4     10
40.8530366762241     0.0904486929355002     0     -4     10
40.8662562331986     0.089723860845445     0     -4     10
40.8794760742921     0.0898216329440929     0     -4     10
40.8926961985833     0.089870767614841     0     -4     10
40.9059166051511     0.0900696912731058     0     -4     10
40.9191372930747     0.0892687180292207     0     -4     10
40.932358261433     0.0892692586110959     0     -4     10
40.9455795093053     0.0897602960585775     0     -4     10
40.9588010357708     0.0893152179942949     0     -4     10
40.9720228399091     0.0895945257545093     0     -4     10
40.9852449207996     0.089616325202169     0     -4     10
40.9984672775219     0.0892200721212662     0     -4     10
41.0116899091557     0.0887459750569274     0     -4     10
41.0249128147808     0.0890770351690958     0     -4     10
41.0381359934772     0.0889770271369514     0     -4     10
41.0513594443248     0.0888694528766933     0     -4     10
41.0645831664038     0.0885160268860876     0     -4     10
41.0778071587943     0.0885681690439539     0     -4     10
41.0910314205766     0.0882948479997976     0     -4     10
41.1042559508312     0.0882050899814897     0     -4     10
41.1174807486384     0.0877298848025012     0     -4     10
41.130705813079     0.0881118563805695     0     -4     10
41.1439311432336     0.0882441036857829     0     -4     10
41.1571567381829     0.0879328502927363     0     -4     10
41.1703825970079     0.0880680605808357     0     -4     10
41.1836087187894     0.0881819399386427     0     -4     10
41.1968351026086     0.0879333555902122     0     -4     10
41.2100617475467     0.0879149867286502     0     -4     10
41.2232886526848     0.0878244552189799     0     -4     10
41.2365158171043     0.0875307986243193     0     -4     10
41.2497432398867     0.0872577731936642     0     -4     10
41.2629709201134     0.0871989591918597     0     -4     10
41.2761988568661     0.0870571426634754     0     -4     10
41.2894270492266     0.0872710628970781     0     -4     10
41.3026554962766     0.0871774834400198     0     -4     10
41.315884197098     0.0874525024758309     0     -4     10
41.3291131507728     0.0869044208995322     0     -4     10
41.3423423563831     0.0872268007028424     0     -4     10
41.3555718130111     0.0871235106369758     0     -4     10
41.368801519739     0.0866187898690441     0     -4     10
41.3820314756491     0.0871547589867173     0     -4     10
41.395261679824     0.0870713616329716     0     -4     10
41.4084921313462     0.087388102155098     0     -4     10
41.4217228292982     0.0874467848450385     0     -4     10
41.4349537727627     0.0875053174949648     0     -4     10
41.4481849608227     0.0875174043162692     0     -4     10
41.4614163925608     0.0873560223830799     0     -4     10
41.4746480670603     0.087639527437517     0     -4     10
41.487879983404     0.0876389656277847     0     -4     10
41.5011121406751     0.0876222383072983     0     -4     10
41.5143445379569     0.0876707731010777     0     -4     10
41.5275771743327     0.087546129813121     0     -4     10
41.5408100488858     0.0875299468654779     0     -4     10
41.5540431606999     0.0875725210054095     0     -4     10
41.5672765088584     0.0873244343839441     0     -4     10
41.580510092445     0.0878147202239234     0     -4     10
41.5937439105435     0.0876961200040124     0     -4     10
41.6069779622377     0.0877064321253731     0     -4     10
41.6202122466115     0.0874958444527988     0     -4     10
41.6334467627489     0.0883834337552698     0     -4     10
41.646681509734     0.0879962129363102     0     -4     10
41.6599164866509     0.0879313165513132     0     -4     10
41.673151692584     0.0879243520270139     0     -4     10
41.6863871266174     0.0880197502432894     0     -4     10
41.6996227878358     0.0879682615741512     0     -4     10
41.7128586753234     0.087839366295832     0     -4     10
41.726094788165     0.0874882190146079     0     -4     10
41.7393311254452     0.0876547870986699     0     -4     10
41.7525676862486     0.0879134826350746     0     -4     10
41.7658044696602     0.0875233415856631     0     -4     10
41.7790414747648     0.0873085304389443     0     -4     10
41.7922787006474     0.0878286011817284     0     -4     10
41.8055161463931     0.0873667953212319     0     -4     10
41.8187538110869     0.0869016318228883     0     -4     10
41.8319916938142     0.0874794817376037     0     -4     10
41.8452297936601     0.0874586001781133     0     -4     10
41.8584681097102     0.0878206765205828     0     -4     10
41.8717066410497     0.0877405584054818     0     -4     10
41.8849453867643     0.0873118911468575     0     -4     10
41.8981843459396     0.0876972052220714     0     -4     10
41.9114235176612     0.0873541828165714     0     -4     10
41.9246629010149     0.0871976452461484     0     -4     10
41.9379024950865     0.0872952629904462     0     -4     10
41.9511422989619     0.0871028949679155     0     -4     10
41.9643823117272     0.0867417254289297     0     -4     10
41.9776225324684     0.0867660757913791     0     -4     10
41.9908629602715     0.087133470596896     0     -4     10
42.0041035942229     0.0871145849488039     0     -4     10
42.0173444334088     0.0872581858674067     0     -4     10
42.0305854769156     0.0867943353101967     0     -4     10
42.0438267238296     0.0868527440618642     0     -4     10
42.0570681732375     0.0865317443841693     0     -4     10
42.0703098242257     0.0866140658801368     0     -4     10
42.083551675881     0.0871425545538652     0     -4     10
42.09679372729     0.0863568550725447     0     -4     10
42.1100359775395     0.0866765405655134     0     -4     10
42.1232784257165     0.086036023654593     0     -4     10
42.1365210709078     0.0864784344428897     0     -4     10
42.1497639122005     0.0863855307783294     0     -4     10
42.1630069486816     0.0863755934213453     0     -4     10
42.1762501794383     0.0862653718836578     0     -4     10
42.1894936035578     0.086296803439659     0     -4     10
42.2027372201273     0.0860875754250548     0     -4     10
42.2159810282344     0.0860445092615316     0     -4     10
42.2292250269662     0.0859791859143688     0     -4     10
42.2424692154105     0.0857196988160312     0     -4     10
42.2557135926547     0.0858441221920971     0     -4     10
42.2689581577864     0.0858702314771794     0     -4     10
42.2822029098935     0.085808273164213     0     -4     10
42.2954478480635     0.0856083474690452     0     -4     10
42.3086929713844     0.0853780731076652     0     -4     10
42.3219382789441     0.0857153637683733     0     -4     10
42.3351837698304     0.0853165051888651     0     -4     10
42.3484294431316     0.0848262646238026     0     -4     10
42.3616752979356     0.0854570411141933     0     -4     10
42.3749213333306     0.085627760376233     0     -4     10
42.3881675484049     0.0852519579624043     0     -4     10
42.4014139422467     0.0855752908911681     0     -4     10
42.4146605139445     0.0858133736640818     0     -4     10
42.4279072625865     0.0853733845532265     0     -4     10
42.4411541872613     0.0852933558396211     0     -4     10
42.4544012870576     0.0851453899549709     0     -4     10
42.4676485610637     0.0848862114865239     0     -4     10
42.4808960083686     0.0855797008425322     0     -4     10
42.4941436280607     0.0850303369283115     0     -4     10
42.5073914192291     0.0846633861529389     0     -4     10
42.5206393809625     0.0849315697335117     0     -4     10
42.5338875123499     0.0845271783935786     0     -4     10
42.5471358124802     0.084262107312574     0     -4     10
42.5603842804426     0.0844702375573523     0     -4     10
42.573632915326     0.0848316866158475     0     -4     10
42.5868817162196     0.0842608538804558     0     -4     10
42.6001306822128     0.0842150689934414     0     -4     10
42.6133798123947     0.0851112504190608     0     -4     10
42.6266291058547     0.0844750294262083     0     -4     10
42.6398785616822     0.0847563542393055     0     -4     10
42.6531281789667     0.0846179633278683     0     -4     10
42.6663779567977     0.0846332322759531     0     -4     10
42.6796278942648     0.0845754727833783     0     -4     10
42.6928779904575     0.0835684888721793     0     -4     10
42.7061282444657     0.0838890176540072     0     -4     10
42.719378655379     0.0840567198254241     0     -4     10
42.7326292222872     0.0835016972334509     0     -4     10
42.7458799442802     0.0836086430025009     0     -4     10
42.759130820448     0.0840971474099171     0     -4     10
42.7723818498804     0.0839650745629914     0     -4     10
42.7856330316676     0.0836176786180953     0     -4     10
42.7988843648995     0.0834777153469634     0     -4     10
42.8121358486664     0.0834155021224042     0     -4     10
42.8253874820585     0.0837406580567517     0     -4     10
42.8386392641659     0.0837379884164251     0     -4     10
42.8518911940789     0.0835557604731679     0     -4     10
42.865143270888     0.0833779895184471     0     -4     10
42.8783954936836     0.0833940182284787     0     -4     10
42.891647861556     0.083419644353632     0     -4     10
42.9049003735958     0.0829853260187257     0     -4     10
42.9181530288935     0.0830406929975949     0     -4     10
42.9314058265398     0.0828632931840227     0     -4     10
42.9446587656254     0.0831667516575817     0     -4     10
42.9579118452409     0.0830339373926138     0     -4     10
42.9711650644771     0.083351113994408     0     -4     10
42.9844184224248     0.0829709222513455     0     -4     10
42.9976719181749     0.0832710701498258     0     -4     10
43.0109255508184     0.0831612472054421     0     -4     10
43.0241793194461     0.0827464101985898     0     -4     10
43.0374332231491     0.0832891365091657     0     -4     10
43.0506872610184     0.0830053794038052     0     -4     10
43.0639414321452     0.0830511949623243     0     -4     10
43.0771957356206     0.0827800065243853     0     -4     10
43.0904501705359     0.0830800031993471     0     -4     10
43.1037047359822     0.0824831582245945     0     -4     10
43.1169594310509     0.0820383816330453     0     -4     10
43.1302142548334     0.0824139843394677     0     -4     10
43.1434692064209     0.0820007252347855     0     -4     10
43.1567242849051     0.0826132108887074     0     -4     10
43.1699794893773     0.0822496712327931     0     -4     10
43.183234818929     0.0824381376076843     0     -4     10
43.1964902726519     0.0820291540686617     0     -4     10
43.2097458496376     0.0824324928009078     0     -4     10
43.2230015489777     0.0819684176026027     0     -4     10
43.236257369764     0.0822952982981442     0     -4     10
43.2495133110882     0.0823505565184941     0     -4     10
43.2627693720421     0.0816933498039469     0     -4     10
43.2760255517175     0.0823725398470019     0     -4     10
43.2892818492064     0.0820772919003922     0     -4     10
43.3025382636006     0.0822405732177003     0     -4     10
43.3157947939921     0.0819916857943101     0     -4     10
43.3290514394729     0.0817891314908023     0     -4     10
43.3423081991352     0.0816607355485969     0     -4     10
43.3555650720708     0.0808925467546762     0     -4     10
43.3688220573721     0.0817039292868714     0     -4     10
43.3820791541312     0.0818327660045448     0     -4     10
43.3953363614402     0.0819785502646634     0     -4     10
43.4085936783915     0.0817177317705619     0     -4     10
43.4218511040773     0.0811505732802798     0     -4     10
43.43510863759     0.0811821827545197     0     -4     10
43.4483662780219     0.0816691185420313     0     -4     10
43.4616240244654     0.0811854886128121     0     -4     10
43.4748818760131     0.0811813040084504     0     -4     10
43.4881398317573     0.0814908519987915     0     -4     10
43.5013978907905     0.0807750022535934     0     -4     10
43.5146560522055     0.0812584979015993     0     -4     10
43.5279143150947     0.0811616632240976     0     -4     10
43.5411726785508     0.0809720182742386     0     -4     10
43.5544311416664     0.0804063643505419     0     -4     10
43.5676897035343     0.0806705772350911     0     -4     10
43.5809483632472     0.0805103090858445     0     -4     10
43.5942071198979     0.0807429230553115     0     -4     10
43.6074659725792     0.080849518354042     0     -4     10
43.6207249203839     0.0808606245963842     0     -4     10
43.6339839624049     0.0807314592170149     0     -4     10
43.6472430977351     0.0807858819119445     0     -4     10
43.6605023254675     0.0797418259248739     0     -4     10
43.6737616446951     0.08089743965753     0     -4     10
43.6870210545109     0.0805455176599113     0     -4     10
43.7002805540078     0.080230644491211     0     -4     10
43.7135401422791     0.0801222897823528     0     -4     10
43.7267998184177     0.0802877483098225     0     -4     10
43.7400595815169     0.0796306415677972     0     -4     10
43.7533194306699     0.0798082836376416     0     -4     10
43.7665793649697     0.0795984533955336     0     -4     10
43.7798393835097     0.0798671399331199     0     -4     10
43.7930994853832     0.0804784724363646     0     -4     10
43.8063596696833     0.080522099707131     0     -4     10
43.8196199355036     0.0805982762209295     0     -4     10
43.8328802819372     0.0811833177091965     0     -4     10
43.8461407080776     0.0814169122103692     0     -4     10
43.8594012130182     0.0811394897959162     0     -4     10
43.8726617958525     0.0806887852725126     0     -4     10
43.8859224556739     0.0807163726209282     0     -4     10
43.8991831915758     0.0809148436614394     0     -4     10
43.912444002652     0.0810739205171866     0     -4     10
43.9257048879957     0.0807882150418344     0     -4     10
43.9389658467008     0.0807872934403475     0     -4     10
43.9522268778607     0.0805456815925881     0     -4     10
43.9654879805692     0.0804513255092462     0     -4     10
43.9787491539198     0.080697978520626     0     -4     10
43.9920103970062     0.0801941191162398     0     -4     10
44.0052717089222     0.0809450014258309     0     -4     10
44.0185330887614     0.0805272406167412     0     -4     10
44.0317945356177     0.0806731583321966     0     -4     10
44.0450560485848     0.0801539995336791     0     -4     10
44.0583176267565     0.0800150862635191     0     -4     10
44.0715792692266     0.0798472095371204     0     -4     10
44.0848409750891     0.0799095650359856     0     -4     10
44.0981027434377     0.0799268294654024     0     -4     10
44.1113645733664     0.0802578183209084     0     -4     10
44.1246264639691     0.0802542123506515     0     -4     10
44.1378884143397     0.0801321521785584     0     -4     10
44.1511504235722     0.0801810034481181     0     -4     10
44.1644124907606     0.0797284523013826     0     -4     10
44.1776746149988     0.0794628267552457     0     -4     10
44.190936795381     0.0788310038997082     0     -4     10
44.2041990310011     0.0791097205994963     0     -4     10
44.2174613209532     0.0794009746143792     0     -4     10
44.2307236643314     0.0792010058295415     0     -4     10
44.2439860602298     0.0793324362059645     0     -4     10
44.2572485077426     0.0794613660751379     0     -4     10
44.2705110059638     0.0790327885948459     0     -4     10
44.2837735539876     0.0795087699734204     0     -4     10
44.2970361509082     0.0795310303720539     0     -4     10
44.3102987958199     0.0790922087683788     0     -4     10
44.3235614878167     0.0790843901669784     0     -4     10
44.336824225993     0.0795047217298404     0     -4     10
44.3500870094429     0.0790185899445963     0     -4     10
44.3633498372608     0.0789640686509954     0     -4     10
44.376612708541     0.0792045405564444     0     -4     10
44.3898756223776     0.0787480949340462     0     -4     10
44.4031385778651     0.0788468958311345     0     -4     10
44.4164015740977     0.079187282824064     0     -4     10
44.4296646101698     0.0784815399193675     0     -4     10
44.4429276851758     0.0791457548167548     0     -4     10
44.45619079821     0.0792097140022931     0     -4     10
44.4694539483668     0.0788985551867904     0     -4     10
44.4827171347406     0.0789044135468253     0     -4     10
44.4959803564257     0.0786776537976525     0     -4     10
44.5092436125167     0.0785358570547404     0     -4     10
44.522506902108     0.07908124126279     0     -4     10
44.5357702242939     0.0789358772177794     0     -4     10
44.549033578169     0.0780007512648006     0     -4     10
44.5622969628277     0.0785433393985443     0     -4     10
44.5755603773645     0.0779634665007892     0     -4     10
44.5888238208739     0.0779220028490951     0     -4     10
44.6020872924504     0.0777368689935405     0     -4     10
44.6153507911885     0.0784293090607424     0     -4     10
44.6286143161827     0.0781654915285129     0     -4     10
44.6418778665275     0.0783182574625908     0     -4     10
44.6551414413176     0.0779346542215913     0     -4     10
44.6684050396474     0.0781351927428647     0     -4     10
44.6816686606115     0.0782020876818372     0     -4     10
44.6949323033044     0.0781823383499315     0     -4     10
44.7081959668207     0.0776195637939013     0     -4     10
44.7214596502551     0.0776916771283302     0     -4     10
44.7347233527021     0.0776399090075549     0     -4     10
44.7479870732562     0.0780465206969775     0     -4     10
44.7612508110122     0.0775130726012447     0     -4     10
44.7745145650645     0.077539763777739     0     -4     10
44.7877783345079     0.0772291444810422     0     -4     10
44.8010421184369     0.0773514189117334     0     -4     10
44.8143059159461     0.0777162784929882     0     -4     10
44.8275697261302     0.0776299994257511     0     -4     10
44.8408335480838     0.0775758794504711     0     -4     10
44.8540973809016     0.0776033181932874     0     -4     10
44.8673612236781     0.0771095951653831     0     -4     10
44.8806250755081     0.077422866522405     0     -4     10
44.8938889354862     0.0771261632958469     0     -4     10
44.9071528027069     0.0775031858969968     0     -4     10
44.9204166762651     0.0769887435650461     0     -4     10
44.9336805552553     0.0770335965485803     0     -4     10
44.9469444387722     0.0762527749661658     0     -4     10
44.9602083259105     0.07621560792864     0     -4     10
44.9734722157648     0.0766628073030588     0     -4     10
44.9867361074297     0.0767030676878049     0     -4     10
45     0.0767296883645335     0     -4     10
