40.3773296281681     0.167788562853672     0     -8     -6
40.3905383424574     0.183619351502861     0     -8     -6
40.4037473740993     0.193137343968072     0     -8     -6
40.4169567221688     0.192900089171756     0     -8     -6
40.4301663857409     0.205965149416699     0     -8     -6
40.4433763638906     0.226726305344412     0     -8     -6
40.4565866556934     0.239423104385546     0     -8     -6
40.4697972602245     0.254556908695716     0     -8     -6
40.4830081765594     0.28236159706987     0     -8     -6
40.4962194037737     0.299756021349692     0     -8     -6
40.5094309409432     0.315695213636439     0     -8     -6
40.5226427871436     0.343905646896667     0     -8     -6
40.5358549414509     0.364013344756989     0     -8     -6
40.5490674029412     0.37674854808795     0     -8     -6
40.5622801706905     0.403165861084087     0     -8     -6
40.5754932437751     0.42727058273982     0     -8     -6
40.5887066212714     0.433821003180044     0     -8     -6
40.601920302256     0.44594391796395     0     -8     -6
40.6151342858053     0.46924142354454     0     -8     -6
40.628348570996     0.476439551368202     0     -8     -6
40.6415631569051     0.474815978255781     0     -8     -6
40.6547780426093     0.49014806527542     0     -8     -6
40.6679932271857     0.501180324110345     0     -8     -6
40.6812087097115     0.492314790377751     0     -8     -6
40.6944244892639     0.491894219918412     0     -8     -6
40.7076405649202     0.503267456890275     0     -8     -6
40.7208569357578     0.496590849920821     0     -8     -6
40.7340736008544     0.480453133671258     0     -8     -6
40.7472905592876     0.481835798247338     0     -8     -6
40.7605078101351     0.481213049462372     0     -8     -6
40.7737253524748     0.457092634410675     0     -8     -6
40.7869431853848     0.43996572806131     0     -8     -6
40.800161307943     0.442744732378015     0     -8     -6
40.8133797192277     0.419958717201177     0     -8     -6
40.8265984183172     0.38619192453268     0     -8     -6
40.8398174042898     0.374787192018804     0     -8     -6
40.8530366762241     0.361410927916661     0     -8     -6
40.8662562331986     0.318318768337512     0     -8     -6
40.8794760742921     0.301532340587544     0     -8     -6
40.8926961985833     0.300106442146348     0     -8     -6
40.9059166051511     0.271030458413384     0     -8     -6
40.9191372930747     0.2533968302495     0     -8     -6
40.932358261433     0.265095700841043     0     -8     -6
40.9455795093053     0.267100541205007     0     -8     -6
40.9588010357708     0.26805022842317     0     -8     -6
40.9720228399091     0.294209128453491     0     -8     -6
40.9852449207996     0.322338692260349     0     -8     -6
40.9984672775219     0.349565397315959     0     -8     -6
41.0116899091557     0.386846217987113     0     -8     -6
41.0249128147808     0.426522631096402     0     -8     -6
41.0381359934772     0.457672427999838     0     -8     -6
41.0513594443248     0.495477787962997     0     -8     -6
41.0645831664038     0.533683774746106     0     -8     -6
41.0778071587943     0.554676735207591     0     -8     -6
41.0910314205766     0.575435414370713     0     -8     -6
41.1042559508312     0.601850103611523     0     -8     -6
41.1174807486384     0.619456375541688     0     -8     -6
41.130705813079     0.625749295299135     0     -8     -6
41.1439311432336     0.634247812451298     0     -8     -6
41.1571567381829     0.648249233556283     0     -8     -6
41.1703825970079     0.653852629076486     0     -8     -6
41.1836087187894     0.64936055473644     0     -8     -6
41.1968351026086     0.650342528893367     0     -8     -6
41.2100617475467     0.65605959193724     0     -8     -6
41.2232886526848     0.653146174094551     0     -8     -6
41.2365158171043     0.639625200527321     0     -8     -6
41.2497432398867     0.630516897574606     0     -8     -6
41.2629709201134     0.628171369422603     0     -8     -6
41.2761988568661     0.616707304113923     0     -8     -6
41.2894270492266     0.591670892544655     0     -8     -6
41.3026554962766     0.564263457623449     0     -8     -6
41.315884197098     0.548970750030755     0     -8     -6
41.3291131507728     0.520768806117954     0     -8     -6
41.3423423563831     0.472782619652739     0     -8     -6
41.3555718130111     0.429053146174615     0     -8     -6
41.368801519739     0.398891799339399     0     -8     -6
41.3820314756491     0.363802094294852     0     -8     -6
41.395261679824     0.327712799455116     0     -8     -6
41.4084921313462     0.322951952553325     0     -8     -6
41.4217228292982     0.353689153390763     0     -8     -6
41.4349537727627     0.403984200101469     0     -8     -6
41.4481849608227     0.466857519391367     0     -8     -6
41.4614163925608     0.535851735979934     0     -8     -6
41.4746480670603     0.594360153266381     0     -8     -6
41.487879983404     0.64057130157794     0     -8     -6
41.5011121406751     0.676725424205683     0     -8     -6
41.5143445379569     0.702895649228084     0     -8     -6
41.5275771743327     0.718277657914389     0     -8     -6
41.5408100488858     0.73167346276947     0     -8     -6
41.5540431606999     0.744040562197765     0     -8     -6
41.5672765088584     0.751919243523307     0     -8     -6
41.580510092445     0.754107363997881     0     -8     -6
41.5937439105435     0.75557776899201     0     -8     -6
41.6069779622377     0.757638331503815     0     -8     -6
41.6202122466115     0.754857889966162     0     -8     -6
41.6334467627489     0.743435946109203     0     -8     -6
41.646681509734     0.726433806252938     0     -8     -6
41.6599164866509     0.696184124872423     0     -8     -6
41.673151692584     0.62854842543571     0     -8     -6
41.6863871266174     0.522024183955629     0     -8     -6
41.6996227878358     0.434811290603434     0     -8     -6
41.7128586753234     0.46199603636615     0     -8     -6
41.726094788165     0.598487592152429     0     -8     -6
41.7393311254452     0.72899228285378     0     -8     -6
41.7525676862486     0.79056787818253     0     -8     -6
41.7658044696602     0.814731302057752     0     -8     -6
41.7790414747648     0.828714716307348     0     -8     -6
41.7922787006474     0.838303028447644     0     -8     -6
41.8055161463931     0.843483049842256     0     -8     -6
41.8187538110869     0.845886461519707     0     -8     -6
41.8319916938142     0.847861336025846     0     -8     -6
41.8452297936601     0.849047385509207     0     -8     -6
41.8584681097102     0.850464474406242     0     -8     -6
41.8717066410497     0.85063786084457     0     -8     -6
41.8849453867643     0.851157465589547     0     -8     -6
41.8981843459396     0.8515957257228     0     -8     -6
41.9114235176612     0.851530332308833     0     -8     -6
41.9246629010149     0.851606013346722     0     -8     -6
41.9379024950865     0.851666358326738     0     -8     -6
41.9511422989619     0.85205492427272     0     -8     -6
41.9643823117272     0.852808351373349     0     -8     -6
41.9776225324684     0.853987266486618     0     -8     -6
41.9908629602715     0.855622015395736     0     -8     -6
42.0041035942229     0.857291967431452     0     -8     -6
42.0173444334088     0.858888617053511     0     -8     -6
42.0305854769156     0.860140585729387     0     -8     -6
42.0438267238296     0.861100196754062     0     -8     -6
42.0570681732375     0.861122428319105     0     -8     -6
42.0703098242257     0.861092661911951     0     -8     -6
42.083551675881     0.86113962861285     0     -8     -6
42.09679372729     0.861094579714055     0     -8     -6
42.1100359775395     0.861061552547893     0     -8     -6
42.1232784257165     0.861100228652633     0     -8     -6
42.1365210709078     0.861111300430052     0     -8     -6
42.1497639122005     0.860937973530051     0     -8     -6
42.1630069486816     0.861032443901658     0     -8     -6
42.1762501794383     0.861291401888872     0     -8     -6
42.1894936035578     0.861180707371362     0     -8     -6
42.2027372201273     0.861075184352906     0     -8     -6
42.2159810282344     0.860951241797835     0     -8     -6
42.2292250269662     0.861136920519744     0     -8     -6
42.2424692154105     0.860930106613898     0     -8     -6
42.2557135926547     0.860974516779624     0     -8     -6
42.2689581577864     0.861061485590968     0     -8     -6
42.2822029098935     0.860927178474354     0     -8     -6
42.2954478480635     0.860961056793573     0     -8     -6
42.3086929713844     0.860947822750459     0     -8     -6
42.3219382789441     0.861057842151672     0     -8     -6
42.3351837698304     0.860986040596269     0     -8     -6
42.3484294431316     0.861219351169613     0     -8     -6
42.3616752979356     0.861020533896865     0     -8     -6
42.3749213333306     0.861048001895314     0     -8     -6
42.3881675484049     0.861004992360223     0     -8     -6
42.4014139422467     0.860845119143972     0     -8     -6
42.4146605139445     0.861262330841113     0     -8     -6
42.4279072625865     0.860961771840852     0     -8     -6
42.4411541872613     0.86095586132228     0     -8     -6
42.4544012870576     0.861066287911236     0     -8     -6
42.4676485610637     0.860984874944162     0     -8     -6
42.4808960083686     0.861059356439892     0     -8     -6
42.4941436280607     0.860961056118084     0     -8     -6
42.5073914192291     0.861142011610429     0     -8     -6
42.5206393809625     0.860921468403559     0     -8     -6
42.5338875123499     0.861079929602159     0     -8     -6
42.5471358124802     0.861041731953519     0     -8     -6
42.5603842804426     0.86079237054192     0     -8     -6
42.573632915326     0.861029564701205     0     -8     -6
42.5868817162196     0.861123295672973     0     -8     -6
42.6001306822128     0.860994890941203     0     -8     -6
42.6133798123947     0.861072781102147     0     -8     -6
42.6266291058547     0.860928436618362     0     -8     -6
42.6398785616822     0.861165056227485     0     -8     -6
42.6531281789667     0.861038009913051     0     -8     -6
42.6663779567977     0.861169818961211     0     -8     -6
42.6796278942648     0.86112220124981     0     -8     -6
42.6928779904575     0.861013850263825     0     -8     -6
42.7061282444657     0.860861940931974     0     -8     -6
42.719378655379     0.861529871958502     0     -8     -6
42.7326292222872     0.861263230056684     0     -8     -6
42.7458799442802     0.860979645059444     0     -8     -6
42.759130820448     0.860913539113532     0     -8     -6
42.7723818498804     0.861023443071574     0     -8     -6
42.7856330316676     0.861280691520799     0     -8     -6
42.7988843648995     0.860911848469308     0     -8     -6
42.8121358486664     0.860819645909646     0     -8     -6
42.8253874820585     0.860847842325533     0     -8     -6
42.8386392641659     0.861277595312736     0     -8     -6
42.8518911940789     0.860872426256649     0     -8     -6
42.865143270888     0.860892419882534     0     -8     -6
42.8783954936836     0.860808317030017     0     -8     -6
42.891647861556     0.860836134192507     0     -8     -6
42.9049003735958     0.860894840674522     0     -8     -6
42.9181530288935     0.860687666766383     0     -8     -6
42.9314058265398     0.860904212786004     0     -8     -6
42.9446587656254     0.860923787580766     0     -8     -6
42.9579118452409     0.860810799222199     0     -8     -6
42.9711650644771     0.860777714082667     0     -8     -6
42.9844184224248     0.860869828662042     0     -8     -6
42.9976719181749     0.860619518224129     0     -8     -6
43.0109255508184     0.860834807607282     0     -8     -6
43.0241793194461     0.860752404861042     0     -8     -6
43.0374332231491     0.860803676522021     0     -8     -6
43.0506872610184     0.860790738152517     0     -8     -6
43.0639414321452     0.860730938954477     0     -8     -6
43.0771957356206     0.860807809807793     0     -8     -6
43.0904501705359     0.860799864782423     0     -8     -6
43.1037047359822     0.860732633458728     0     -8     -6
43.1169594310509     0.860865445738087     0     -8     -6
43.1302142548334     0.860698823009116     0     -8     -6
43.1434692064209     0.860691120448926     0     -8     -6
43.1567242849051     0.860695544547643     0     -8     -6
43.1699794893773     0.860730841928865     0     -8     -6
43.183234818929     0.86062489902377     0     -8     -6
43.1964902726519     0.860715645800803     0     -8     -6
43.2097458496376     0.860594903113336     0     -8     -6
43.2230015489777     0.860581294206155     0     -8     -6
43.236257369764     0.860637696717348     0     -8     -6
43.2495133110882     0.860629418008844     0     -8     -6
43.2627693720421     0.860625158437815     0     -8     -6
43.2760255517175     0.86072386395864     0     -8     -6
43.2892818492064     0.860638502375885     0     -8     -6
43.3025382636006     0.860896337767394     0     -8     -6
43.3157947939921     0.860422889915224     0     -8     -6
43.3290514394729     0.860573613005103     0     -8     -6
43.3423081991352     0.86037948277654     0     -8     -6
43.3555650720708     0.860517084504013     0     -8     -6
43.3688220573721     0.860316494608315     0     -8     -6
43.3820791541312     0.860713679129049     0     -8     -6
43.3953363614402     0.860441906278291     0     -8     -6
43.4085936783915     0.860488620857813     0     -8     -6
43.4218511040773     0.860455367808217     0     -8     -6
43.43510863759     0.860671765750515     0     -8     -6
43.4483662780219     0.860323694236883     0     -8     -6
43.4616240244654     0.860584991822685     0     -8     -6
43.4748818760131     0.860441815419973     0     -8     -6
43.4881398317573     0.860161569155866     0     -8     -6
43.5013978907905     0.860302625382568     0     -8     -6
43.5146560522055     0.860285218299332     0     -8     -6
43.5279143150947     0.860446101676474     0     -8     -6
43.5411726785508     0.860287690631296     0     -8     -6
43.5544311416664     0.860428581660466     0     -8     -6
43.5676897035343     0.860365161876302     0     -8     -6
43.5809483632472     0.860564855196307     0     -8     -6
43.5942071198979     0.860378055731724     0     -8     -6
43.6074659725792     0.860322044807654     0     -8     -6
43.6207249203839     0.860498922574889     0     -8     -6
43.6339839624049     0.860348428392013     0     -8     -6
43.6472430977351     0.86043397634775     0     -8     -6
43.6605023254675     0.860528829055512     0     -8     -6
43.6737616446951     0.860450737620787     0     -8     -6
43.6870210545109     0.86062254785672     0     -8     -6
43.7002805540078     0.860406905081467     0     -8     -6
43.7135401422791     0.860529923220149     0     -8     -6
43.7267998184177     0.86069497897296     0     -8     -6
43.7400595815169     0.860535532440769     0     -8     -6
43.7533194306699     0.860677099321078     0     -8     -6
43.7665793649697     0.860243970648715     0     -8     -6
43.7798393835097     0.860472981966286     0     -8     -6
43.7930994853832     0.860831149696117     0     -8     -6
43.8063596696833     0.860477157430782     0     -8     -6
43.8196199355036     0.860539339141362     0     -8     -6
43.8328802819372     0.86049730302707     0     -8     -6
43.8461407080776     0.860473116068228     0     -8     -6
43.8594012130182     0.860555600611045     0     -8     -6
43.8726617958525     0.860563280439909     0     -8     -6
43.8859224556739     0.8605348370556     0     -8     -6
43.8991831915758     0.860902433742781     0     -8     -6
43.912444002652     0.860584445172148     0     -8     -6
43.9257048879957     0.860605594264591     0     -8     -6
43.9389658467008     0.860632321183137     0     -8     -6
43.9522268778607     0.861011961853543     0     -8     -6
43.9654879805692     0.860678062134273     0     -8     -6
43.9787491539198     0.86070103699438     0     -8     -6
43.9920103970062     0.860658617365666     0     -8     -6
44.0052717089222     0.860765062579472     0     -8     -6
44.0185330887614     0.86065664834525     0     -8     -6
44.0317945356177     0.8604262645489     0     -8     -6
44.0450560485848     0.860782638633261     0     -8     -6
44.0583176267565     0.860887210828293     0     -8     -6
44.0715792692266     0.860799359469142     0     -8     -6
44.0848409750891     0.861127586785801     0     -8     -6
44.0981027434377     0.860864327607484     0     -8     -6
44.1113645733664     0.860934544235419     0     -8     -6
44.1246264639691     0.860801040125574     0     -8     -6
44.1378884143397     0.860958699899633     0     -8     -6
44.1511504235722     0.860967540452957     0     -8     -6
44.1644124907606     0.861143367293163     0     -8     -6
44.1776746149988     0.860989003146322     0     -8     -6
44.190936795381     0.86102325055789     0     -8     -6
44.2041990310011     0.86085526963597     0     -8     -6
44.2174613209532     0.860947176294004     0     -8     -6
44.2307236643314     0.860795349092248     0     -8     -6
44.2439860602298     0.861328358901368     0     -8     -6
44.2572485077426     0.8611982151023     0     -8     -6
44.2705110059638     0.861141675920637     0     -8     -6
44.2837735539876     0.861410570879911     0     -8     -6
44.2970361509082     0.861041229626676     0     -8     -6
44.3102987958199     0.860857844302021     0     -8     -6
44.3235614878167     0.860995728280056     0     -8     -6
44.336824225993     0.860896316122262     0     -8     -6
44.3500870094429     0.860867114148985     0     -8     -6
44.3633498372608     0.860936657879059     0     -8     -6
44.376612708541     0.860829582237564     0     -8     -6
44.3898756223776     0.860850740829717     0     -8     -6
44.4031385778651     0.860931218506222     0     -8     -6
44.4164015740977     0.861288732153801     0     -8     -6
44.4296646101698     0.861173316814055     0     -8     -6
44.4429276851758     0.860943490350018     0     -8     -6
44.45619079821     0.860782783857533     0     -8     -6
44.4694539483668     0.860845179382917     0     -8     -6
44.4827171347406     0.861253645578071     0     -8     -6
44.4959803564257     0.861019361565487     0     -8     -6
44.5092436125167     0.860801953026455     0     -8     -6
44.522506902108     0.860580508883895     0     -8     -6
44.5357702242939     0.861090754605698     0     -8     -6
44.549033578169     0.860929886661926     0     -8     -6
44.5622969628277     0.860834359876181     0     -8     -6
44.5755603773645     0.860565378994375     0     -8     -6
44.5888238208739     0.861179346432433     0     -8     -6
44.6020872924504     0.860831989660933     0     -8     -6
44.6153507911885     0.860976023640306     0     -8     -6
44.6286143161827     0.860815508641446     0     -8     -6
44.6418778665275     0.860730216808766     0     -8     -6
44.6551414413176     0.860542349084651     0     -8     -6
44.6684050396474     0.86076038560176     0     -8     -6
44.6816686606115     0.860844981057848     0     -8     -6
44.6949323033044     0.86064197460481     0     -8     -6
44.7081959668207     0.860606016749667     0     -8     -6
44.7214596502551     0.860726094084639     0     -8     -6
44.7347233527021     0.860835526955624     0     -8     -6
44.7479870732562     0.860935693411754     0     -8     -6
44.7612508110122     0.860672488390538     0     -8     -6
44.7745145650645     0.860877291677003     0     -8     -6
44.7877783345079     0.860655206329475     0     -8     -6
44.8010421184369     0.860727970762447     0     -8     -6
44.8143059159461     0.860624214427319     0     -8     -6
44.8275697261302     0.860736018154844     0     -8     -6
44.8408335480838     0.860615661501401     0     -8     -6
44.8540973809016     0.860720208709736     0     -8     -6
44.8673612236781     0.861071825333743     0     -8     -6
44.8806250755081     0.861124485505438     0     -8     -6
44.8938889354862     0.860622107074661     0     -8     -6
44.9071528027069     0.860493218028522     0     -8     -6
44.9204166762651     0.860729291932475     0     -8     -6
44.9336805552553     0.86059080674515     0     -8     -6
44.9469444387722     0.860639533934465     0     -8     -6
44.9602083259105     0.860764927962086     0     -8     -6
44.9734722157648     0.860672436378519     0     -8     -6
44.9867361074297     0.860666432780307     0     -8     -6
45     0.86112864435374     0     -8     -6
