44.9867361074297     0.865849173969183     0     0     0
44.9734722157648     0.865972229615123     0     0     0
44.9602083259105     0.866068801497798     0     0     0
44.9469444387722     0.866243282917583     0     0     0
44.9336805552553     0.866313709199209     0     0     0
44.9204166762651     0.86647212324681     0     0     0
44.9071528027069     0.866490503151924     0     0     0
44.8938889354862     0.86642289374953     0     0     0
44.8806250755081     0.866384532398643     0     0     0
44.8673612236781     0.866420367956294     0     0     0
44.8540973809016     0.866528838295315     0     0     0
44.8408335480838     0.866651361331805     0     0     0
44.8275697261302     0.866646130105539     0     0     0
44.8143059159461     0.866714009723937     0     0     0
44.8010421184369     0.866816734351176     0     0     0
44.7877783345079     0.866606062358938     0     0     0
44.7745145650645     0.866937480784295     0     0     0
44.7612508110122     0.866983626484688     0     0     0
44.7479870732562     0.86694274265163     0     0     0
44.7347233527021     0.866752517834798     0     0     0
44.7214596502551     0.866717685895652     0     0     0
44.7081959668207     0.866850367925525     0     0     0
44.6949323033044     0.866882943316131     0     0     0
44.6816686606115     0.866848946391445     0     0     0
44.6684050396474     0.867139140642685     0     0     0
44.6551414413176     0.867248884817215     0     0     0
44.6418778665275     0.867158792587981     0     0     0
44.6286143161827     0.866871758479701     0     0     0
44.6153507911885     0.867027290430578     0     0     0
44.6020872924504     0.867250208163848     0     0     0
44.5888238208739     0.867104309725588     0     0     0
44.5755603773645     0.867071843789666     0     0     0
44.5622969628277     0.867093418539121     0     0     0
44.549033578169     0.867039723899134     0     0     0
44.5357702242939     0.867165413558947     0     0     0
44.522506902108     0.867181692855565     0     0     0
44.5092436125167     0.867020337214593     0     0     0
44.4959803564257     0.866889784590125     0     0     0
44.4827171347406     0.867227978317378     0     0     0
44.4694539483668     0.866960262299484     0     0     0
44.45619079821     0.867055145514045     0     0     0
44.4429276851758     0.867213751212018     0     0     0
44.4296646101698     0.867395821210233     0     0     0
44.4164015740977     0.867286952752278     0     0     0
44.4031385778651     0.867174410101242     0     0     0
44.3898756223776     0.867507239719193     0     0     0
44.376612708541     0.867558554532418     0     0     0
44.3633498372608     0.867240132538772     0     0     0
44.3500870094429     0.867296816499115     0     0     0
44.336824225993     0.867269633150145     0     0     0
44.3235614878167     0.867512055405061     0     0     0
44.3102987958199     0.867598119130892     0     0     0
44.2970361509082     0.867163311562407     0     0     0
44.2837735539876     0.867422001117175     0     0     0
44.2705110059638     0.867409781235602     0     0     0
44.2572485077426     0.867276192488876     0     0     0
44.2439860602298     0.86746351034951     0     0     0
44.2307236643314     0.86740315203597     0     0     0
44.2174613209532     0.867531576550182     0     0     0
44.2041990310011     0.86740097660227     0     0     0
44.190936795381     0.867317231212514     0     0     0
44.1776746149988     0.867313224100512     0     0     0
44.1644124907606     0.867291453441252     0     0     0
44.1511504235722     0.8674623343972     0     0     0
44.1378884143397     0.867618772707904     0     0     0
44.1246264639691     0.867456121273439     0     0     0
44.1113645733664     0.867132654327204     0     0     0
44.0981027434377     0.867381838328231     0     0     0
44.0848409750891     0.867401007974038     0     0     0
44.0715792692266     0.867481573386226     0     0     0
44.0583176267565     0.867521272168241     0     0     0
44.0450560485848     0.867432923495214     0     0     0
44.0317945356177     0.867105231478858     0     0     0
44.0185330887614     0.867357522442882     0     0     0
44.0052717089222     0.867457149421111     0     0     0
43.9920103970062     0.867125975823753     0     0     0
43.9787491539198     0.867503922732518     0     0     0
43.9654879805692     0.867307805478026     0     0     0
43.9522268778607     0.867274098112932     0     0     0
43.9389658467008     0.867427632387351     0     0     0
43.9257048879957     0.867077333806508     0     0     0
43.912444002652     0.867357060137457     0     0     0
43.8991831915758     0.86711320355582     0     0     0
43.8859224556739     0.867287936628897     0     0     0
43.8726617958525     0.867137632052518     0     0     0
43.8594012130182     0.867285219052339     0     0     0
43.8461407080776     0.867257910949104     0     0     0
43.8328802819372     0.867204196885437     0     0     0
43.8196199355036     0.867159064046752     0     0     0
43.8063596696833     0.867141745833228     0     0     0
43.7930994853832     0.86716887347199     0     0     0
43.7798393835097     0.866969836950718     0     0     0
43.7665793649697     0.86685441145781     0     0     0
43.7533194306699     0.866730131005467     0     0     0
43.7400595815169     0.866885164682682     0     0     0
43.7267998184177     0.866815205752114     0     0     0
43.7135401422791     0.866728384523127     0     0     0
43.7002805540078     0.866651327422577     0     0     0
43.6870210545109     0.86646755789545     0     0     0
43.6737616446951     0.866383770093131     0     0     0
43.6605023254675     0.866600392740632     0     0     0
43.6472430977351     0.866516098986503     0     0     0
43.6339839624049     0.866322679842718     0     0     0
43.6207249203839     0.866288334654494     0     0     0
43.6074659725792     0.866039819568323     0     0     0
43.5942071198979     0.866090553583246     0     0     0
43.5809483632472     0.866118236787008     0     0     0
43.5676897035343     0.865943533543962     0     0     0
43.5544311416664     0.865837938410993     0     0     0
43.5411726785508     0.865747014077768     0     0     0
43.5279143150947     0.865276362389732     0     0     0
43.5146560522055     0.86531813459348     0     0     0
43.5013978907905     0.8648747176312     0     0     0
43.4881398317573     0.865193686456159     0     0     0
43.4748818760131     0.864874826556964     0     0     0
43.4616240244654     0.864870568205427     0     0     0
43.4483662780219     0.864580948633972     0     0     0
43.43510863759     0.864691636872541     0     0     0
43.4218511040773     0.864341563711531     0     0     0
43.4085936783915     0.863924500306764     0     0     0
43.3953363614402     0.863910789683717     0     0     0
43.3820791541312     0.863573403113182     0     0     0
43.3688220573721     0.863240985212697     0     0     0
43.3555650720708     0.862860130880329     0     0     0
43.3423081991352     0.862676216753418     0     0     0
43.3290514394729     0.862392712213207     0     0     0
43.3157947939921     0.861868083396459     0     0     0
43.3025382636006     0.861562781349328     0     0     0
43.2892818492064     0.860979935385043     0     0     0
43.2760255517175     0.860750669854068     0     0     0
43.2627693720421     0.860196071607331     0     0     0
43.2495133110882     0.859704568503923     0     0     0
43.236257369764     0.859428185048785     0     0     0
43.2230015489777     0.858806819119022     0     0     0
43.2097458496376     0.857965857606521     0     0     0
43.1964902726519     0.857242866887437     0     0     0
43.183234818929     0.856612468087122     0     0     0
43.1699794893773     0.855748078125605     0     0     0
43.1567242849051     0.854814992252494     0     0     0
43.1434692064209     0.853898934518598     0     0     0
43.1302142548334     0.852650484484165     0     0     0
43.1169594310509     0.851807140643254     0     0     0
43.1037047359822     0.850366747826486     0     0     0
43.0904501705359     0.849321474732467     0     0     0
43.0771957356206     0.847644785802631     0     0     0
43.0639414321452     0.846112006375956     0     0     0
43.0506872610184     0.844240636002898     0     0     0
43.0374332231491     0.842460726214972     0     0     0
43.0241793194461     0.840153237945796     0     0     0
43.0109255508184     0.838049577179081     0     0     0
42.9976719181749     0.83530647359254     0     0     0
42.9844184224248     0.832467122911827     0     0     0
42.9711650644771     0.829334047984495     0     0     0
42.9579118452409     0.825758141367663     0     0     0
42.9446587656254     0.8219333230171     0     0     0
42.9314058265398     0.817247797998717     0     0     0
42.9181530288935     0.812063660923918     0     0     0
42.9049003735958     0.806172575976818     0     0     0
42.891647861556     0.799370843459102     0     0     0
42.8783954936836     0.791783515605221     0     0     0
42.865143270888     0.782710329544888     0     0     0
42.8518911940789     0.77217279257762     0     0     0
42.8386392641659     0.760161043295422     0     0     0
42.8253874820585     0.746448388852771     0     0     0
42.8121358486664     0.729588031324997     0     0     0
42.7988843648995     0.710469429999871     0     0     0
42.7856330316676     0.686950270675472     0     0     0
42.7723818498804     0.659332978071391     0     0     0
42.759130820448     0.626010220323756     0     0     0
42.7458799442802     0.588331610398532     0     0     0
42.7326292222872     0.540538752141221     0     0     0
42.719378655379     0.489480933406148     0     0     0
42.7061282444657     0.426174698254737     0     0     0
42.6928779904575     0.361258362735084     0     0     0
42.6796278942648     0.291484909047836     0     0     0
42.6663779567977     0.226345720868249     0     0     0
42.6531281789667     0.174589321746264     0     0     0
42.6398785616822     0.146996515065262     0     0     0
42.6266291058547     0.142985586725904     0     0     0
42.6133798123947     0.163573915112116     0     0     0
42.6001306822128     0.207624074352166     0     0     0
42.5868817162196     0.261478997092815     0     0     0
42.573632915326     0.32392519415261     0     0     0
42.5603842804426     0.385939457763305     0     0     0
42.5471358124802     0.443683439294182     0     0     0
42.5338875123499     0.492740825758517     0     0     0
42.5206393809625     0.54403651215595     0     0     0
42.5073914192291     0.580881202998114     0     0     0
42.4941436280607     0.615285669460302     0     0     0
42.4808960083686     0.641909304564023     0     0     0
42.4676485610637     0.666633993238903     0     0     0
42.4544012870576     0.686098643383119     0     0     0
42.4411541872613     0.704649276726572     0     0     0
42.4279072625865     0.719287545481246     0     0     0
42.4146605139445     0.733024160462463     0     0     0
42.4014139422467     0.745332432056545     0     0     0
42.3881675484049     0.755662658979347     0     0     0
42.3749213333306     0.764172893453818     0     0     0
42.3616752979356     0.771809855825933     0     0     0
42.3484294431316     0.779231003362601     0     0     0
42.3351837698304     0.785473480318767     0     0     0
42.3219382789441     0.79080459701232     0     0     0
42.3086929713844     0.795701601822949     0     0     0
42.2954478480635     0.799786281065745     0     0     0
42.2822029098935     0.803715221925521     0     0     0
42.2689581577864     0.807380513141482     0     0     0
42.2557135926547     0.810298509776444     0     0     0
42.2424692154105     0.813261069447128     0     0     0
42.2292250269662     0.815650355783267     0     0     0
42.2159810282344     0.817940957962865     0     0     0
42.2027372201273     0.82024002381778     0     0     0
42.1894936035578     0.822420966805136     0     0     0
42.1762501794383     0.824145782277776     0     0     0
42.1630069486816     0.825915202765087     0     0     0
42.1497639122005     0.827588307636717     0     0     0
42.1365210709078     0.828979939695258     0     0     0
42.1232784257165     0.83032979384522     0     0     0
42.1100359775395     0.831699036278523     0     0     0
42.09679372729     0.832493329840669     0     0     0
42.083551675881     0.83359239675284     0     0     0
42.0703098242257     0.834727781919591     0     0     0
42.0570681732375     0.83567683894972     0     0     0
42.0438267238296     0.836499192382223     0     0     0
42.0305854769156     0.837176818467336     0     0     0
42.0173444334088     0.837775799905655     0     0     0
42.0041035942229     0.838578387872618     0     0     0
41.9908629602715     0.839509260152295     0     0     0
41.9776225324684     0.840092101108702     0     0     0
41.9643823117272     0.840673582383066     0     0     0
41.9511422989619     0.841044498018262     0     0     0
41.9379024950865     0.841698206086042     0     0     0
41.9246629010149     0.842069666275099     0     0     0
41.9114235176612     0.842495972802159     0     0     0
41.8981843459396     0.842907724834402     0     0     0
41.8849453867643     0.843116853886427     0     0     0
41.8717066410497     0.843728773898152     0     0     0
41.8584681097102     0.844089194183789     0     0     0
41.8452297936601     0.844399924299043     0     0     0
41.8319916938142     0.844566646547957     0     0     0
41.8187538110869     0.84512469985488     0     0     0
41.8055161463931     0.8453048360241     0     0     0
41.7922787006474     0.845424650724543     0     0     0
41.7790414747648     0.845922738535973     0     0     0
41.7658044696602     0.846114412037393     0     0     0
41.7525676862486     0.846233215410371     0     0     0
41.7393311254452     0.846395192249741     0     0     0
41.726094788165     0.846680905797731     0     0     0
41.7128586753234     0.846799101883928     0     0     0
41.6996227878358     0.846787458265164     0     0     0
41.6863871266174     0.847095160163774     0     0     0
41.673151692584     0.847014334784571     0     0     0
41.6599164866509     0.84728829797653     0     0     0
41.646681509734     0.847525861173824     0     0     0
41.6334467627489     0.847545303254576     0     0     0
41.6202122466115     0.847662170302226     0     0     0
41.6069779622377     0.847825848671718     0     0     0
41.5937439105435     0.84808557527689     0     0     0
41.580510092445     0.848051498118282     0     0     0
41.5672765088584     0.848075892379191     0     0     0
41.5540431606999     0.848291135039097     0     0     0
41.5408100488858     0.848209553764929     0     0     0
41.5275771743327     0.848005320216833     0     0     0
41.5143445379569     0.848116704784362     0     0     0
41.5011121406751     0.848479879001033     0     0     0
41.487879983404     0.84848449777924     0     0     0
41.4746480670603     0.848575762936528     0     0     0
41.4614163925608     0.848624328092371     0     0     0
41.4481849608227     0.848584453570959     0     0     0
41.4349537727627     0.848648579738115     0     0     0
41.4217228292982     0.84860770923981     0     0     0
41.4084921313462     0.848439777128817     0     0     0
41.395261679824     0.848320641931187     0     0     0
41.3820314756491     0.848410783999119     0     0     0
41.368801519739     0.848418190446697     0     0     0
41.3555718130111     0.848661865537848     0     0     0
41.3423423563831     0.848393902640855     0     0     0
41.3291131507728     0.848385490809053     0     0     0
41.315884197098     0.848325817185786     0     0     0
41.3026554962766     0.848346157249626     0     0     0
41.2894270492266     0.848163213330881     0     0     0
41.2761988568661     0.848249849351566     0     0     0
41.2629709201134     0.848168630554556     0     0     0
41.2497432398867     0.848133013737404     0     0     0
41.2365158171043     0.847959850447386     0     0     0
41.2232886526848     0.848088732188882     0     0     0
41.2100617475467     0.847748048551873     0     0     0
41.1968351026086     0.847800973006866     0     0     0
41.1836087187894     0.847547011952568     0     0     0
41.1703825970079     0.84768086596411     0     0     0
41.1571567381829     0.847351682678644     0     0     0
41.1439311432336     0.847372678775051     0     0     0
41.130705813079     0.847257814056051     0     0     0
41.1174807486384     0.847261748639266     0     0     0
41.1042559508312     0.846802250185943     0     0     0
41.0910314205766     0.846893625811653     0     0     0
41.0778071587943     0.846663857987078     0     0     0
41.0645831664038     0.84680604209848     0     0     0
41.0513594443248     0.846581288212691     0     0     0
41.0381359934772     0.846399355273794     0     0     0
41.0249128147808     0.846300325569058     0     0     0
41.0116899091557     0.846241428330107     0     0     0
40.9984672775219     0.845973090405335     0     0     0
40.9852449207996     0.845616023712957     0     0     0
40.9720228399091     0.84544234854987     0     0     0
40.9588010357708     0.845261387712777     0     0     0
40.9455795093053     0.845169930774597     0     0     0
40.932358261433     0.844965492948164     0     0     0
40.9191372930747     0.84493831447199     0     0     0
40.9059166051511     0.84477395039511     0     0     0
40.8926961985833     0.844648933814397     0     0     0
40.8794760742921     0.844309453985652     0     0     0
40.8662562331986     0.844144306533996     0     0     0
40.8530366762241     0.843993901378386     0     0     0
40.8398174042898     0.843432855632591     0     0     0
40.8265984183172     0.843237763699223     0     0     0
40.8133797192277     0.843214108073126     0     0     0
40.800161307943     0.842989309683761     0     0     0
40.7869431853848     0.842607128593232     0     0     0
40.7737253524748     0.842313952051073     0     0     0
40.7605078101351     0.842250007429975     0     0     0
40.7472905592876     0.841974494893967     0     0     0
40.7340736008544     0.841699789271375     0     0     0
40.7208569357578     0.841425972007989     0     0     0
40.7076405649202     0.841150003699937     0     0     0
40.6944244892639     0.840872474539815     0     0     0
40.6812087097115     0.840589796148485     0     0     0
40.6679932271857     0.840387272800803     0     0     0
40.6547780426093     0.840002400983848     0     0     0
40.6415631569051     0.839553333812394     0     0     0
40.628348570996     0.839628598589291     0     0     0
40.6151342858053     0.839538875317359     0     0     0
40.601920302256     0.838999994161074     0     0     0
40.5887066212714     0.838427505114246     0     0     0
40.5754932437751     0.838086668277094     0     0     0
40.5622801706905     0.838036415598009     0     0     0
40.5490674029412     0.837558256471935     0     0     0
40.5358549414509     0.83731379375609     0     0     0
40.5226427871436     0.837219571820552     0     0     0
40.5094309409432     0.836593541725515     0     0     0
40.4962194037737     0.836204946510159     0     0     0
40.4830081765594     0.836053243516719     0     0     0
40.4697972602245     0.835928982210709     0     0     0
40.4565866556934     0.835319365926855     0     0     0
40.4433763638906     0.83514882691617     0     0     0
40.4301663857409     0.834889505348278     0     0     0
40.4169567221688     0.834506694087799     0     0     0
40.4037473740993     0.833898004018589     0     0     0
40.3905383424574     0.833736963132258     0     0     0
40.3773296281681     0.833521015832804     0     0     0
40.3641212321566     0.833197669524008     0     0     0
