44.9867361074297     0.0924813571604034     0     -6     10
44.9734722157648     0.0927450152805925     0     -6     10
44.9602083259105     0.0921898295908163     0     -6     10
44.9469444387722     0.0924610006546016     0     -6     10
44.9336805552553     0.0922467466750309     0     -6     10
44.9204166762651     0.0921890125155167     0     -6     10
44.9071528027069     0.0919416449612604     0     -6     10
44.8938889354862     0.0942258041564719     0     -6     10
44.8806250755081     0.093782616691722     0     -6     10
44.8673612236781     0.0932834930864314     0     -6     10
44.8540973809016     0.0923856588393491     0     -6     10
44.8408335480838     0.0925513253638661     0     -6     10
44.8275697261302     0.0924471220667138     0     -6     10
44.8143059159461     0.0914007399145542     0     -6     10
44.8010421184369     0.0916645252374895     0     -6     10
44.7877783345079     0.0932047128349583     0     -6     10
44.7745145650645     0.093548697375283     0     -6     10
44.7612508110122     0.0929299055835987     0     -6     10
44.7479870732562     0.0933548301606116     0     -6     10
44.7347233527021     0.0915125157438565     0     -6     10
44.7214596502551     0.0928928190555734     0     -6     10
44.7081959668207     0.0921216594260043     0     -6     10
44.6949323033044     0.0950496790160851     0     -6     10
44.6816686606115     0.0939323621450916     0     -6     10
44.6684050396474     0.0938847826090985     0     -6     10
44.6551414413176     0.0926061626411086     0     -6     10
44.6418778665275     0.0939323582285201     0     -6     10
44.6286143161827     0.0930678243073104     0     -6     10
44.6153507911885     0.0931154785831504     0     -6     10
44.6020872924504     0.0924660724701283     0     -6     10
44.5888238208739     0.095064218830486     0     -6     10
44.5755603773645     0.0946669543270466     0     -6     10
44.5622969628277     0.0951685092165293     0     -6     10
44.549033578169     0.0940495781125981     0     -6     10
44.5357702242939     0.0942712756611118     0     -6     10
44.522506902108     0.0941770229939713     0     -6     10
44.5092436125167     0.0935170432671216     0     -6     10
44.4959803564257     0.0932845806858003     0     -6     10
44.4827171347406     0.0959010157483764     0     -6     10
44.4694539483668     0.0953765777163357     0     -6     10
44.45619079821     0.0948051222071826     0     -6     10
44.4429276851758     0.0954127665903064     0     -6     10
44.4296646101698     0.0947860355784917     0     -6     10
44.4164015740977     0.0946429760896601     0     -6     10
44.4031385778651     0.0935570790254316     0     -6     10
44.3898756223776     0.0961436791701255     0     -6     10
44.376612708541     0.0948699753658014     0     -6     10
44.3633498372608     0.0943631263215792     0     -6     10
44.3500870094429     0.0944477691159284     0     -6     10
44.336824225993     0.0939359816376142     0     -6     10
44.3235614878167     0.0941732217112505     0     -6     10
44.3102987958199     0.0929694237549698     0     -6     10
44.2970361509082     0.0929229908172323     0     -6     10
44.2837735539876     0.0946050878288439     0     -6     10
44.2705110059638     0.0946928456895672     0     -6     10
44.2572485077426     0.0950012727483513     0     -6     10
44.2439860602298     0.0940231122838928     0     -6     10
44.2307236643314     0.09483508009196     0     -6     10
44.2174613209532     0.0950215879767056     0     -6     10
44.2041990310011     0.0951763390219271     0     -6     10
44.190936795381     0.0970769587359963     0     -6     10
44.1776746149988     0.0967720615389429     0     -6     10
44.1644124907606     0.0964108979278595     0     -6     10
44.1511504235722     0.0961474276265802     0     -6     10
44.1378884143397     0.096542807193022     0     -6     10
44.1246264639691     0.095928993439512     0     -6     10
44.1113645733664     0.0952274149964418     0     -6     10
44.0981027434377     0.0933365625036744     0     -6     10
44.0848409750891     0.0959757925217769     0     -6     10
44.0715792692266     0.0947593756597795     0     -6     10
44.0583176267565     0.096005712252562     0     -6     10
44.0450560485848     0.0945629370483858     0     -6     10
44.0317945356177     0.0950712150860996     0     -6     10
44.0185330887614     0.0941973792025157     0     -6     10
44.0052717089222     0.0949729644017359     0     -6     10
43.9920103970062     0.0969130349184972     0     -6     10
43.9787491539198     0.0965416060645324     0     -6     10
43.9654879805692     0.0958855166749957     0     -6     10
43.9522268778607     0.0960392646440946     0     -6     10
43.9389658467008     0.0965348009743569     0     -6     10
43.9257048879957     0.0959583981336584     0     -6     10
43.912444002652     0.0954678669564476     0     -6     10
43.8991831915758     0.094612275481553     0     -6     10
43.8859224556739     0.096736058299802     0     -6     10
43.8726617958525     0.0960603457240442     0     -6     10
43.8594012130182     0.0962147936304916     0     -6     10
43.8461407080776     0.0969867874221932     0     -6     10
43.8328802819372     0.0953638765897521     0     -6     10
43.8196199355036     0.0950897903318358     0     -6     10
43.8063596696833     0.0942795876066176     0     -6     10
43.7930994853832     0.0964107971874369     0     -6     10
43.7798393835097     0.0956301697039715     0     -6     10
43.7665793649697     0.0961057076651372     0     -6     10
43.7533194306699     0.0948733677270686     0     -6     10
43.7400595815169     0.0955868796165399     0     -6     10
43.7267998184177     0.0951105536960951     0     -6     10
43.7135401422791     0.0943353281075479     0     -6     10
43.7002805540078     0.0929880416386914     0     -6     10
43.6870210545109     0.096186499284649     0     -6     10
43.6737616446951     0.094545583040907     0     -6     10
43.6605023254675     0.0936628279880213     0     -6     10
43.6472430977351     0.0951850889294436     0     -6     10
43.6339839624049     0.0943689986809864     0     -6     10
43.6207249203839     0.0930148106944458     0     -6     10
43.6074659725792     0.0918844043879512     0     -6     10
43.5942071198979     0.0945630631577251     0     -6     10
43.5809483632472     0.093825178526205     0     -6     10
43.5676897035343     0.0950714774087042     0     -6     10
43.5544311416664     0.0942517282804776     0     -6     10
43.5411726785508     0.0949962118662602     0     -6     10
43.5279143150947     0.0964711426814004     0     -6     10
43.5146560522055     0.0949694012551155     0     -6     10
43.5013978907905     0.0977132137379173     0     -6     10
43.4881398317573     0.0984749793445609     0     -6     10
43.4748818760131     0.0977576878340661     0     -6     10
43.4616240244654     0.0972250453486102     0     -6     10
43.4483662780219     0.0972977942470333     0     -6     10
43.43510863759     0.0969595924589817     0     -6     10
43.4218511040773     0.0965276796771178     0     -6     10
43.4085936783915     0.0951310331803029     0     -6     10
43.3953363614402     0.0981978613197526     0     -6     10
43.3820791541312     0.0983355757595929     0     -6     10
43.3688220573721     0.0985003437941788     0     -6     10
43.3555650720708     0.0996129877741952     0     -6     10
43.3423081991352     0.099279739926511     0     -6     10
43.3290514394729     0.0981520367113373     0     -6     10
43.3157947939921     0.0977163134196345     0     -6     10
43.3025382636006     0.100632036044493     0     -6     10
43.2892818492064     0.0998597837950715     0     -6     10
43.2760255517175     0.100783302479725     0     -6     10
43.2627693720421     0.100106533676557     0     -6     10
43.2495133110882     0.101224978317579     0     -6     10
43.236257369764     0.100875760974292     0     -6     10
43.2230015489777     0.101128427814747     0     -6     10
43.2097458496376     0.103614374451     0     -6     10
43.1964902726519     0.102804500844127     0     -6     10
43.183234818929     0.102564880838148     0     -6     10
43.1699794893773     0.101405365207872     0     -6     10
43.1567242849051     0.102859524859824     0     -6     10
43.1434692064209     0.102106178088293     0     -6     10
43.1302142548334     0.101844984916094     0     -6     10
43.1169594310509     0.103938098141205     0     -6     10
43.1037047359822     0.103361878301643     0     -6     10
43.0904501705359     0.103883780901024     0     -6     10
43.0771957356206     0.103062727672322     0     -6     10
43.0639414321452     0.103769862270596     0     -6     10
43.0506872610184     0.103727241619584     0     -6     10
43.0374332231491     0.103885288351708     0     -6     10
43.0241793194461     0.102507295900837     0     -6     10
43.0109255508184     0.105563499059782     0     -6     10
42.9976719181749     0.105690252639423     0     -6     10
42.9844184224248     0.104843592974731     0     -6     10
42.9711650644771     0.106274942951792     0     -6     10
42.9579118452409     0.104329404076898     0     -6     10
42.9446587656254     0.103696238347424     0     -6     10
42.9314058265398     0.105490979129439     0     -6     10
42.9181530288935     0.107530757434526     0     -6     10
42.9049003735958     0.10668275143464     0     -6     10
42.891647861556     0.106383962416725     0     -6     10
42.8783954936836     0.107031009178901     0     -6     10
42.865143270888     0.10634581762629     0     -6     10
42.8518911940789     0.104774740869168     0     -6     10
42.8386392641659     0.103261748682574     0     -6     10
42.8253874820585     0.107010070848252     0     -6     10
42.8121358486664     0.107786644719776     0     -6     10
42.7988843648995     0.105839664640245     0     -6     10
42.7856330316676     0.106706070178927     0     -6     10
42.7723818498804     0.107398236873212     0     -6     10
42.759130820448     0.107661255674564     0     -6     10
42.7458799442802     0.105598193035243     0     -6     10
42.7326292222872     0.108323261688317     0     -6     10
42.719378655379     0.107293387429176     0     -6     10
42.7061282444657     0.108344790491189     0     -6     10
42.6928779904575     0.107832524489654     0     -6     10
42.6796278942648     0.108313344242964     0     -6     10
42.6663779567977     0.108089409941762     0     -6     10
42.6531281789667     0.107659193802953     0     -6     10
42.6398785616822     0.109347195938999     0     -6     10
42.6266291058547     0.108698291817864     0     -6     10
42.6133798123947     0.107589149356691     0     -6     10
42.6001306822128     0.108742491279441     0     -6     10
42.5868817162196     0.108634108195529     0     -6     10
42.573632915326     0.10860873765232     0     -6     10
42.5603842804426     0.10839518816462     0     -6     10
42.5471358124802     0.106708333136234     0     -6     10
42.5338875123499     0.10902891466591     0     -6     10
42.5206393809625     0.108527100516123     0     -6     10
42.5073914192291     0.106924680807782     0     -6     10
42.4941436280607     0.108300493252897     0     -6     10
42.4808960083686     0.107201971195374     0     -6     10
42.4676485610637     0.10599686841248     0     -6     10
42.4544012870576     0.105102453417349     0     -6     10
42.4411541872613     0.10835939520866     0     -6     10
42.4279072625865     0.108188183615037     0     -6     10
42.4146605139445     0.107482618263706     0     -6     10
42.4014139422467     0.10759097106095     0     -6     10
42.3881675484049     0.107105938645198     0     -6     10
42.3749213333306     0.106244533234173     0     -6     10
42.3616752979356     0.105769577992246     0     -6     10
42.3484294431316     0.107641611231167     0     -6     10
42.3351837698304     0.107268377306198     0     -6     10
42.3219382789441     0.106135343023109     0     -6     10
42.3086929713844     0.107695066822622     0     -6     10
42.2954478480635     0.105945889411804     0     -6     10
42.2822029098935     0.106044109563245     0     -6     10
42.2689581577864     0.107409007105904     0     -6     10
42.2557135926547     0.109065953925458     0     -6     10
42.2424692154105     0.108686068670702     0     -6     10
42.2292250269662     0.108537796595605     0     -6     10
42.2159810282344     0.109475101605085     0     -6     10
42.2027372201273     0.107005165281997     0     -6     10
42.1894936035578     0.106845524677199     0     -6     10
42.1762501794383     0.108437727060559     0     -6     10
42.1630069486816     0.110340486888765     0     -6     10
42.1497639122005     0.109512750577563     0     -6     10
42.1365210709078     0.109304786966769     0     -6     10
42.1232784257165     0.110683672204543     0     -6     10
42.1100359775395     0.108387650090527     0     -6     10
42.09679372729     0.109888794842327     0     -6     10
42.083551675881     0.10968134904694     0     -6     10
42.0703098242257     0.111354004160894     0     -6     10
42.0570681732375     0.109391301124942     0     -6     10
42.0438267238296     0.110853422218186     0     -6     10
42.0305854769156     0.111395235059019     0     -6     10
42.0173444334088     0.109656256440007     0     -6     10
42.0041035942229     0.108942573551957     0     -6     10
41.9908629602715     0.110443432200069     0     -6     10
41.9776225324684     0.112042950332295     0     -6     10
41.9643823117272     0.109269131396267     0     -6     10
41.9511422989619     0.112367387844869     0     -6     10
41.9379024950865     0.112558336162277     0     -6     10
41.9246629010149     0.111021940715129     0     -6     10
41.9114235176612     0.109639640454688     0     -6     10
41.8981843459396     0.112846435286882     0     -6     10
41.8849453867643     0.115067006873229     0     -6     10
41.8717066410497     0.111252997635354     0     -6     10
41.8584681097102     0.110415885114994     0     -6     10
41.8452297936601     0.114815453200706     0     -6     10
41.8319916938142     0.11435119262703     0     -6     10
41.8187538110869     0.109910900074228     0     -6     10
41.8055161463931     0.110062523029839     0     -6     10
41.7922787006474     0.116793514556702     0     -6     10
41.7790414747648     0.115279429913348     0     -6     10
41.7658044696602     0.109533747937717     0     -6     10
41.7525676862486     0.109874045475538     0     -6     10
41.7393311254452     0.116306893275531     0     -6     10
41.726094788165     0.116548554025022     0     -6     10
41.7128586753234     0.111480183478943     0     -6     10
41.6996227878358     0.111025374004351     0     -6     10
41.6863871266174     0.115818720411658     0     -6     10
41.673151692584     0.117950757746416     0     -6     10
41.6599164866509     0.112403540242111     0     -6     10
41.646681509734     0.108489840164382     0     -6     10
41.6334467627489     0.111139118686924     0     -6     10
41.6202122466115     0.116623175215357     0     -6     10
41.6069779622377     0.1146710111632     0     -6     10
41.5937439105435     0.106176034467493     0     -6     10
41.580510092445     0.106164319190188     0     -6     10
41.5672765088584     0.110806924272681     0     -6     10
41.5540431606999     0.109788088674512     0     -6     10
41.5408100488858     0.102554605475676     0     -6     10
41.5275771743327     0.0992414640517918     0     -6     10
41.5143445379569     0.100705468850644     0     -6     10
41.5011121406751     0.100801865832105     0     -6     10
41.487879983404     0.0965491273194736     0     -6     10
41.4746480670603     0.0925583855121528     0     -6     10
41.4614163925608     0.0900069511916297     0     -6     10
41.4481849608227     0.0879572725727538     0     -6     10
41.4349537727627     0.0874533550499501     0     -6     10
41.4217228292982     0.0876720454935613     0     -6     10
41.4084921313462     0.0846142966288171     0     -6     10
41.395261679824     0.0804612487606258     0     -6     10
41.3820314756491     0.0827327353170231     0     -6     10
41.368801519739     0.086458670384518     0     -6     10
41.3555718130111     0.0832964285350162     0     -6     10
41.3423423563831     0.078169702947428     0     -6     10
41.3291131507728     0.083722065129866     0     -6     10
41.315884197098     0.0896025386823093     0     -6     10
41.3026554962766     0.0854748788386352     0     -6     10
41.2894270492266     0.0812115633913672     0     -6     10
41.2761988568661     0.0876423664603228     0     -6     10
41.2629709201134     0.0946403664125763     0     -6     10
41.2497432398867     0.0899601508072271     0     -6     10
41.2365158171043     0.0862320831851389     0     -6     10
41.2232886526848     0.0945073809324075     0     -6     10
41.2100617475467     0.0996116009657332     0     -6     10
41.1968351026086     0.0934137766850076     0     -6     10
41.1836087187894     0.0896954681190118     0     -6     10
41.1703825970079     0.0984698944789184     0     -6     10
41.1571567381829     0.103069993481967     0     -6     10
41.1439311432336     0.0955813524993783     0     -6     10
41.130705813079     0.094223100352929     0     -6     10
41.1174807486384     0.103899242795735     0     -6     10
41.1042559508312     0.104832263985461     0     -6     10
41.0910314205766     0.0945482063701937     0     -6     10
41.0778071587943     0.0972930716045198     0     -6     10
41.0645831664038     0.106594941570096     0     -6     10
41.0513594443248     0.103852786111781     0     -6     10
41.0381359934772     0.0962968329389644     0     -6     10
41.0249128147808     0.103950298674547     0     -6     10
41.0116899091557     0.11000929488572     0     -6     10
40.9984672775219     0.100491482613439     0     -6     10
40.9852449207996     0.0988143763418041     0     -6     10
40.9720228399091     0.108778574581613     0     -6     10
40.9588010357708     0.109520794307703     0     -6     10
40.9455795093053     0.10026232798089     0     -6     10
40.932358261433     0.104636846820683     0     -6     10
40.9191372930747     0.112927928078072     0     -6     10
40.9059166051511     0.106991113919712     0     -6     10
40.8926961985833     0.0998279458780248     0     -6     10
40.8794760742921     0.110039169895567     0     -6     10
40.8662562331986     0.114579663690933     0     -6     10
40.8530366762241     0.10487606211634     0     -6     10
40.8398174042898     0.102634302598922     0     -6     10
40.8265984183172     0.112960201223294     0     -6     10
40.8133797192277     0.112730385676282     0     -6     10
40.800161307943     0.102608767967997     0     -6     10
40.7869431853848     0.106891970308178     0     -6     10
40.7737253524748     0.116120580639524     0     -6     10
40.7605078101351     0.109970888983377     0     -6     10
40.7472905592876     0.102793709959542     0     -6     10
40.7340736008544     0.111320111321669     0     -6     10
40.7208569357578     0.115484285031402     0     -6     10
40.7076405649202     0.105862263627656     0     -6     10
40.6944244892639     0.106466994416028     0     -6     10
40.6812087097115     0.115868782912102     0     -6     10
40.6679932271857     0.113898131550245     0     -6     10
40.6547780426093     0.105133760615932     0     -6     10
40.6415631569051     0.108696740363074     0     -6     10
40.628348570996     0.116374851353862     0     -6     10
40.6151342858053     0.111254581871285     0     -6     10
40.601920302256     0.105518017665618     0     -6     10
40.5887066212714     0.111907421330435     0     -6     10
40.5754932437751     0.11630955703534     0     -6     10
40.5622801706905     0.110662968656982     0     -6     10
40.5490674029412     0.105603282310314     0     -6     10
40.5358549414509     0.110622145227548     0     -6     10
40.5226427871436     0.116090289061434     0     -6     10
40.5094309409432     0.111904524900563     0     -6     10
40.4962194037737     0.105861709927131     0     -6     10
40.4830081765594     0.109961990039721     0     -6     10
40.4697972602245     0.114945801354917     0     -6     10
40.4565866556934     0.111915959613456     0     -6     10
40.4433763638906     0.105751463081641     0     -6     10
40.4301663857409     0.105905598560153     0     -6     10
40.4169567221688     0.11183713137595     0     -6     10
40.4037473740993     0.112767512488296     0     -6     10
40.3905383424574     0.106851015973309     0     -6     10
40.3773296281681     0.104865475990279     0     -6     10
40.3641212321566     0.108645592767084     0     -6     10
