44.9867361074297     0.0742473008043521     0     2     10
44.9734722157648     0.0743020727768056     0     2     10
44.9602083259105     0.0743344839005267     0     2     10
44.9469444387722     0.0741808670352595     0     2     10
44.9336805552553     0.0745902129895885     0     2     10
44.9204166762651     0.0741818540157354     0     2     10
44.9071528027069     0.074270432634722     0     2     10
44.8938889354862     0.0742943954390416     0     2     10
44.8806250755081     0.0748706319843512     0     2     10
44.8673612236781     0.0749563719119214     0     2     10
44.8540973809016     0.0748500036146599     0     2     10
44.8408335480838     0.0752276325409336     0     2     10
44.8275697261302     0.0750988933489071     0     2     10
44.8143059159461     0.0749349856424579     0     2     10
44.8010421184369     0.075011020403207     0     2     10
44.7877783345079     0.074717174787441     0     2     10
44.7745145650645     0.0749864052692638     0     2     10
44.7612508110122     0.0749284586842608     0     2     10
44.7479870732562     0.075010201912499     0     2     10
44.7347233527021     0.0752406287505617     0     2     10
44.7214596502551     0.0751621074655757     0     2     10
44.7081959668207     0.0756577551215968     0     2     10
44.6949323033044     0.0757990136972571     0     2     10
44.6816686606115     0.0759057839716115     0     2     10
44.6684050396474     0.075795993507356     0     2     10
44.6551414413176     0.0761410949160857     0     2     10
44.6418778665275     0.0763624050530592     0     2     10
44.6286143161827     0.076018692367997     0     2     10
44.6153507911885     0.0760012006981672     0     2     10
44.6020872924504     0.0762510907556314     0     2     10
44.5888238208739     0.0755385162148842     0     2     10
44.5755603773645     0.0758545016675376     0     2     10
44.5622969628277     0.0756103677826627     0     2     10
44.549033578169     0.075842803688819     0     2     10
44.5357702242939     0.0757801929704788     0     2     10
44.522506902108     0.076243237155737     0     2     10
44.5092436125167     0.0765464076396698     0     2     10
44.4959803564257     0.0762943921789436     0     2     10
44.4827171347406     0.0761802661153667     0     2     10
44.4694539483668     0.0766577511223736     0     2     10
44.45619079821     0.0760552265070978     0     2     10
44.4429276851758     0.0767945899739922     0     2     10
44.4296646101698     0.0765692502174288     0     2     10
44.4164015740977     0.076835807365302     0     2     10
44.4031385778651     0.0764820213534897     0     2     10
44.3898756223776     0.0766516411902387     0     2     10
44.376612708541     0.076465484014726     0     2     10
44.3633498372608     0.0764468972565999     0     2     10
44.3500870094429     0.0767834383634381     0     2     10
44.336824225993     0.0764296676630815     0     2     10
44.3235614878167     0.0765238684068851     0     2     10
44.3102987958199     0.0770114688081504     0     2     10
44.2970361509082     0.0763026285800062     0     2     10
44.2837735539876     0.0767924890296382     0     2     10
44.2705110059638     0.0766190254347563     0     2     10
44.2572485077426     0.0776580551279423     0     2     10
44.2439860602298     0.0776628877433123     0     2     10
44.2307236643314     0.0777951919471929     0     2     10
44.2174613209532     0.0778399769437809     0     2     10
44.2041990310011     0.0776250720182846     0     2     10
44.190936795381     0.0774581164087816     0     2     10
44.1776746149988     0.0772375068381029     0     2     10
44.1644124907606     0.0775752326029854     0     2     10
44.1511504235722     0.0773363770819551     0     2     10
44.1378884143397     0.0776213629866371     0     2     10
44.1246264639691     0.0776280301998     0     2     10
44.1113645733664     0.077379835568433     0     2     10
44.0981027434377     0.0773857402653351     0     2     10
44.0848409750891     0.0778254772984759     0     2     10
44.0715792692266     0.0776502042716734     0     2     10
44.0583176267565     0.0779079200401014     0     2     10
44.0450560485848     0.0780824151482393     0     2     10
44.0317945356177     0.0784210148921946     0     2     10
44.0185330887614     0.0783786122548902     0     2     10
44.0052717089222     0.0781039109174857     0     2     10
43.9920103970062     0.0781850457882618     0     2     10
43.9787491539198     0.0787047162858289     0     2     10
43.9654879805692     0.078609787414638     0     2     10
43.9522268778607     0.0785147132891102     0     2     10
43.9389658467008     0.0780400462996946     0     2     10
43.9257048879957     0.0781707880721827     0     2     10
43.912444002652     0.0779425713101541     0     2     10
43.8991831915758     0.0781964296031569     0     2     10
43.8859224556739     0.0783439678052894     0     2     10
43.8726617958525     0.0787054634482242     0     2     10
43.8594012130182     0.0786159179463151     0     2     10
43.8461407080776     0.0787437043717511     0     2     10
43.8328802819372     0.0789759291630508     0     2     10
43.8196199355036     0.0793237121630847     0     2     10
43.8063596696833     0.0793244768565881     0     2     10
43.7930994853832     0.0795905601392693     0     2     10
43.7798393835097     0.0790639726026319     0     2     10
43.7665793649697     0.0789669363865148     0     2     10
43.7533194306699     0.0790768963145666     0     2     10
43.7400595815169     0.0790095647019694     0     2     10
43.7267998184177     0.0784741357991835     0     2     10
43.7135401422791     0.0790799659981096     0     2     10
43.7002805540078     0.0790395363652767     0     2     10
43.6870210545109     0.0787711005363625     0     2     10
43.6737616446951     0.078998233616303     0     2     10
43.6605023254675     0.0796032475650215     0     2     10
43.6472430977351     0.0798792121175436     0     2     10
43.6339839624049     0.0796262852184874     0     2     10
43.6207249203839     0.0796827558345934     0     2     10
43.6074659725792     0.079623384913552     0     2     10
43.5942071198979     0.0799857702512171     0     2     10
43.5809483632472     0.0792758750861945     0     2     10
43.5676897035343     0.0796042362688284     0     2     10
43.5544311416664     0.0793469888268989     0     2     10
43.5411726785508     0.0796048223634688     0     2     10
43.5279143150947     0.0794533282758398     0     2     10
43.5146560522055     0.0802216280951617     0     2     10
43.5013978907905     0.0798186178271344     0     2     10
43.4881398317573     0.0800428570303572     0     2     10
43.4748818760131     0.0806595111993434     0     2     10
43.4616240244654     0.0808836901836081     0     2     10
43.4483662780219     0.0809366314816611     0     2     10
43.43510863759     0.0807618222984771     0     2     10
43.4218511040773     0.0810154186700508     0     2     10
43.4085936783915     0.0807863487567944     0     2     10
43.3953363614402     0.0811097649037951     0     2     10
43.3820791541312     0.0805265978238386     0     2     10
43.3688220573721     0.0803982900547887     0     2     10
43.3555650720708     0.080444929325792     0     2     10
43.3423081991352     0.0803225231251443     0     2     10
43.3290514394729     0.080190210939645     0     2     10
43.3157947939921     0.0808665893807366     0     2     10
43.3025382636006     0.0808343005793492     0     2     10
43.2892818492064     0.081254857741763     0     2     10
43.2760255517175     0.0811552225302207     0     2     10
43.2627693720421     0.0812273621692586     0     2     10
43.2495133110882     0.0813158423631692     0     2     10
43.236257369764     0.0815580564278832     0     2     10
43.2230015489777     0.081224999278465     0     2     10
43.2097458496376     0.0815186696408474     0     2     10
43.1964902726519     0.0812067040039005     0     2     10
43.183234818929     0.0811072092195779     0     2     10
43.1699794893773     0.0816780716336929     0     2     10
43.1567242849051     0.081670359866177     0     2     10
43.1434692064209     0.0814567181230073     0     2     10
43.1302142548334     0.0813581379764396     0     2     10
43.1169594310509     0.081501201859418     0     2     10
43.1037047359822     0.0819046441071224     0     2     10
43.0904501705359     0.0813868472480807     0     2     10
43.0771957356206     0.0824990728663957     0     2     10
43.0639414321452     0.0822762955326033     0     2     10
43.0506872610184     0.081993871925398     0     2     10
43.0374332231491     0.0817919590450534     0     2     10
43.0241793194461     0.0823959924982311     0     2     10
43.0109255508184     0.0821253482928537     0     2     10
42.9976719181749     0.0826098239680975     0     2     10
42.9844184224248     0.0819727479765234     0     2     10
42.9711650644771     0.0821861955907565     0     2     10
42.9579118452409     0.082306526573009     0     2     10
42.9446587656254     0.0822481206888479     0     2     10
42.9314058265398     0.0818545732237215     0     2     10
42.9181530288935     0.0820579123900585     0     2     10
42.9049003735958     0.0819598393116687     0     2     10
42.891647861556     0.0825401524626727     0     2     10
42.8783954936836     0.0822309708887527     0     2     10
42.865143270888     0.0825702989653867     0     2     10
42.8518911940789     0.0829394327165731     0     2     10
42.8386392641659     0.0832040457843794     0     2     10
42.8253874820585     0.0833432836450917     0     2     10
42.8121358486664     0.0827233708895866     0     2     10
42.7988843648995     0.0833405784097057     0     2     10
42.7856330316676     0.0830701633646542     0     2     10
42.7723818498804     0.0830597405036887     0     2     10
42.759130820448     0.0836369366483298     0     2     10
42.7458799442802     0.0833974518029568     0     2     10
42.7326292222872     0.0831854778279634     0     2     10
42.719378655379     0.0824794283118732     0     2     10
42.7061282444657     0.082736153516026     0     2     10
42.6928779904575     0.0825699219129676     0     2     10
42.6796278942648     0.0828535570673406     0     2     10
42.6663779567977     0.082975848075174     0     2     10
42.6531281789667     0.0832824621662594     0     2     10
42.6398785616822     0.0833569881646874     0     2     10
42.6266291058547     0.0839001663694094     0     2     10
42.6133798123947     0.083367316066191     0     2     10
42.6001306822128     0.0837171441722427     0     2     10
42.5868817162196     0.0834846852426731     0     2     10
42.573632915326     0.0837732991066333     0     2     10
42.5603842804426     0.0840483549364621     0     2     10
42.5471358124802     0.083923487830571     0     2     10
42.5338875123499     0.0840531094674503     0     2     10
42.5206393809625     0.0837932480663273     0     2     10
42.5073914192291     0.0838967379277559     0     2     10
42.4941436280607     0.0839952091256982     0     2     10
42.4808960083686     0.0840841403480666     0     2     10
42.4676485610637     0.0842055614700344     0     2     10
42.4544012870576     0.0839907656727659     0     2     10
42.4411541872613     0.084750507611637     0     2     10
42.4279072625865     0.084294003676027     0     2     10
42.4146605139445     0.0844663887213981     0     2     10
42.4014139422467     0.0843979621405274     0     2     10
42.3881675484049     0.08467320244214     0     2     10
42.3749213333306     0.0848364603816304     0     2     10
42.3616752979356     0.0840380710934988     0     2     10
42.3484294431316     0.0845451596616845     0     2     10
42.3351837698304     0.0843567680956208     0     2     10
42.3219382789441     0.08378477355676     0     2     10
42.3086929713844     0.084329992287547     0     2     10
42.2954478480635     0.0848232399939906     0     2     10
42.2822029098935     0.0842683658434899     0     2     10
42.2689581577864     0.0848962512444923     0     2     10
42.2557135926547     0.0847155068287613     0     2     10
42.2424692154105     0.0849964647761622     0     2     10
42.2292250269662     0.085029928470805     0     2     10
42.2159810282344     0.0854567258036301     0     2     10
42.2027372201273     0.0852540585522657     0     2     10
42.1894936035578     0.0854896351865571     0     2     10
42.1762501794383     0.085578599118722     0     2     10
42.1630069486816     0.0855711524339085     0     2     10
42.1497639122005     0.0854969094586867     0     2     10
42.1365210709078     0.0851494833460469     0     2     10
42.1232784257165     0.0851923236315334     0     2     10
42.1100359775395     0.0856509935393266     0     2     10
42.09679372729     0.0854466879665146     0     2     10
42.083551675881     0.0856842365477328     0     2     10
42.0703098242257     0.0856011341872922     0     2     10
42.0570681732375     0.085397059161913     0     2     10
42.0438267238296     0.0853142755375676     0     2     10
42.0305854769156     0.0858918415199253     0     2     10
42.0173444334088     0.0862199808965275     0     2     10
42.0041035942229     0.0859390134168464     0     2     10
41.9908629602715     0.0860001672604001     0     2     10
41.9776225324684     0.0857918203590618     0     2     10
41.9643823117272     0.0862821131699314     0     2     10
41.9511422989619     0.0860946592611648     0     2     10
41.9379024950865     0.0856132856657458     0     2     10
41.9246629010149     0.0859189699136827     0     2     10
41.9114235176612     0.0865642524479552     0     2     10
41.8981843459396     0.0862974921589119     0     2     10
41.8849453867643     0.0865280011256485     0     2     10
41.8717066410497     0.0865498944316861     0     2     10
41.8584681097102     0.0863909015166607     0     2     10
41.8452297936601     0.0859841536848558     0     2     10
41.8319916938142     0.0867736574625879     0     2     10
41.8187538110869     0.086271145045699     0     2     10
41.8055161463931     0.0863106470466176     0     2     10
41.7922787006474     0.0868773303196464     0     2     10
41.7790414747648     0.086449185396552     0     2     10
41.7658044696602     0.0864511341217215     0     2     10
41.7525676862486     0.0866189876379533     0     2     10
41.7393311254452     0.0865834324495072     0     2     10
41.726094788165     0.086174149165546     0     2     10
41.7128586753234     0.0866546710791981     0     2     10
41.6996227878358     0.0871045232925912     0     2     10
41.6863871266174     0.0869677722248337     0     2     10
41.673151692584     0.0866789483790446     0     2     10
41.6599164866509     0.0871770203227973     0     2     10
41.646681509734     0.0868532088214439     0     2     10
41.6334467627489     0.0875014170998944     0     2     10
41.6202122466115     0.0869516076273443     0     2     10
41.6069779622377     0.0875725709434049     0     2     10
41.5937439105435     0.0876332408051205     0     2     10
41.580510092445     0.0873824151880674     0     2     10
41.5672765088584     0.0876143970547426     0     2     10
41.5540431606999     0.0871861500158547     0     2     10
41.5408100488858     0.0874311372258651     0     2     10
41.5275771743327     0.0871531765923427     0     2     10
41.5143445379569     0.0875057162476731     0     2     10
41.5011121406751     0.0874964579818975     0     2     10
41.487879983404     0.087479286876988     0     2     10
41.4746480670603     0.0874783451792565     0     2     10
41.4614163925608     0.0872336215949613     0     2     10
41.4481849608227     0.0878227996905629     0     2     10
41.4349537727627     0.087671617168459     0     2     10
41.4217228292982     0.0875802765582272     0     2     10
41.4084921313462     0.0876805042896414     0     2     10
41.395261679824     0.0877484854448368     0     2     10
41.3820314756491     0.0877806150848122     0     2     10
41.368801519739     0.0885855212702635     0     2     10
41.3555718130111     0.0882867936558164     0     2     10
41.3423423563831     0.0879109534347018     0     2     10
41.3291131507728     0.0882757672354872     0     2     10
41.315884197098     0.088448964805172     0     2     10
41.3026554962766     0.0876062383289429     0     2     10
41.2894270492266     0.0880309291017038     0     2     10
41.2761988568661     0.0877995279123669     0     2     10
41.2629709201134     0.0881959245146938     0     2     10
41.2497432398867     0.0878605178497218     0     2     10
41.2365158171043     0.0883761763461412     0     2     10
41.2232886526848     0.0883911390105338     0     2     10
41.2100617475467     0.0883436777788613     0     2     10
41.1968351026086     0.0883337887733587     0     2     10
41.1836087187894     0.0881664162292351     0     2     10
41.1703825970079     0.0886250157190061     0     2     10
41.1571567381829     0.0886775463716179     0     2     10
41.1439311432336     0.0891632106883149     0     2     10
41.130705813079     0.0888706969952433     0     2     10
41.1174807486384     0.0885682621792918     0     2     10
41.1042559508312     0.0887788955485647     0     2     10
41.0910314205766     0.0887227546285649     0     2     10
41.0778071587943     0.0885029713449222     0     2     10
41.0645831664038     0.0887981906909712     0     2     10
41.0513594443248     0.088646090400537     0     2     10
41.0381359934772     0.0888013104570973     0     2     10
41.0249128147808     0.0892098664007511     0     2     10
41.0116899091557     0.0896077533854577     0     2     10
40.9984672775219     0.0896183792408647     0     2     10
40.9852449207996     0.0892577753789257     0     2     10
40.9720228399091     0.0901368741313117     0     2     10
40.9588010357708     0.0899193571291449     0     2     10
40.9455795093053     0.0900196628972821     0     2     10
40.932358261433     0.0899397016022523     0     2     10
40.9191372930747     0.0900379580795698     0     2     10
40.9059166051511     0.0897901107262263     0     2     10
40.8926961985833     0.0899049253934447     0     2     10
40.8794760742921     0.0901139831217173     0     2     10
40.8662562331986     0.0901261437939986     0     2     10
40.8530366762241     0.0898744292566068     0     2     10
40.8398174042898     0.0901953594532302     0     2     10
40.8265984183172     0.0900314794998239     0     2     10
40.8133797192277     0.0900480736349736     0     2     10
40.800161307943     0.090252501256593     0     2     10
40.7869431853848     0.0903063005338379     0     2     10
40.7737253524748     0.090491427194791     0     2     10
40.7605078101351     0.0901992150296625     0     2     10
40.7472905592876     0.0904841918141229     0     2     10
40.7340736008544     0.0906364918975321     0     2     10
40.7208569357578     0.090576390249394     0     2     10
40.7076405649202     0.0905311033368907     0     2     10
40.6944244892639     0.0904371522251404     0     2     10
40.6812087097115     0.0905258747445011     0     2     10
40.6679932271857     0.0904712868999971     0     2     10
40.6547780426093     0.0903614681134757     0     2     10
40.6415631569051     0.0907907166276294     0     2     10
40.628348570996     0.091116746771557     0     2     10
40.6151342858053     0.0910562465945406     0     2     10
40.601920302256     0.0910599995418427     0     2     10
40.5887066212714     0.0909872988336569     0     2     10
40.5754932437751     0.0909491387906862     0     2     10
40.5622801706905     0.0911032534441248     0     2     10
40.5490674029412     0.0912322427892529     0     2     10
40.5358549414509     0.091431355946858     0     2     10
40.5226427871436     0.0911059044516753     0     2     10
40.5094309409432     0.0908650413801564     0     2     10
40.4962194037737     0.0910268459622586     0     2     10
40.4830081765594     0.0909558364921431     0     2     10
40.4697972602245     0.0913574675623586     0     2     10
40.4565866556934     0.0910269430104912     0     2     10
40.4433763638906     0.0913092528352405     0     2     10
40.4301663857409     0.0912427736877026     0     2     10
40.4169567221688     0.0915776947885606     0     2     10
40.4037473740993     0.0916233946281394     0     2     10
40.3905383424574     0.0916858682429908     0     2     10
40.3773296281681     0.0915142484930082     0     2     10
40.3641212321566     0.0918799821887099     0     2     10
