40.3773296281681     0.117974620594617     0     -4     2
40.3905383424574     0.118660386758318     0     -4     2
40.4037473740993     0.119444033505769     0     -4     2
40.4169567221688     0.120146910359433     0     -4     2
40.4301663857409     0.120927193308468     0     -4     2
40.4433763638906     0.121215914052259     0     -4     2
40.4565866556934     0.122303373997078     0     -4     2
40.4697972602245     0.122344047391208     0     -4     2
40.4830081765594     0.122518102840633     0     -4     2
40.4962194037737     0.123699377930606     0     -4     2
40.5094309409432     0.123599864859304     0     -4     2
40.5226427871436     0.124172696972886     0     -4     2
40.5358549414509     0.124929986338262     0     -4     2
40.5490674029412     0.12497802052298     0     -4     2
40.5622801706905     0.124801508810941     0     -4     2
40.5754932437751     0.125429209782774     0     -4     2
40.5887066212714     0.126068967809812     0     -4     2
40.601920302256     0.125508471441648     0     -4     2
40.6151342858053     0.125529374170286     0     -4     2
40.628348570996     0.125510345857226     0     -4     2
40.6415631569051     0.125784757929145     0     -4     2
40.6547780426093     0.124687546094837     0     -4     2
40.6679932271857     0.124021441485969     0     -4     2
40.6812087097115     0.1243925089266     0     -4     2
40.6944244892639     0.123612478270427     0     -4     2
40.7076405649202     0.122883105289649     0     -4     2
40.7208569357578     0.122115619530222     0     -4     2
40.7340736008544     0.121724520886813     0     -4     2
40.7472905592876     0.120590773544056     0     -4     2
40.7605078101351     0.119435119905126     0     -4     2
40.7737253524748     0.11857976859792     0     -4     2
40.7869431853848     0.11718853614971     0     -4     2
40.800161307943     0.115970427579145     0     -4     2
40.8133797192277     0.114701766509389     0     -4     2
40.8265984183172     0.113414636139313     0     -4     2
40.8398174042898     0.112104801533173     0     -4     2
40.8530366762241     0.110485684202478     0     -4     2
40.8662562331986     0.108667178730646     0     -4     2
40.8794760742921     0.107541053690576     0     -4     2
40.8926961985833     0.105339557923987     0     -4     2
40.9059166051511     0.103898936777293     0     -4     2
40.9191372930747     0.10241382168848     0     -4     2
40.932358261433     0.100399410453538     0     -4     2
40.9455795093053     0.0987213035733702     0     -4     2
40.9588010357708     0.097389910013572     0     -4     2
40.9720228399091     0.0959860644960843     0     -4     2
40.9852449207996     0.0949273308029583     0     -4     2
40.9984672775219     0.0933997464053533     0     -4     2
41.0116899091557     0.092212339502821     0     -4     2
41.0249128147808     0.091815448809971     0     -4     2
41.0381359934772     0.0913888202132904     0     -4     2
41.0513594443248     0.0910893231745037     0     -4     2
41.0645831664038     0.0909323353467953     0     -4     2
41.0778071587943     0.0918828708562026     0     -4     2
41.0910314205766     0.0929240539472526     0     -4     2
41.1042559508312     0.0946451555557536     0     -4     2
41.1174807486384     0.0977657600388125     0     -4     2
41.130705813079     0.100091174857119     0     -4     2
41.1439311432336     0.103818734614139     0     -4     2
41.1571567381829     0.107972880740064     0     -4     2
41.1703825970079     0.113198596651535     0     -4     2
41.1836087187894     0.11882054641162     0     -4     2
41.1968351026086     0.124522944028967     0     -4     2
41.2100617475467     0.132590752431653     0     -4     2
41.2232886526848     0.13996109576781     0     -4     2
41.2365158171043     0.148360450154149     0     -4     2
41.2497432398867     0.157537958956319     0     -4     2
41.2629709201134     0.167551210897874     0     -4     2
41.2761988568661     0.177547660925403     0     -4     2
41.2894270492266     0.189596449886712     0     -4     2
41.3026554962766     0.202514547162042     0     -4     2
41.315884197098     0.214896667625375     0     -4     2
41.3291131507728     0.228518574425597     0     -4     2
41.3423423563831     0.242316801903824     0     -4     2
41.3555718130111     0.256991989888198     0     -4     2
41.368801519739     0.271605305657928     0     -4     2
41.3820314756491     0.286437132454699     0     -4     2
41.395261679824     0.303040357177578     0     -4     2
41.4084921313462     0.318474585488283     0     -4     2
41.4217228292982     0.334162892504348     0     -4     2
41.4349537727627     0.349347459449383     0     -4     2
41.4481849608227     0.365320853972139     0     -4     2
41.4614163925608     0.380657400246592     0     -4     2
41.4746480670603     0.396345579917496     0     -4     2
41.487879983404     0.412103192803216     0     -4     2
41.5011121406751     0.427286046849405     0     -4     2
41.5143445379569     0.44282215387821     0     -4     2
41.5275771743327     0.458371688203519     0     -4     2
41.5408100488858     0.473328341726245     0     -4     2
41.5540431606999     0.491032017992013     0     -4     2
41.5672765088584     0.506017259398066     0     -4     2
41.580510092445     0.520050443785882     0     -4     2
41.5937439105435     0.534081105495523     0     -4     2
41.6069779622377     0.547857226516432     0     -4     2
41.6202122466115     0.560816615449895     0     -4     2
41.6334467627489     0.573499825710705     0     -4     2
41.646681509734     0.585192623383859     0     -4     2
41.6599164866509     0.597080907772029     0     -4     2
41.673151692584     0.608454598574407     0     -4     2
41.6863871266174     0.619183811603614     0     -4     2
41.6996227878358     0.629539421531411     0     -4     2
41.7128586753234     0.639592690730292     0     -4     2
41.726094788165     0.64923498055378     0     -4     2
41.7393311254452     0.658458716700757     0     -4     2
41.7525676862486     0.667307110791404     0     -4     2
41.7658044696602     0.67606024950546     0     -4     2
41.7790414747648     0.684214981606784     0     -4     2
41.7922787006474     0.692279482104953     0     -4     2
41.8055161463931     0.699882167788472     0     -4     2
41.8187538110869     0.707413053712266     0     -4     2
41.8319916938142     0.714371409988799     0     -4     2
41.8452297936601     0.721497996153843     0     -4     2
41.8584681097102     0.728092874376839     0     -4     2
41.8717066410497     0.734316920276302     0     -4     2
41.8849453867643     0.740067425169202     0     -4     2
41.8981843459396     0.745737991060748     0     -4     2
41.9114235176612     0.750949053794747     0     -4     2
41.9246629010149     0.755964047150884     0     -4     2
41.9379024950865     0.761282119276461     0     -4     2
41.9511422989619     0.766206996886536     0     -4     2
41.9643823117272     0.7706549739272     0     -4     2
41.9776225324684     0.774926083085196     0     -4     2
41.9908629602715     0.779205613795576     0     -4     2
42.0041035942229     0.783172031717086     0     -4     2
42.0173444334088     0.787019779947868     0     -4     2
42.0305854769156     0.790246302498021     0     -4     2
42.0438267238296     0.794172470686123     0     -4     2
42.0570681732375     0.797124709137486     0     -4     2
42.0703098242257     0.800109780327223     0     -4     2
42.083551675881     0.803022868459981     0     -4     2
42.09679372729     0.805662777745224     0     -4     2
42.1100359775395     0.808309388702241     0     -4     2
42.1232784257165     0.810451240288788     0     -4     2
42.1365210709078     0.813099941973007     0     -4     2
42.1497639122005     0.815058566908923     0     -4     2
42.1630069486816     0.816961559821375     0     -4     2
42.1762501794383     0.818865353505334     0     -4     2
42.1894936035578     0.820788615942258     0     -4     2
42.2027372201273     0.822581897087447     0     -4     2
42.2159810282344     0.823862831656961     0     -4     2
42.2292250269662     0.825936061527577     0     -4     2
42.2424692154105     0.827065743183989     0     -4     2
42.2557135926547     0.828289812209109     0     -4     2
42.2689581577864     0.829560077812121     0     -4     2
42.2822029098935     0.830722846428415     0     -4     2
42.2954478480635     0.831761260930367     0     -4     2
42.3086929713844     0.832658918819566     0     -4     2
42.3219382789441     0.833912256763613     0     -4     2
42.3351837698304     0.83459861771791     0     -4     2
42.3484294431316     0.835421124928531     0     -4     2
42.3616752979356     0.836128867970177     0     -4     2
42.3749213333306     0.836970794199208     0     -4     2
42.3881675484049     0.83761550101946     0     -4     2
42.4014139422467     0.838211437562042     0     -4     2
42.4146605139445     0.83935244490725     0     -4     2
42.4279072625865     0.839849142172514     0     -4     2
42.4411541872613     0.840099928283241     0     -4     2
42.4544012870576     0.840531848282302     0     -4     2
42.4676485610637     0.841009432259493     0     -4     2
42.4808960083686     0.841347924019609     0     -4     2
42.4941436280607     0.841738473816558     0     -4     2
42.5073914192291     0.84233903484074     0     -4     2
42.5206393809625     0.842692894821129     0     -4     2
42.5338875123499     0.842964821744368     0     -4     2
42.5471358124802     0.84313899069585     0     -4     2
42.5603842804426     0.843338554947187     0     -4     2
42.573632915326     0.84371293860434     0     -4     2
42.5868817162196     0.843781483800685     0     -4     2
42.6001306822128     0.844529187538216     0     -4     2
42.6133798123947     0.844522465291027     0     -4     2
42.6266291058547     0.844842255035358     0     -4     2
42.6398785616822     0.844827862574561     0     -4     2
42.6531281789667     0.845073982878942     0     -4     2
42.6663779567977     0.845251424126425     0     -4     2
42.6796278942648     0.845659488256691     0     -4     2
42.6928779904575     0.846003945745973     0     -4     2
42.7061282444657     0.84618451535046     0     -4     2
42.719378655379     0.846183995516283     0     -4     2
42.7326292222872     0.846400035112741     0     -4     2
42.7458799442802     0.846178552250323     0     -4     2
42.759130820448     0.846445732690532     0     -4     2
42.7723818498804     0.846652148295615     0     -4     2
42.7856330316676     0.846974815232302     0     -4     2
42.7988843648995     0.847102483061263     0     -4     2
42.8121358486664     0.847203966492013     0     -4     2
42.8253874820585     0.847443831830335     0     -4     2
42.8386392641659     0.847275946881979     0     -4     2
42.8518911940789     0.847156764542007     0     -4     2
42.865143270888     0.847255966816021     0     -4     2
42.8783954936836     0.84717899503961     0     -4     2
42.891647861556     0.847610438870625     0     -4     2
42.9049003735958     0.847317082848029     0     -4     2
42.9181530288935     0.847365893849299     0     -4     2
42.9314058265398     0.847507205307324     0     -4     2
42.9446587656254     0.847612745936458     0     -4     2
42.9579118452409     0.847752719811393     0     -4     2
42.9711650644771     0.847395528799331     0     -4     2
42.9844184224248     0.847834378556103     0     -4     2
42.9976719181749     0.848038236660314     0     -4     2
43.0109255508184     0.84777896713285     0     -4     2
43.0241793194461     0.848078704476642     0     -4     2
43.0374332231491     0.847973610734951     0     -4     2
43.0506872610184     0.848024635637134     0     -4     2
43.0639414321452     0.848235540310284     0     -4     2
43.0771957356206     0.848582727435574     0     -4     2
43.0904501705359     0.848827882017524     0     -4     2
43.1037047359822     0.848605651314178     0     -4     2
43.1169594310509     0.848558986543003     0     -4     2
43.1302142548334     0.848678358060436     0     -4     2
43.1434692064209     0.848906550592939     0     -4     2
43.1567242849051     0.848810955342149     0     -4     2
43.1699794893773     0.8487587821308     0     -4     2
43.183234818929     0.848964046620165     0     -4     2
43.1964902726519     0.849141768540816     0     -4     2
43.2097458496376     0.849139262863034     0     -4     2
43.2230015489777     0.849163689315322     0     -4     2
43.236257369764     0.849038110353237     0     -4     2
43.2495133110882     0.84900943900178     0     -4     2
43.2627693720421     0.849521517589821     0     -4     2
43.2760255517175     0.849584470702088     0     -4     2
43.2892818492064     0.849548574613829     0     -4     2
43.3025382636006     0.849565114453334     0     -4     2
43.3157947939921     0.849434104162125     0     -4     2
43.3290514394729     0.849552866558581     0     -4     2
43.3423081991352     0.849497329928993     0     -4     2
43.3555650720708     0.849518242607464     0     -4     2
43.3688220573721     0.849590122253628     0     -4     2
43.3820791541312     0.849639771199042     0     -4     2
43.3953363614402     0.849623439518163     0     -4     2
43.4085936783915     0.849536693830221     0     -4     2
43.4218511040773     0.849665020779124     0     -4     2
43.43510863759     0.849484661764253     0     -4     2
43.4483662780219     0.849541078047593     0     -4     2
43.4616240244654     0.849762182356762     0     -4     2
43.4748818760131     0.849794777084949     0     -4     2
43.4881398317573     0.849745607363843     0     -4     2
43.5013978907905     0.849335500324787     0     -4     2
43.5146560522055     0.849665081866103     0     -4     2
43.5279143150947     0.849370831303206     0     -4     2
43.5411726785508     0.849262295442386     0     -4     2
43.5544311416664     0.849553991630992     0     -4     2
43.5676897035343     0.849554132519308     0     -4     2
43.5809483632472     0.849568035729631     0     -4     2
43.5942071198979     0.849492630447193     0     -4     2
43.6074659725792     0.849640031144692     0     -4     2
43.6207249203839     0.849359422655989     0     -4     2
43.6339839624049     0.849593678810555     0     -4     2
43.6472430977351     0.84956601989061     0     -4     2
43.6605023254675     0.849602937272043     0     -4     2
43.6737616446951     0.849680694219381     0     -4     2
43.6870210545109     0.849583634868938     0     -4     2
43.7002805540078     0.849449298946773     0     -4     2
43.7135401422791     0.849409216587229     0     -4     2
43.7267998184177     0.848994393322037     0     -4     2
43.7400595815169     0.849121970973326     0     -4     2
43.7533194306699     0.849701385401107     0     -4     2
43.7665793649697     0.849447739659792     0     -4     2
43.7798393835097     0.849435139362464     0     -4     2
43.7930994853832     0.849396290689555     0     -4     2
43.8063596696833     0.849162552861813     0     -4     2
43.8196199355036     0.848713795279049     0     -4     2
43.8328802819372     0.848865802096985     0     -4     2
43.8461407080776     0.848640810852375     0     -4     2
43.8594012130182     0.849285838984826     0     -4     2
43.8726617958525     0.8491425576369     0     -4     2
43.8859224556739     0.848806419669248     0     -4     2
43.8991831915758     0.848883775143653     0     -4     2
43.912444002652     0.848712257099871     0     -4     2
43.9257048879957     0.848639304765245     0     -4     2
43.9389658467008     0.848536842260659     0     -4     2
43.9522268778607     0.848804688463528     0     -4     2
43.9654879805692     0.848632734141157     0     -4     2
43.9787491539198     0.848789607849297     0     -4     2
43.9920103970062     0.848685802637421     0     -4     2
44.0052717089222     0.848430278391948     0     -4     2
44.0185330887614     0.848372989829295     0     -4     2
44.0317945356177     0.848255990761192     0     -4     2
44.0450560485848     0.848601080250486     0     -4     2
44.0583176267565     0.848444457346855     0     -4     2
44.0715792692266     0.848539784879713     0     -4     2
44.0848409750891     0.848514028586451     0     -4     2
44.0981027434377     0.848405196386738     0     -4     2
44.1113645733664     0.848170861185654     0     -4     2
44.1246264639691     0.848098010820023     0     -4     2
44.1378884143397     0.84826339060745     0     -4     2
44.1511504235722     0.848691958040005     0     -4     2
44.1644124907606     0.848514409473963     0     -4     2
44.1776746149988     0.848435832828985     0     -4     2
44.190936795381     0.848210490669324     0     -4     2
44.2041990310011     0.847964738482942     0     -4     2
44.2174613209532     0.848017589594831     0     -4     2
44.2307236643314     0.848084412783997     0     -4     2
44.2439860602298     0.848442703478897     0     -4     2
44.2572485077426     0.848241226565695     0     -4     2
44.2705110059638     0.848104905109847     0     -4     2
44.2837735539876     0.848090993070855     0     -4     2
44.2970361509082     0.847916316145385     0     -4     2
44.3102987958199     0.847965522633168     0     -4     2
44.3235614878167     0.847670429564989     0     -4     2
44.336824225993     0.847912871867699     0     -4     2
44.3500870094429     0.848095491706529     0     -4     2
44.3633498372608     0.848047695356861     0     -4     2
44.376612708541     0.847882915987661     0     -4     2
44.3898756223776     0.847571266452469     0     -4     2
44.4031385778651     0.847846327202368     0     -4     2
44.4164015740977     0.847614767489856     0     -4     2
44.4296646101698     0.847905586526523     0     -4     2
44.4429276851758     0.847493788634205     0     -4     2
44.45619079821     0.848018574650031     0     -4     2
44.4694539483668     0.847637486909257     0     -4     2
44.4827171347406     0.847585642179397     0     -4     2
44.4959803564257     0.847771839706428     0     -4     2
44.5092436125167     0.84766058229695     0     -4     2
44.522506902108     0.847524028382942     0     -4     2
44.5357702242939     0.847330737006692     0     -4     2
44.549033578169     0.84782574776975     0     -4     2
44.5622969628277     0.847866804433789     0     -4     2
44.5755603773645     0.847805389865223     0     -4     2
44.5888238208739     0.847565076459918     0     -4     2
44.6020872924504     0.847387439951657     0     -4     2
44.6153507911885     0.84737123396823     0     -4     2
44.6286143161827     0.847333592731574     0     -4     2
44.6418778665275     0.847399175260357     0     -4     2
44.6551414413176     0.847659063220728     0     -4     2
44.6684050396474     0.847574429211583     0     -4     2
44.6816686606115     0.8475166905986     0     -4     2
44.6949323033044     0.847315119435334     0     -4     2
44.7081959668207     0.847289900615862     0     -4     2
44.7214596502551     0.847088091232461     0     -4     2
44.7347233527021     0.84689935680226     0     -4     2
44.7479870732562     0.847018601422432     0     -4     2
44.7612508110122     0.846888722031029     0     -4     2
44.7745145650645     0.847218777998321     0     -4     2
44.7877783345079     0.846931089262276     0     -4     2
44.8010421184369     0.846727790348849     0     -4     2
44.8143059159461     0.846717297925982     0     -4     2
44.8275697261302     0.846756540179796     0     -4     2
44.8408335480838     0.846713294180523     0     -4     2
44.8540973809016     0.846901654832837     0     -4     2
44.8673612236781     0.846786317860381     0     -4     2
44.8806250755081     0.846697187020302     0     -4     2
44.8938889354862     0.846550454828568     0     -4     2
44.9071528027069     0.846537053450559     0     -4     2
44.9204166762651     0.846218647988073     0     -4     2
44.9336805552553     0.846488833419558     0     -4     2
44.9469444387722     0.84608418431993     0     -4     2
44.9602083259105     0.846347820662415     0     -4     2
44.9734722157648     0.846066999635814     0     -4     2
44.9867361074297     0.846183711655643     0     -4     2
45     0.845943620842138     0     -4     2
