44.9867361074297     0.758176839940293     0     -2     -2
44.9734722157648     0.75882270528861     0     -2     -2
44.9602083259105     0.759099940275801     0     -2     -2
44.9469444387722     0.760238209496716     0     -2     -2
44.9336805552553     0.760744357620788     0     -2     -2
44.9204166762651     0.761304429336076     0     -2     -2
44.9071528027069     0.76095896389351     0     -2     -2
44.8938889354862     0.758901276051989     0     -2     -2
44.8806250755081     0.75871606099399     0     -2     -2
44.8673612236781     0.759767260894222     0     -2     -2
44.8540973809016     0.759509500636662     0     -2     -2
44.8408335480838     0.761143869312487     0     -2     -2
44.8275697261302     0.761677270063747     0     -2     -2
44.8143059159461     0.762103672025312     0     -2     -2
44.8010421184369     0.762091517169407     0     -2     -2
44.7877783345079     0.760244951465105     0     -2     -2
44.7745145650645     0.760130043933217     0     -2     -2
44.7612508110122     0.761124113347722     0     -2     -2
44.7479870732562     0.761060080660473     0     -2     -2
44.7347233527021     0.762493515665538     0     -2     -2
44.7214596502551     0.762799150003306     0     -2     -2
44.7081959668207     0.763726395274118     0     -2     -2
44.6949323033044     0.759612786871423     0     -2     -2
44.6816686606115     0.760680570703083     0     -2     -2
44.6684050396474     0.759735564690846     0     -2     -2
44.6551414413176     0.760944005678303     0     -2     -2
44.6418778665275     0.761671827960653     0     -2     -2
44.6286143161827     0.762232097594935     0     -2     -2
44.6153507911885     0.762205497868126     0     -2     -2
44.6020872924504     0.762584377721099     0     -2     -2
44.5888238208739     0.760005450633679     0     -2     -2
44.5755603773645     0.760165993799069     0     -2     -2
44.5622969628277     0.761218051061562     0     -2     -2
44.549033578169     0.761292652552908     0     -2     -2
44.5357702242939     0.762129181847988     0     -2     -2
44.522506902108     0.763127097383407     0     -2     -2
44.5092436125167     0.763512402714354     0     -2     -2
44.4959803564257     0.763709606521916     0     -2     -2
44.4827171347406     0.76089418871285     0     -2     -2
44.4694539483668     0.761440020001129     0     -2     -2
44.45619079821     0.761560739252835     0     -2     -2
44.4429276851758     0.76191300671273     0     -2     -2
44.4296646101698     0.761144755839773     0     -2     -2
44.4164015740977     0.76220560274612     0     -2     -2
44.4031385778651     0.761583115589342     0     -2     -2
44.3898756223776     0.759419281121366     0     -2     -2
44.376612708541     0.759745611311118     0     -2     -2
44.3633498372608     0.760758728470731     0     -2     -2
44.3500870094429     0.760069365223728     0     -2     -2
44.336824225993     0.762864319733589     0     -2     -2
44.3235614878167     0.762380434772641     0     -2     -2
44.3102987958199     0.763711614204779     0     -2     -2
44.2970361509082     0.76453985996026     0     -2     -2
44.2837735539876     0.761351927015818     0     -2     -2
44.2705110059638     0.761236544911008     0     -2     -2
44.2572485077426     0.762056111485834     0     -2     -2
44.2439860602298     0.762378702425433     0     -2     -2
44.2307236643314     0.763056075501362     0     -2     -2
44.2174613209532     0.763539987362626     0     -2     -2
44.2041990310011     0.764386008435716     0     -2     -2
44.190936795381     0.761937648011001     0     -2     -2
44.1776746149988     0.761775041366909     0     -2     -2
44.1644124907606     0.762185959312955     0     -2     -2
44.1511504235722     0.762515840426963     0     -2     -2
44.1378884143397     0.764353837901126     0     -2     -2
44.1246264639691     0.765547095171906     0     -2     -2
44.1113645733664     0.766543224065837     0     -2     -2
44.0981027434377     0.767811383000787     0     -2     -2
44.0848409750891     0.764046057028322     0     -2     -2
44.0715792692266     0.764957942096676     0     -2     -2
44.0583176267565     0.76634645138859     0     -2     -2
44.0450560485848     0.766806082133312     0     -2     -2
44.0317945356177     0.76772503053876     0     -2     -2
44.0185330887614     0.768850355607624     0     -2     -2
44.0052717089222     0.769329827903654     0     -2     -2
43.9920103970062     0.767034803778804     0     -2     -2
43.9787491539198     0.767383378446669     0     -2     -2
43.9654879805692     0.769471895223041     0     -2     -2
43.9522268778607     0.769217678311932     0     -2     -2
43.9389658467008     0.77062807688906     0     -2     -2
43.9257048879957     0.770763507877415     0     -2     -2
43.912444002652     0.77182508722543     0     -2     -2
43.8991831915758     0.771631412519273     0     -2     -2
43.8859224556739     0.769427548706432     0     -2     -2
43.8726617958525     0.770359529411146     0     -2     -2
43.8594012130182     0.771232044105543     0     -2     -2
43.8461407080776     0.771964641015269     0     -2     -2
43.8328802819372     0.773071032058082     0     -2     -2
43.8196199355036     0.77456005873235     0     -2     -2
43.8063596696833     0.77451655721867     0     -2     -2
43.7930994853832     0.772441066481047     0     -2     -2
43.7798393835097     0.773002582728117     0     -2     -2
43.7665793649697     0.774003732405621     0     -2     -2
43.7533194306699     0.773958365998456     0     -2     -2
43.7400595815169     0.775329802308499     0     -2     -2
43.7267998184177     0.775414959612798     0     -2     -2
43.7135401422791     0.776858957699322     0     -2     -2
43.7002805540078     0.776837562559746     0     -2     -2
43.6870210545109     0.774513249612958     0     -2     -2
43.6737616446951     0.775298877559262     0     -2     -2
43.6605023254675     0.775617329614162     0     -2     -2
43.6472430977351     0.775791402755906     0     -2     -2
43.6339839624049     0.776507284309778     0     -2     -2
43.6207249203839     0.777050966503036     0     -2     -2
43.6074659725792     0.777214721826335     0     -2     -2
43.5942071198979     0.77505839733655     0     -2     -2
43.5809483632472     0.774957543904575     0     -2     -2
43.5676897035343     0.775665740458907     0     -2     -2
43.5544311416664     0.77488218996192     0     -2     -2
43.5411726785508     0.776841752329524     0     -2     -2
43.5279143150947     0.776884946317659     0     -2     -2
43.5146560522055     0.777614657406886     0     -2     -2
43.5013978907905     0.774879844996981     0     -2     -2
43.4881398317573     0.775543940548881     0     -2     -2
43.4748818760131     0.775696635774931     0     -2     -2
43.4616240244654     0.776412516845403     0     -2     -2
43.4483662780219     0.777062449540646     0     -2     -2
43.43510863759     0.777570085332975     0     -2     -2
43.4218511040773     0.778174097645792     0     -2     -2
43.4085936783915     0.77813059857899     0     -2     -2
43.3953363614402     0.775762554703592     0     -2     -2
43.3820791541312     0.77607499338804     0     -2     -2
43.3688220573721     0.776286368660557     0     -2     -2
43.3555650720708     0.776941901590302     0     -2     -2
43.3423081991352     0.776989840134645     0     -2     -2
43.3290514394729     0.776948739247328     0     -2     -2
43.3157947939921     0.776769096168194     0     -2     -2
43.3025382636006     0.774208242179712     0     -2     -2
43.2892818492064     0.774353774662916     0     -2     -2
43.2760255517175     0.774235925455166     0     -2     -2
43.2627693720421     0.77403440636837     0     -2     -2
43.2495133110882     0.775117159921435     0     -2     -2
43.236257369764     0.774762505478534     0     -2     -2
43.2230015489777     0.774885909581887     0     -2     -2
43.2097458496376     0.771462951522154     0     -2     -2
43.1964902726519     0.77259667140151     0     -2     -2
43.183234818929     0.771867839909897     0     -2     -2
43.1699794893773     0.772487246677823     0     -2     -2
43.1567242849051     0.771229491953369     0     -2     -2
43.1434692064209     0.772246846236111     0     -2     -2
43.1302142548334     0.771605901966495     0     -2     -2
43.1169594310509     0.768231633160059     0     -2     -2
43.1037047359822     0.768098800409525     0     -2     -2
43.0904501705359     0.768547695165716     0     -2     -2
43.0771957356206     0.767813094580355     0     -2     -2
43.0639414321452     0.768543888083219     0     -2     -2
43.0506872610184     0.768441760304887     0     -2     -2
43.0374332231491     0.767621170013159     0     -2     -2
43.0241793194461     0.766880592377994     0     -2     -2
43.0109255508184     0.762964373764922     0     -2     -2
42.9976719181749     0.762942324740783     0     -2     -2
42.9844184224248     0.762145629591782     0     -2     -2
42.9711650644771     0.761278095837871     0     -2     -2
42.9579118452409     0.760465204390826     0     -2     -2
42.9446587656254     0.758399358963673     0     -2     -2
42.9314058265398     0.756826257566981     0     -2     -2
42.9181530288935     0.752079324241354     0     -2     -2
42.9049003735958     0.750102791074935     0     -2     -2
42.891647861556     0.74738545803203     0     -2     -2
42.8783954936836     0.745032919166087     0     -2     -2
42.865143270888     0.741196901831455     0     -2     -2
42.8518911940789     0.737515642805384     0     -2     -2
42.8386392641659     0.733662948978591     0     -2     -2
42.8253874820585     0.72731054332457     0     -2     -2
42.8121358486664     0.722463637938116     0     -2     -2
42.7988843648995     0.717660952577397     0     -2     -2
42.7856330316676     0.712095615384491     0     -2     -2
42.7723818498804     0.706929712755001     0     -2     -2
42.759130820448     0.701026259060485     0     -2     -2
42.7458799442802     0.696069260986753     0     -2     -2
42.7326292222872     0.690792572450875     0     -2     -2
42.719378655379     0.687640609200976     0     -2     -2
42.7061282444657     0.685586754317978     0     -2     -2
42.6928779904575     0.68578740103638     0     -2     -2
42.6796278942648     0.687531697197917     0     -2     -2
42.6663779567977     0.691263170898684     0     -2     -2
42.6531281789667     0.696612715949204     0     -2     -2
42.6398785616822     0.702511565288036     0     -2     -2
42.6266291058547     0.709037163014386     0     -2     -2
42.6133798123947     0.715622439663278     0     -2     -2
42.6001306822128     0.721481160697177     0     -2     -2
42.5868817162196     0.726887031743866     0     -2     -2
42.573632915326     0.731972925729699     0     -2     -2
42.5603842804426     0.735527354280753     0     -2     -2
42.5471358124802     0.739313656977103     0     -2     -2
42.5338875123499     0.74093956928875     0     -2     -2
42.5206393809625     0.743751218713443     0     -2     -2
42.5073914192291     0.74601861915431     0     -2     -2
42.4941436280607     0.747950726301522     0     -2     -2
42.4808960083686     0.750153905123727     0     -2     -2
42.4676485610637     0.751018450116284     0     -2     -2
42.4544012870576     0.752719187054331     0     -2     -2
42.4411541872613     0.751440770475637     0     -2     -2
42.4279072625865     0.753074128984953     0     -2     -2
42.4146605139445     0.753285098540938     0     -2     -2
42.4014139422467     0.754602942772443     0     -2     -2
42.3881675484049     0.754434083298971     0     -2     -2
42.3749213333306     0.754996644481023     0     -2     -2
42.3616752979356     0.754197650475621     0     -2     -2
42.3484294431316     0.752866064195809     0     -2     -2
42.3351837698304     0.752577532122012     0     -2     -2
42.3219382789441     0.753131011381316     0     -2     -2
42.3086929713844     0.752214228464356     0     -2     -2
42.2954478480635     0.752474641507176     0     -2     -2
42.2822029098935     0.751671988516338     0     -2     -2
42.2689581577864     0.751088513190078     0     -2     -2
42.2557135926547     0.748926651373547     0     -2     -2
42.2424692154105     0.747974022846765     0     -2     -2
42.2292250269662     0.747388763299832     0     -2     -2
42.2159810282344     0.746867383488308     0     -2     -2
42.2027372201273     0.745812241538833     0     -2     -2
42.1894936035578     0.744673284798883     0     -2     -2
42.1762501794383     0.743301585793277     0     -2     -2
42.1630069486816     0.740662540177261     0     -2     -2
42.1497639122005     0.739682547527309     0     -2     -2
42.1365210709078     0.738346382812598     0     -2     -2
42.1232784257165     0.736925744835625     0     -2     -2
42.1100359775395     0.735725988506361     0     -2     -2
42.09679372729     0.734115293843922     0     -2     -2
42.083551675881     0.732587294451245     0     -2     -2
42.0703098242257     0.728296451936483     0     -2     -2
42.0570681732375     0.726793922414755     0     -2     -2
42.0438267238296     0.724656198634325     0     -2     -2
42.0305854769156     0.7227797781153     0     -2     -2
42.0173444334088     0.720545757617677     0     -2     -2
42.0041035942229     0.71872417561344     0     -2     -2
41.9908629602715     0.715472468530084     0     -2     -2
41.9776225324684     0.711602380756948     0     -2     -2
41.9643823117272     0.70954194277973     0     -2     -2
41.9511422989619     0.706495007595019     0     -2     -2
41.9379024950865     0.70357645413225     0     -2     -2
41.9246629010149     0.701198083293613     0     -2     -2
41.9114235176612     0.698350426214865     0     -2     -2
41.8981843459396     0.696013198718127     0     -2     -2
41.8849453867643     0.691115636128565     0     -2     -2
41.8717066410497     0.687765853986123     0     -2     -2
41.8584681097102     0.684895759490245     0     -2     -2
41.8452297936601     0.682195091081466     0     -2     -2
41.8319916938142     0.679077402728497     0     -2     -2
41.8187538110869     0.676184878188578     0     -2     -2
41.8055161463931     0.673121940491517     0     -2     -2
41.7922787006474     0.668664936448875     0     -2     -2
41.7790414747648     0.664801120041081     0     -2     -2
41.7658044696602     0.661736959878287     0     -2     -2
41.7525676862486     0.658324004943047     0     -2     -2
41.7393311254452     0.655846416855965     0     -2     -2
41.726094788165     0.652341467234806     0     -2     -2
41.7128586753234     0.649214863809693     0     -2     -2
41.6996227878358     0.644349690817093     0     -2     -2
41.6863871266174     0.641997703098953     0     -2     -2
41.673151692584     0.638443456309365     0     -2     -2
41.6599164866509     0.635288524609717     0     -2     -2
41.646681509734     0.631274175276124     0     -2     -2
41.6334467627489     0.628285715043762     0     -2     -2
41.6202122466115     0.624047649420519     0     -2     -2
41.6069779622377     0.617886138780849     0     -2     -2
41.5937439105435     0.613444471261349     0     -2     -2
41.580510092445     0.609296720887087     0     -2     -2
41.5672765088584     0.603583936744895     0     -2     -2
41.5540431606999     0.598723019747022     0     -2     -2
41.5408100488858     0.592643587722464     0     -2     -2
41.5275771743327     0.586879039975221     0     -2     -2
41.5143445379569     0.579813319521144     0     -2     -2
41.5011121406751     0.573460078182931     0     -2     -2
41.487879983404     0.566311261904023     0     -2     -2
41.4746480670603     0.559742395163187     0     -2     -2
41.4614163925608     0.55279281603336     0     -2     -2
41.4481849608227     0.545247723573983     0     -2     -2
41.4349537727627     0.538145063577456     0     -2     -2
41.4217228292982     0.529550860752596     0     -2     -2
41.4084921313462     0.521535204722591     0     -2     -2
41.395261679824     0.513674360232928     0     -2     -2
41.3820314756491     0.505057707438859     0     -2     -2
41.368801519739     0.497505656037444     0     -2     -2
41.3555718130111     0.488218917093958     0     -2     -2
41.3423423563831     0.480292122556068     0     -2     -2
41.3291131507728     0.468856185116592     0     -2     -2
41.315884197098     0.460792262619611     0     -2     -2
41.3026554962766     0.45142627053992     0     -2     -2
41.2894270492266     0.442626958305271     0     -2     -2
41.2761988568661     0.433569938588448     0     -2     -2
41.2629709201134     0.424821514811721     0     -2     -2
41.2497432398867     0.415403950424707     0     -2     -2
41.2365158171043     0.405463901273329     0     -2     -2
41.2232886526848     0.396127090999421     0     -2     -2
41.2100617475467     0.387909003963159     0     -2     -2
41.1968351026086     0.379512465605179     0     -2     -2
41.1836087187894     0.372140842046978     0     -2     -2
41.1703825970079     0.363469924103212     0     -2     -2
41.1571567381829     0.35572352939409     0     -2     -2
41.1439311432336     0.345598169288707     0     -2     -2
41.130705813079     0.338969542846498     0     -2     -2
41.1174807486384     0.331405381072192     0     -2     -2
41.1042559508312     0.324572167469659     0     -2     -2
41.0910314205766     0.317109429481836     0     -2     -2
41.0778071587943     0.311966566894844     0     -2     -2
41.0645831664038     0.304628092095509     0     -2     -2
41.0513594443248     0.296603860160961     0     -2     -2
41.0381359934772     0.29046432519695     0     -2     -2
41.0249128147808     0.285021221185342     0     -2     -2
41.0116899091557     0.28029846693784     0     -2     -2
40.9984672775219     0.275491977621877     0     -2     -2
40.9852449207996     0.270967232420365     0     -2     -2
40.9720228399091     0.266609196185159     0     -2     -2
40.9588010357708     0.258745605921024     0     -2     -2
40.9455795093053     0.255462502420674     0     -2     -2
40.932358261433     0.252055021110986     0     -2     -2
40.9191372930747     0.24860866674445     0     -2     -2
40.9059166051511     0.244702631059378     0     -2     -2
40.8926961985833     0.242111195408828     0     -2     -2
40.8794760742921     0.236756634549145     0     -2     -2
40.8662562331986     0.234449196261497     0     -2     -2
40.8530366762241     0.231388271929567     0     -2     -2
40.8398174042898     0.23068387276006     0     -2     -2
40.8265984183172     0.227871411762784     0     -2     -2
40.8133797192277     0.2263130072813     0     -2     -2
40.800161307943     0.224610716158646     0     -2     -2
40.7869431853848     0.220434090124291     0     -2     -2
40.7737253524748     0.219042692953182     0     -2     -2
40.7605078101351     0.217055001710212     0     -2     -2
40.7472905592876     0.216207550602555     0     -2     -2
40.7340736008544     0.215695729932897     0     -2     -2
40.7208569357578     0.213246233498854     0     -2     -2
40.7076405649202     0.212610775406798     0     -2     -2
40.6944244892639     0.209842342997599     0     -2     -2
40.6812087097115     0.208912633789367     0     -2     -2
40.6679932271857     0.20751307527611     0     -2     -2
40.6547780426093     0.207276146385915     0     -2     -2
40.6415631569051     0.207812651486372     0     -2     -2
40.628348570996     0.207348520115256     0     -2     -2
40.6151342858053     0.207599290835569     0     -2     -2
40.601920302256     0.203494812020945     0     -2     -2
40.5887066212714     0.203470942484212     0     -2     -2
40.5754932437751     0.202807277609835     0     -2     -2
40.5622801706905     0.202174804059702     0     -2     -2
40.5490674029412     0.20388173704569     0     -2     -2
40.5358549414509     0.20291402030845     0     -2     -2
40.5226427871436     0.203340776350373     0     -2     -2
40.5094309409432     0.200660326914297     0     -2     -2
40.4962194037737     0.201337997023167     0     -2     -2
40.4830081765594     0.20072531020757     0     -2     -2
40.4697972602245     0.202067869925649     0     -2     -2
40.4565866556934     0.200789301987998     0     -2     -2
40.4433763638906     0.201425462578627     0     -2     -2
40.4301663857409     0.201445655797954     0     -2     -2
40.4169567221688     0.198277160561132     0     -2     -2
40.4037473740993     0.197898189593548     0     -2     -2
40.3905383424574     0.198348613307523     0     -2     -2
40.3773296281681     0.198816178716538     0     -2     -2
40.3641212321566     0.199492117171026     0     -2     -2
