40.3773296281681     0.0921357678550972     0     4     -10
40.3905383424574     0.0921086986101153     0     4     -10
40.4037473740993     0.0919243790797914     0     4     -10
40.4169567221688     0.0920232894205257     0     4     -10
40.4301663857409     0.0922897099905524     0     4     -10
40.4433763638906     0.0921744932951296     0     4     -10
40.4565866556934     0.0918750888655544     0     4     -10
40.4697972602245     0.0922216654887482     0     4     -10
40.4830081765594     0.0921295819140826     0     4     -10
40.4962194037737     0.0925545445604352     0     4     -10
40.5094309409432     0.0921207799895246     0     4     -10
40.5226427871436     0.0922155584017872     0     4     -10
40.5358549414509     0.092422507383298     0     4     -10
40.5490674029412     0.0922359758014242     0     4     -10
40.5622801706905     0.0923391836558753     0     4     -10
40.5754932437751     0.0925500594852976     0     4     -10
40.5887066212714     0.0927097985523019     0     4     -10
40.601920302256     0.092484859611961     0     4     -10
40.6151342858053     0.0921552563542381     0     4     -10
40.628348570996     0.092421910467596     0     4     -10
40.6415631569051     0.0926071832882634     0     4     -10
40.6547780426093     0.092552176609305     0     4     -10
40.6679932271857     0.0921997155782946     0     4     -10
40.6812087097115     0.0924377519757715     0     4     -10
40.6944244892639     0.0920896381133781     0     4     -10
40.7076405649202     0.0924400478327403     0     4     -10
40.7208569357578     0.0921378920511312     0     4     -10
40.7340736008544     0.0922008114614657     0     4     -10
40.7472905592876     0.0922123321071173     0     4     -10
40.7605078101351     0.0923985478524135     0     4     -10
40.7737253524748     0.092376886687415     0     4     -10
40.7869431853848     0.0918582176591765     0     4     -10
40.800161307943     0.0923372780598639     0     4     -10
40.8133797192277     0.0924877610190068     0     4     -10
40.8265984183172     0.0919121130976988     0     4     -10
40.8398174042898     0.0919744102840047     0     4     -10
40.8530366762241     0.0923039784322927     0     4     -10
40.8662562331986     0.0921072418033595     0     4     -10
40.8794760742921     0.0923111137608094     0     4     -10
40.8926961985833     0.091834874111456     0     4     -10
40.9059166051511     0.0920489606291935     0     4     -10
40.9191372930747     0.0921651848722441     0     4     -10
40.932358261433     0.0922405573050139     0     4     -10
40.9455795093053     0.0915383928173185     0     4     -10
40.9588010357708     0.0916321094864988     0     4     -10
40.9720228399091     0.0919747510225797     0     4     -10
40.9852449207996     0.0924808675993192     0     4     -10
40.9984672775219     0.0918373685456934     0     4     -10
41.0116899091557     0.0922600167792117     0     4     -10
41.0249128147808     0.0915803282912569     0     4     -10
41.0381359934772     0.0916510218074809     0     4     -10
41.0513594443248     0.0915039181851482     0     4     -10
41.0645831664038     0.0915701226009747     0     4     -10
41.0778071587943     0.0914230859538653     0     4     -10
41.0910314205766     0.0917659206698082     0     4     -10
41.1042559508312     0.0920070747496622     0     4     -10
41.1174807486384     0.0919488119083851     0     4     -10
41.130705813079     0.0923236617148772     0     4     -10
41.1439311432336     0.0922755311455128     0     4     -10
41.1571567381829     0.0918697512514395     0     4     -10
41.1703825970079     0.0922497356312603     0     4     -10
41.1836087187894     0.0924924985632696     0     4     -10
41.1968351026086     0.0928391107378872     0     4     -10
41.2100617475467     0.0927550030569648     0     4     -10
41.2232886526848     0.092995991618935     0     4     -10
41.2365158171043     0.0934180912973838     0     4     -10
41.2497432398867     0.0935354775305403     0     4     -10
41.2629709201134     0.0936847331296673     0     4     -10
41.2761988568661     0.0931619149029686     0     4     -10
41.2894270492266     0.0932754583422821     0     4     -10
41.3026554962766     0.0934928073553479     0     4     -10
41.315884197098     0.0940054638780417     0     4     -10
41.3291131507728     0.0935540345757668     0     4     -10
41.3423423563831     0.0938853088872496     0     4     -10
41.3555718130111     0.0943192142096845     0     4     -10
41.368801519739     0.0939335436681003     0     4     -10
41.3820314756491     0.0941871065758975     0     4     -10
41.395261679824     0.0942949094064768     0     4     -10
41.4084921313462     0.0939282793091275     0     4     -10
41.4217228292982     0.0939268321588069     0     4     -10
41.4349537727627     0.093941916900697     0     4     -10
41.4481849608227     0.0942334772407352     0     4     -10
41.4614163925608     0.0944877938816752     0     4     -10
41.4746480670603     0.094396113818239     0     4     -10
41.487879983404     0.0942351621099307     0     4     -10
41.5011121406751     0.0939755222443592     0     4     -10
41.5143445379569     0.093598666124078     0     4     -10
41.5275771743327     0.0942194488727566     0     4     -10
41.5408100488858     0.0942092033032982     0     4     -10
41.5540431606999     0.0942306883277769     0     4     -10
41.5672765088584     0.0941259344517373     0     4     -10
41.580510092445     0.0940663402017779     0     4     -10
41.5937439105435     0.0939994353854182     0     4     -10
41.6069779622377     0.0935424764180195     0     4     -10
41.6202122466115     0.0938627560083439     0     4     -10
41.6334467627489     0.094212292478979     0     4     -10
41.646681509734     0.0935426915916819     0     4     -10
41.6599164866509     0.0941910137142041     0     4     -10
41.673151692584     0.0940717043683456     0     4     -10
41.6863871266174     0.0941045714527387     0     4     -10
41.6996227878358     0.0940934477560224     0     4     -10
41.7128586753234     0.0942381006339406     0     4     -10
41.726094788165     0.0946033387204243     0     4     -10
41.7393311254452     0.0936995595151263     0     4     -10
41.7525676862486     0.094135117329697     0     4     -10
41.7658044696602     0.0941900558763834     0     4     -10
41.7790414747648     0.094008754395231     0     4     -10
41.7922787006474     0.0944304065193743     0     4     -10
41.8055161463931     0.0942081761587509     0     4     -10
41.8187538110869     0.0941977811676942     0     4     -10
41.8319916938142     0.0942017433383414     0     4     -10
41.8452297936601     0.0942418754166413     0     4     -10
41.8584681097102     0.0942160295819401     0     4     -10
41.8717066410497     0.0945794749650151     0     4     -10
41.8849453867643     0.0944265822074124     0     4     -10
41.8981843459396     0.0949071996204427     0     4     -10
41.9114235176612     0.09480539447722     0     4     -10
41.9246629010149     0.0944979283445425     0     4     -10
41.9379024950865     0.0945889764842352     0     4     -10
41.9511422989619     0.094269847206084     0     4     -10
41.9643823117272     0.0945353313575496     0     4     -10
41.9776225324684     0.0945044657107298     0     4     -10
41.9908629602715     0.094728460172061     0     4     -10
42.0041035942229     0.0948703949605736     0     4     -10
42.0173444334088     0.0947468588723923     0     4     -10
42.0305854769156     0.0950249277782265     0     4     -10
42.0438267238296     0.0952915845082758     0     4     -10
42.0570681732375     0.095094392319976     0     4     -10
42.0703098242257     0.0947439415332537     0     4     -10
42.083551675881     0.094703564793626     0     4     -10
42.09679372729     0.0949108910834684     0     4     -10
42.1100359775395     0.0953005955321081     0     4     -10
42.1232784257165     0.0950960446176301     0     4     -10
42.1365210709078     0.0950566801413599     0     4     -10
42.1497639122005     0.0948666572015414     0     4     -10
42.1630069486816     0.0953534653772009     0     4     -10
42.1762501794383     0.0951499062190061     0     4     -10
42.1894936035578     0.0952707007860014     0     4     -10
42.2027372201273     0.0955047072382166     0     4     -10
42.2159810282344     0.0955386898666881     0     4     -10
42.2292250269662     0.0957490763139946     0     4     -10
42.2424692154105     0.0955271323640724     0     4     -10
42.2557135926547     0.0954839578222841     0     4     -10
42.2689581577864     0.095879049630165     0     4     -10
42.2822029098935     0.0960509219883218     0     4     -10
42.2954478480635     0.0957505632929896     0     4     -10
42.3086929713844     0.0960695393630743     0     4     -10
42.3219382789441     0.0960078217432419     0     4     -10
42.3351837698304     0.0961134806522137     0     4     -10
42.3484294431316     0.0959464625724589     0     4     -10
42.3616752979356     0.0962990075577822     0     4     -10
42.3749213333306     0.0959585804039648     0     4     -10
42.3881675484049     0.0963277082131131     0     4     -10
42.4014139422467     0.0963092872326377     0     4     -10
42.4146605139445     0.0962480975457746     0     4     -10
42.4279072625865     0.0967437518757928     0     4     -10
42.4411541872613     0.0964166197238389     0     4     -10
42.4544012870576     0.0964941388246024     0     4     -10
42.4676485610637     0.0964020071976778     0     4     -10
42.4808960083686     0.0963018097348844     0     4     -10
42.4941436280607     0.0966761785259523     0     4     -10
42.5073914192291     0.0963084250988453     0     4     -10
42.5206393809625     0.0959156361662277     0     4     -10
42.5338875123499     0.0967384534569995     0     4     -10
42.5471358124802     0.0960357309031557     0     4     -10
42.5603842804426     0.0965195118957013     0     4     -10
42.573632915326     0.0965128601193947     0     4     -10
42.5868817162196     0.0965263609149327     0     4     -10
42.6001306822128     0.0965875184829939     0     4     -10
42.6133798123947     0.0967295929687748     0     4     -10
42.6266291058547     0.0969287596126003     0     4     -10
42.6398785616822     0.0969058890698501     0     4     -10
42.6531281789667     0.0966385839561528     0     4     -10
42.6663779567977     0.0973670369526093     0     4     -10
42.6796278942648     0.0971806942920018     0     4     -10
42.6928779904575     0.0972375789707083     0     4     -10
42.7061282444657     0.0971176571760369     0     4     -10
42.719378655379     0.0968108980446171     0     4     -10
42.7326292222872     0.0972097919449579     0     4     -10
42.7458799442802     0.0975168794581269     0     4     -10
42.759130820448     0.0975079083730086     0     4     -10
42.7723818498804     0.0969893807375517     0     4     -10
42.7856330316676     0.0974822941459487     0     4     -10
42.7988843648995     0.0974576205465669     0     4     -10
42.8121358486664     0.0973104597905209     0     4     -10
42.8253874820585     0.0975873274991352     0     4     -10
42.8386392641659     0.0980752555884145     0     4     -10
42.8518911940789     0.0980190986075392     0     4     -10
42.865143270888     0.0980562438210244     0     4     -10
42.8783954936836     0.0978204919839427     0     4     -10
42.891647861556     0.0981447151107544     0     4     -10
42.9049003735958     0.0979235301937638     0     4     -10
42.9181530288935     0.0982417776688419     0     4     -10
42.9314058265398     0.0981986210027897     0     4     -10
42.9446587656254     0.0985614506146255     0     4     -10
42.9579118452409     0.0982753022753779     0     4     -10
42.9711650644771     0.098489339502606     0     4     -10
42.9844184224248     0.0980408459146652     0     4     -10
42.9976719181749     0.0986110002366704     0     4     -10
43.0109255508184     0.0987232030279885     0     4     -10
43.0241793194461     0.0989446956663592     0     4     -10
43.0374332231491     0.0985887606199988     0     4     -10
43.0506872610184     0.0992124379375584     0     4     -10
43.0639414321452     0.0993876986791093     0     4     -10
43.0771957356206     0.0991695957922883     0     4     -10
43.0904501705359     0.099179711139455     0     4     -10
43.1037047359822     0.099418272877014     0     4     -10
43.1169594310509     0.0994912646054969     0     4     -10
43.1302142548334     0.0993915770336895     0     4     -10
43.1434692064209     0.0998835566355527     0     4     -10
43.1567242849051     0.0994572400494561     0     4     -10
43.1699794893773     0.099289392223841     0     4     -10
43.183234818929     0.0994879604855039     0     4     -10
43.1964902726519     0.100076525434192     0     4     -10
43.2097458496376     0.099820512366806     0     4     -10
43.2230015489777     0.100183683868217     0     4     -10
43.236257369764     0.100727639395755     0     4     -10
43.2495133110882     0.100854374948942     0     4     -10
43.2627693720421     0.100394857651712     0     4     -10
43.2760255517175     0.100989337493163     0     4     -10
43.2892818492064     0.100486482429899     0     4     -10
43.3025382636006     0.101309702076524     0     4     -10
43.3157947939921     0.100865298863081     0     4     -10
43.3290514394729     0.101051122979379     0     4     -10
43.3423081991352     0.100817882094049     0     4     -10
43.3555650720708     0.101349745373785     0     4     -10
43.3688220573721     0.100449241406356     0     4     -10
43.3820791541312     0.100914974230877     0     4     -10
43.3953363614402     0.101204946916762     0     4     -10
43.4085936783915     0.101433662876861     0     4     -10
43.4218511040773     0.101461076844527     0     4     -10
43.43510863759     0.101494832097028     0     4     -10
43.4483662780219     0.101800614902367     0     4     -10
43.4616240244654     0.101345136289808     0     4     -10
43.4748818760131     0.102138737976627     0     4     -10
43.4881398317573     0.102243117199712     0     4     -10
43.5013978907905     0.101925508395126     0     4     -10
43.5146560522055     0.102007195680278     0     4     -10
43.5279143150947     0.102307519380022     0     4     -10
43.5411726785508     0.102158516092689     0     4     -10
43.5544311416664     0.101688261336732     0     4     -10
43.5676897035343     0.102412988033968     0     4     -10
43.5809483632472     0.102649072416384     0     4     -10
43.5942071198979     0.102633933690635     0     4     -10
43.6074659725792     0.102663265004258     0     4     -10
43.6207249203839     0.102529057502956     0     4     -10
43.6339839624049     0.103524204310447     0     4     -10
43.6472430977351     0.103540982857978     0     4     -10
43.6605023254675     0.103302264613803     0     4     -10
43.6737616446951     0.103636573464084     0     4     -10
43.6870210545109     0.103674206367514     0     4     -10
43.7002805540078     0.103193310655275     0     4     -10
43.7135401422791     0.103552989466944     0     4     -10
43.7267998184177     0.103309350900572     0     4     -10
43.7400595815169     0.103577088488543     0     4     -10
43.7533194306699     0.103248326214558     0     4     -10
43.7665793649697     0.10357486803761     0     4     -10
43.7798393835097     0.103872741784706     0     4     -10
43.7930994853832     0.104178575186744     0     4     -10
43.8063596696833     0.104697852323387     0     4     -10
43.8196199355036     0.104654930336268     0     4     -10
43.8328802819372     0.105214931704432     0     4     -10
43.8461407080776     0.104857026376207     0     4     -10
43.8594012130182     0.104580898475809     0     4     -10
43.8726617958525     0.105111351495829     0     4     -10
43.8859224556739     0.10452588771935     0     4     -10
43.8991831915758     0.104687881138919     0     4     -10
43.912444002652     0.104790093326632     0     4     -10
43.9257048879957     0.104333095669998     0     4     -10
43.9389658467008     0.104981170570615     0     4     -10
43.9522268778607     0.104958955456005     0     4     -10
43.9654879805692     0.105160106950109     0     4     -10
43.9787491539198     0.10509388853016     0     4     -10
43.9920103970062     0.104865735977752     0     4     -10
44.0052717089222     0.105203976720091     0     4     -10
44.0185330887614     0.105545375109577     0     4     -10
44.0317945356177     0.106272104582394     0     4     -10
44.0450560485848     0.105965302386503     0     4     -10
44.0583176267565     0.106097103307082     0     4     -10
44.0715792692266     0.106074522340164     0     4     -10
44.0848409750891     0.106123583022762     0     4     -10
44.0981027434377     0.106124754461961     0     4     -10
44.1113645733664     0.10708772389311     0     4     -10
44.1246264639691     0.106471293552866     0     4     -10
44.1378884143397     0.106727449583433     0     4     -10
44.1511504235722     0.106767141267096     0     4     -10
44.1644124907606     0.106705306971772     0     4     -10
44.1776746149988     0.106577799316072     0     4     -10
44.190936795381     0.10683228738891     0     4     -10
44.2041990310011     0.106660223010094     0     4     -10
44.2174613209532     0.10748408097138     0     4     -10
44.2307236643314     0.107143863039389     0     4     -10
44.2439860602298     0.107274046256115     0     4     -10
44.2572485077426     0.107224072165716     0     4     -10
44.2705110059638     0.10735454496539     0     4     -10
44.2837735539876     0.107615356224373     0     4     -10
44.2970361509082     0.10748463687163     0     4     -10
44.3102987958199     0.107776387697974     0     4     -10
44.3235614878167     0.108262901207871     0     4     -10
44.336824225993     0.108256086917507     0     4     -10
44.3500870094429     0.107907020558517     0     4     -10
44.3633498372608     0.107909203985116     0     4     -10
44.376612708541     0.108232352721179     0     4     -10
44.3898756223776     0.108509008687047     0     4     -10
44.4031385778651     0.108003855205839     0     4     -10
44.4164015740977     0.108451294439526     0     4     -10
44.4296646101698     0.108657465266535     0     4     -10
44.4429276851758     0.108901213448301     0     4     -10
44.45619079821     0.109158047137394     0     4     -10
44.4694539483668     0.108571780330771     0     4     -10
44.4827171347406     0.109505695294976     0     4     -10
44.4959803564257     0.109480209500336     0     4     -10
44.5092436125167     0.109389996166043     0     4     -10
44.522506902108     0.10956509149266     0     4     -10
44.5357702242939     0.109319625900145     0     4     -10
44.549033578169     0.109471175386895     0     4     -10
44.5622969628277     0.10922912822355     0     4     -10
44.5755603773645     0.109747855845396     0     4     -10
44.5888238208739     0.110239147947488     0     4     -10
44.6020872924504     0.109741574093039     0     4     -10
44.6153507911885     0.110352109926929     0     4     -10
44.6286143161827     0.110694181110986     0     4     -10
44.6418778665275     0.110573866721406     0     4     -10
44.6551414413176     0.110870755639147     0     4     -10
44.6684050396474     0.110955179688245     0     4     -10
44.6816686606115     0.110738730831832     0     4     -10
44.6949323033044     0.11097184639335     0     4     -10
44.7081959668207     0.110880625611657     0     4     -10
44.7214596502551     0.111793689802291     0     4     -10
44.7347233527021     0.11151327587597     0     4     -10
44.7479870732562     0.111755762171625     0     4     -10
44.7612508110122     0.111329929876652     0     4     -10
44.7745145650645     0.111385632686207     0     4     -10
44.7877783345079     0.11212362976021     0     4     -10
44.8010421184369     0.112265204586085     0     4     -10
44.8143059159461     0.112424040980967     0     4     -10
44.8275697261302     0.112616432143023     0     4     -10
44.8408335480838     0.112929093845474     0     4     -10
44.8540973809016     0.112879469795572     0     4     -10
44.8673612236781     0.11323740524246     0     4     -10
44.8806250755081     0.11345074231605     0     4     -10
44.8938889354862     0.113034635422585     0     4     -10
44.9071528027069     0.113194921975354     0     4     -10
44.9204166762651     0.113424949300116     0     4     -10
44.9336805552553     0.113171153480278     0     4     -10
44.9469444387722     0.113446830811107     0     4     -10
44.9602083259105     0.113543033627702     0     4     -10
44.9734722157648     0.113910122164469     0     4     -10
44.9867361074297     0.114106362589348     0     4     -10
45     0.114410227829538     0     4     -10
