40.3773296281681     0.0926824473446995     0     2     -8
40.3905383424574     0.0925303724388523     0     2     -8
40.4037473740993     0.0921233515975844     0     2     -8
40.4169567221688     0.0924157766830989     0     2     -8
40.4301663857409     0.0925542618097762     0     2     -8
40.4433763638906     0.0921283597224218     0     2     -8
40.4565866556934     0.0922496088891419     0     2     -8
40.4697972602245     0.0921710280309774     0     2     -8
40.4830081765594     0.0923848550722293     0     2     -8
40.4962194037737     0.0923491972056809     0     2     -8
40.5094309409432     0.0922659449389273     0     2     -8
40.5226427871436     0.0926738279969373     0     2     -8
40.5358549414509     0.0925525979542986     0     2     -8
40.5490674029412     0.0925881044438072     0     2     -8
40.5622801706905     0.0923075293636417     0     2     -8
40.5754932437751     0.0927180870683575     0     2     -8
40.5887066212714     0.0924775985393354     0     2     -8
40.601920302256     0.0926515127348241     0     2     -8
40.6151342858053     0.0924171316142273     0     2     -8
40.628348570996     0.0921477513457327     0     2     -8
40.6415631569051     0.092005285430674     0     2     -8
40.6547780426093     0.0925951433449305     0     2     -8
40.6679932271857     0.0921337955409819     0     2     -8
40.6812087097115     0.0923116210452555     0     2     -8
40.6944244892639     0.0924038277219715     0     2     -8
40.7076405649202     0.092010773391523     0     2     -8
40.7208569357578     0.0922427187328041     0     2     -8
40.7340736008544     0.0924170533926643     0     2     -8
40.7472905592876     0.0923436333124109     0     2     -8
40.7605078101351     0.0922254882611509     0     2     -8
40.7737253524748     0.0921771968955998     0     2     -8
40.7869431853848     0.0926902125677736     0     2     -8
40.800161307943     0.0922820354114704     0     2     -8
40.8133797192277     0.0926336993803405     0     2     -8
40.8265984183172     0.0927668641680082     0     2     -8
40.8398174042898     0.0927062684607917     0     2     -8
40.8530366762241     0.0927571170104347     0     2     -8
40.8662562331986     0.092860411229739     0     2     -8
40.8794760742921     0.0928984016581664     0     2     -8
40.8926961985833     0.0932997500206215     0     2     -8
40.9059166051511     0.093168179747104     0     2     -8
40.9191372930747     0.0934439023467487     0     2     -8
40.932358261433     0.094203616457355     0     2     -8
40.9455795093053     0.0940741828689388     0     2     -8
40.9588010357708     0.0945950271448838     0     2     -8
40.9720228399091     0.0952001511014521     0     2     -8
40.9852449207996     0.0953555421913876     0     2     -8
40.9984672775219     0.0958449361131965     0     2     -8
41.0116899091557     0.0954602159561401     0     2     -8
41.0249128147808     0.096150951967865     0     2     -8
41.0381359934772     0.0963310837573367     0     2     -8
41.0513594443248     0.0969377277594722     0     2     -8
41.0645831664038     0.0967764984812333     0     2     -8
41.0778071587943     0.0977744028617978     0     2     -8
41.0910314205766     0.0977657764469906     0     2     -8
41.1042559508312     0.0981328307177151     0     2     -8
41.1174807486384     0.0987050395400248     0     2     -8
41.130705813079     0.0991287722630193     0     2     -8
41.1439311432336     0.0997454271018623     0     2     -8
41.1571567381829     0.100382558391305     0     2     -8
41.1703825970079     0.101057799918692     0     2     -8
41.1836087187894     0.101404551501897     0     2     -8
41.1968351026086     0.101821815373419     0     2     -8
41.2100617475467     0.102612288922922     0     2     -8
41.2232886526848     0.103490428945046     0     2     -8
41.2365158171043     0.103662006393263     0     2     -8
41.2497432398867     0.10414777693285     0     2     -8
41.2629709201134     0.104454907025592     0     2     -8
41.2761988568661     0.105012859238056     0     2     -8
41.2894270492266     0.10537072723488     0     2     -8
41.3026554962766     0.105778407743529     0     2     -8
41.315884197098     0.106607757340115     0     2     -8
41.3291131507728     0.106835764021326     0     2     -8
41.3423423563831     0.107092743465252     0     2     -8
41.3555718130111     0.107374885610522     0     2     -8
41.368801519739     0.107576484293397     0     2     -8
41.3820314756491     0.108245859323552     0     2     -8
41.395261679824     0.108532806123641     0     2     -8
41.4084921313462     0.10909467002418     0     2     -8
41.4217228292982     0.109372928956496     0     2     -8
41.4349537727627     0.109750345851742     0     2     -8
41.4481849608227     0.109698655382561     0     2     -8
41.4614163925608     0.110312220399483     0     2     -8
41.4746480670603     0.109872328419122     0     2     -8
41.487879983404     0.110488133970779     0     2     -8
41.5011121406751     0.110258675617173     0     2     -8
41.5143445379569     0.11060789540331     0     2     -8
41.5275771743327     0.110744186708785     0     2     -8
41.5408100488858     0.111293789973853     0     2     -8
41.5540431606999     0.111284106255745     0     2     -8
41.5672765088584     0.111579976327399     0     2     -8
41.580510092445     0.111848223332068     0     2     -8
41.5937439105435     0.111911936056799     0     2     -8
41.6069779622377     0.111939759744057     0     2     -8
41.6202122466115     0.112667968457367     0     2     -8
41.6334467627489     0.112840368719733     0     2     -8
41.646681509734     0.112921065554519     0     2     -8
41.6599164866509     0.112969292042983     0     2     -8
41.673151692584     0.113294475628128     0     2     -8
41.6863871266174     0.113270958434804     0     2     -8
41.6996227878358     0.113576658892896     0     2     -8
41.7128586753234     0.113340142949731     0     2     -8
41.726094788165     0.113458294113078     0     2     -8
41.7393311254452     0.113551771196347     0     2     -8
41.7525676862486     0.113478121786782     0     2     -8
41.7658044696602     0.113333478723936     0     2     -8
41.7790414747648     0.114016059338812     0     2     -8
41.7922787006474     0.113982664653362     0     2     -8
41.8055161463931     0.114312900339147     0     2     -8
41.8187538110869     0.114386494895769     0     2     -8
41.8319916938142     0.114427641207063     0     2     -8
41.8452297936601     0.11470410260215     0     2     -8
41.8584681097102     0.115030935684715     0     2     -8
41.8717066410497     0.114934546455015     0     2     -8
41.8849453867643     0.114951990642383     0     2     -8
41.8981843459396     0.115001882239872     0     2     -8
41.9114235176612     0.11494443147994     0     2     -8
41.9246629010149     0.115036736681957     0     2     -8
41.9379024950865     0.115078247510033     0     2     -8
41.9511422989619     0.114957020103027     0     2     -8
41.9643823117272     0.115523589638984     0     2     -8
41.9776225324684     0.115130472026885     0     2     -8
41.9908629602715     0.115067315532083     0     2     -8
42.0041035942229     0.115226648721156     0     2     -8
42.0173444334088     0.115397755029747     0     2     -8
42.0305854769156     0.1155618158437     0     2     -8
42.0438267238296     0.115856116898154     0     2     -8
42.0570681732375     0.115724648367179     0     2     -8
42.0703098242257     0.115587785071825     0     2     -8
42.083551675881     0.115741132054789     0     2     -8
42.09679372729     0.115218580831307     0     2     -8
42.1100359775395     0.115490264132591     0     2     -8
42.1232784257165     0.115216940752562     0     2     -8
42.1365210709078     0.114681453134533     0     2     -8
42.1497639122005     0.114712026267385     0     2     -8
42.1630069486816     0.114897675120861     0     2     -8
42.1762501794383     0.114681074655085     0     2     -8
42.1894936035578     0.115355481241557     0     2     -8
42.2027372201273     0.115460488419963     0     2     -8
42.2159810282344     0.115207537374361     0     2     -8
42.2292250269662     0.115824685844313     0     2     -8
42.2424692154105     0.115791002402954     0     2     -8
42.2557135926547     0.115840438085475     0     2     -8
42.2689581577864     0.115907582999603     0     2     -8
42.2822029098935     0.115846267901037     0     2     -8
42.2954478480635     0.115401109168842     0     2     -8
42.3086929713844     0.115832584720514     0     2     -8
42.3219382789441     0.115452970950623     0     2     -8
42.3351837698304     0.115690338137527     0     2     -8
42.3484294431316     0.115584168836345     0     2     -8
42.3616752979356     0.11548345697543     0     2     -8
42.3749213333306     0.115907672030689     0     2     -8
42.3881675484049     0.115862607439317     0     2     -8
42.4014139422467     0.115965770342944     0     2     -8
42.4146605139445     0.115635997232329     0     2     -8
42.4279072625865     0.116066835506996     0     2     -8
42.4411541872613     0.116232474949729     0     2     -8
42.4544012870576     0.115927897073965     0     2     -8
42.4676485610637     0.115918732886332     0     2     -8
42.4808960083686     0.115759997055532     0     2     -8
42.4941436280607     0.115883030521312     0     2     -8
42.5073914192291     0.115280499906811     0     2     -8
42.5206393809625     0.115270580156554     0     2     -8
42.5338875123499     0.115529512146877     0     2     -8
42.5471358124802     0.115437421593409     0     2     -8
42.5603842804426     0.115084574769835     0     2     -8
42.573632915326     0.115561318434562     0     2     -8
42.5868817162196     0.115607840598729     0     2     -8
42.6001306822128     0.115560377657607     0     2     -8
42.6133798123947     0.115366444927233     0     2     -8
42.6266291058547     0.115832942868484     0     2     -8
42.6398785616822     0.115999521797814     0     2     -8
42.6531281789667     0.115647281096143     0     2     -8
42.6663779567977     0.115539161360658     0     2     -8
42.6796278942648     0.115446041812909     0     2     -8
42.6928779904575     0.115609417869948     0     2     -8
42.7061282444657     0.115148269222223     0     2     -8
42.719378655379     0.115254748930174     0     2     -8
42.7326292222872     0.114816724467682     0     2     -8
42.7458799442802     0.115104409144001     0     2     -8
42.759130820448     0.114945963621943     0     2     -8
42.7723818498804     0.115044429321744     0     2     -8
42.7856330316676     0.115178754717207     0     2     -8
42.7988843648995     0.115155247309351     0     2     -8
42.8121358486664     0.1153093615702     0     2     -8
42.8253874820585     0.115483237404238     0     2     -8
42.8386392641659     0.115428825565988     0     2     -8
42.8518911940789     0.115517535520883     0     2     -8
42.865143270888     0.115307473120501     0     2     -8
42.8783954936836     0.115428540461107     0     2     -8
42.891647861556     0.115119032839607     0     2     -8
42.9049003735958     0.115237429227475     0     2     -8
42.9181530288935     0.115060629622448     0     2     -8
42.9314058265398     0.11474768435022     0     2     -8
42.9446587656254     0.114439750213954     0     2     -8
42.9579118452409     0.114693298731244     0     2     -8
42.9711650644771     0.114591390456206     0     2     -8
42.9844184224248     0.114371845620798     0     2     -8
42.9976719181749     0.114419200588209     0     2     -8
43.0109255508184     0.114407721641206     0     2     -8
43.0241793194461     0.114656499942613     0     2     -8
43.0374332231491     0.114750855117234     0     2     -8
43.0506872610184     0.114820713039556     0     2     -8
43.0639414321452     0.114529481218833     0     2     -8
43.0771957356206     0.115080446770306     0     2     -8
43.0904501705359     0.11518781867934     0     2     -8
43.1037047359822     0.11478343371097     0     2     -8
43.1169594310509     0.114616559057812     0     2     -8
43.1302142548334     0.114637182064575     0     2     -8
43.1434692064209     0.114439178210119     0     2     -8
43.1567242849051     0.114113237219593     0     2     -8
43.1699794893773     0.113877029434524     0     2     -8
43.183234818929     0.114201502472084     0     2     -8
43.1964902726519     0.113960943921969     0     2     -8
43.2097458496376     0.113930672062159     0     2     -8
43.2230015489777     0.114443057509116     0     2     -8
43.236257369764     0.114376626356965     0     2     -8
43.2495133110882     0.114671742767621     0     2     -8
43.2627693720421     0.114621539500545     0     2     -8
43.2760255517175     0.11459394397492     0     2     -8
43.2892818492064     0.114564761797727     0     2     -8
43.3025382636006     0.114610084064299     0     2     -8
43.3157947939921     0.114129646376924     0     2     -8
43.3290514394729     0.113793086466999     0     2     -8
43.3423081991352     0.113577207345517     0     2     -8
43.3555650720708     0.113590524825441     0     2     -8
43.3688220573721     0.113818778437035     0     2     -8
43.3820791541312     0.113731479489495     0     2     -8
43.3953363614402     0.113746722233569     0     2     -8
43.4085936783915     0.114059829669739     0     2     -8
43.4218511040773     0.11417073043085     0     2     -8
43.43510863759     0.113833525712799     0     2     -8
43.4483662780219     0.114378847794796     0     2     -8
43.4616240244654     0.114430722030004     0     2     -8
43.4748818760131     0.113737115751424     0     2     -8
43.4881398317573     0.11377153841879     0     2     -8
43.5013978907905     0.113906087995859     0     2     -8
43.5146560522055     0.113582322066492     0     2     -8
43.5279143150947     0.113308169342565     0     2     -8
43.5411726785508     0.112999636135975     0     2     -8
43.5544311416664     0.113318821370988     0     2     -8
43.5676897035343     0.11325317480934     0     2     -8
43.5809483632472     0.113648169398265     0     2     -8
43.5942071198979     0.113443497654991     0     2     -8
43.6074659725792     0.114076891820336     0     2     -8
43.6207249203839     0.113718117712342     0     2     -8
43.6339839624049     0.114185542071761     0     2     -8
43.6472430977351     0.114242432762828     0     2     -8
43.6605023254675     0.113993425466774     0     2     -8
43.6737616446951     0.113785248280146     0     2     -8
43.6870210545109     0.113605251698192     0     2     -8
43.7002805540078     0.113494074253911     0     2     -8
43.7135401422791     0.113562512130008     0     2     -8
43.7267998184177     0.113408612777368     0     2     -8
43.7400595815169     0.11349530211     0     2     -8
43.7533194306699     0.113119022245962     0     2     -8
43.7665793649697     0.113140471738539     0     2     -8
43.7798393835097     0.113388781420969     0     2     -8
43.7930994853832     0.113677669937395     0     2     -8
43.8063596696833     0.113850106291163     0     2     -8
43.8196199355036     0.113749048550186     0     2     -8
43.8328802819372     0.114145892425616     0     2     -8
43.8461407080776     0.114039168611863     0     2     -8
43.8594012130182     0.113769366122453     0     2     -8
43.8726617958525     0.113586013383519     0     2     -8
43.8859224556739     0.113806626123253     0     2     -8
43.8991831915758     0.113456547755002     0     2     -8
43.912444002652     0.113099025787924     0     2     -8
43.9257048879957     0.113308778345566     0     2     -8
43.9389658467008     0.112944158035394     0     2     -8
43.9522268778607     0.112751186016592     0     2     -8
43.9654879805692     0.112746697642469     0     2     -8
43.9787491539198     0.112808841507808     0     2     -8
43.9920103970062     0.113208165522509     0     2     -8
44.0052717089222     0.113405182254506     0     2     -8
44.0185330887614     0.113237057832518     0     2     -8
44.0317945356177     0.113523819978963     0     2     -8
44.0450560485848     0.11357633962357     0     2     -8
44.0583176267565     0.113523582689031     0     2     -8
44.0715792692266     0.113468113546341     0     2     -8
44.0848409750891     0.113207632859239     0     2     -8
44.0981027434377     0.113152360983738     0     2     -8
44.1113645733664     0.113196752250571     0     2     -8
44.1246264639691     0.113265697148889     0     2     -8
44.1378884143397     0.113064526547151     0     2     -8
44.1511504235722     0.112831619794547     0     2     -8
44.1644124907606     0.112444774993201     0     2     -8
44.1776746149988     0.112508654529288     0     2     -8
44.190936795381     0.112885158911234     0     2     -8
44.2041990310011     0.112426598802205     0     2     -8
44.2174613209532     0.112805101193747     0     2     -8
44.2307236643314     0.113097233437214     0     2     -8
44.2439860602298     0.112851968792628     0     2     -8
44.2572485077426     0.113073685448311     0     2     -8
44.2705110059638     0.113317492095846     0     2     -8
44.2837735539876     0.112971881302292     0     2     -8
44.2970361509082     0.113396318640225     0     2     -8
44.3102987958199     0.113412623268389     0     2     -8
44.3235614878167     0.113147143373697     0     2     -8
44.336824225993     0.112856908935839     0     2     -8
44.3500870094429     0.112721741517791     0     2     -8
44.3633498372608     0.112147465859025     0     2     -8
44.376612708541     0.112585288435976     0     2     -8
44.3898756223776     0.112332289881277     0     2     -8
44.4031385778651     0.112187020659245     0     2     -8
44.4164015740977     0.112289184450485     0     2     -8
44.4296646101698     0.112725937625259     0     2     -8
44.4429276851758     0.112692442810218     0     2     -8
44.45619079821     0.113082619230457     0     2     -8
44.4694539483668     0.113039094912888     0     2     -8
44.4827171347406     0.112770478626181     0     2     -8
44.4959803564257     0.113063050759494     0     2     -8
44.5092436125167     0.113220548390289     0     2     -8
44.522506902108     0.113013794093114     0     2     -8
44.5357702242939     0.112949703786498     0     2     -8
44.549033578169     0.112664030431567     0     2     -8
44.5622969628277     0.112169685272229     0     2     -8
44.5755603773645     0.1121287058449     0     2     -8
44.5888238208739     0.112091141288053     0     2     -8
44.6020872924504     0.112021624718764     0     2     -8
44.6153507911885     0.112234459522615     0     2     -8
44.6286143161827     0.11268940566862     0     2     -8
44.6418778665275     0.112657620205463     0     2     -8
44.6551414413176     0.112736260718281     0     2     -8
44.6684050396474     0.112620837424873     0     2     -8
44.6816686606115     0.112867906472101     0     2     -8
44.6949323033044     0.112572331955308     0     2     -8
44.7081959668207     0.112608404118413     0     2     -8
44.7214596502551     0.112576916622677     0     2     -8
44.7347233527021     0.112137923536545     0     2     -8
44.7479870732562     0.111940229056031     0     2     -8
44.7612508110122     0.111891801811568     0     2     -8
44.7745145650645     0.111744740562097     0     2     -8
44.7877783345079     0.112200192884656     0     2     -8
44.8010421184369     0.112467497056487     0     2     -8
44.8143059159461     0.112669322964204     0     2     -8
44.8275697261302     0.112480326361315     0     2     -8
44.8408335480838     0.113169803617223     0     2     -8
44.8540973809016     0.112971960665268     0     2     -8
44.8673612236781     0.112713583072075     0     2     -8
44.8806250755081     0.112754299075685     0     2     -8
44.8938889354862     0.112586517932212     0     2     -8
44.9071528027069     0.112374259785514     0     2     -8
44.9204166762651     0.112436610216092     0     2     -8
44.9336805552553     0.112379365266849     0     2     -8
44.9469444387722     0.112216788269947     0     2     -8
44.9602083259105     0.111504228923767     0     2     -8
44.9734722157648     0.112133443005226     0     2     -8
44.9867361074297     0.112159376436416     0     2     -8
45     0.112599512030906     0     2     -8
