44.9867361074297     0.869981425408072     0     6     -2
44.9734722157648     0.869810200757038     0     6     -2
44.9602083259105     0.870090455281086     0     6     -2
44.9469444387722     0.870085250852444     0     6     -2
44.9336805552553     0.87012488926416     0     6     -2
44.9204166762651     0.87007937824773     0     6     -2
44.9071528027069     0.870223912571352     0     6     -2
44.8938889354862     0.869957524911559     0     6     -2
44.8806250755081     0.87052346526551     0     6     -2
44.8673612236781     0.870298299905993     0     6     -2
44.8540973809016     0.870391860805414     0     6     -2
44.8408335480838     0.870250715045369     0     6     -2
44.8275697261302     0.870312863151975     0     6     -2
44.8143059159461     0.870158907959558     0     6     -2
44.8010421184369     0.870110017128486     0     6     -2
44.7877783345079     0.870177729766781     0     6     -2
44.7745145650645     0.870485229995056     0     6     -2
44.7612508110122     0.870395232664073     0     6     -2
44.7479870732562     0.870243219271774     0     6     -2
44.7347233527021     0.870344885572261     0     6     -2
44.7214596502551     0.87040135740212     0     6     -2
44.7081959668207     0.870266045655805     0     6     -2
44.6949323033044     0.87050583715606     0     6     -2
44.6816686606115     0.870153824205539     0     6     -2
44.6684050396474     0.870127862151849     0     6     -2
44.6551414413176     0.870337196836436     0     6     -2
44.6418778665275     0.870336181925632     0     6     -2
44.6286143161827     0.870686032029248     0     6     -2
44.6153507911885     0.870546906512081     0     6     -2
44.6020872924504     0.870559772798879     0     6     -2
44.5888238208739     0.870531466337151     0     6     -2
44.5755603773645     0.870338055958765     0     6     -2
44.5622969628277     0.870188687258439     0     6     -2
44.549033578169     0.870619141413481     0     6     -2
44.5357702242939     0.870560178751097     0     6     -2
44.522506902108     0.870492334422357     0     6     -2
44.5092436125167     0.870399608317295     0     6     -2
44.4959803564257     0.870537945743599     0     6     -2
44.4827171347406     0.870164127308875     0     6     -2
44.4694539483668     0.870524347706951     0     6     -2
44.45619079821     0.870190872981833     0     6     -2
44.4429276851758     0.870566284512521     0     6     -2
44.4296646101698     0.870327625511065     0     6     -2
44.4164015740977     0.870455242236959     0     6     -2
44.4031385778651     0.87032524451587     0     6     -2
44.3898756223776     0.870435872549603     0     6     -2
44.376612708541     0.870368392790414     0     6     -2
44.3633498372608     0.870423395338462     0     6     -2
44.3500870094429     0.870295537505879     0     6     -2
44.336824225993     0.870642229628598     0     6     -2
44.3235614878167     0.870456899027205     0     6     -2
44.3102987958199     0.870340699423657     0     6     -2
44.2970361509082     0.870465572501334     0     6     -2
44.2837735539876     0.870323970391553     0     6     -2
44.2705110059638     0.870277197097317     0     6     -2
44.2572485077426     0.870381728543222     0     6     -2
44.2439860602298     0.870226096845281     0     6     -2
44.2307236643314     0.870204523633683     0     6     -2
44.2174613209532     0.870338356260005     0     6     -2
44.2041990310011     0.870267927395557     0     6     -2
44.190936795381     0.870052434404535     0     6     -2
44.1776746149988     0.870173727796103     0     6     -2
44.1644124907606     0.870244258595088     0     6     -2
44.1511504235722     0.870134045368732     0     6     -2
44.1378884143397     0.870076030211021     0     6     -2
44.1246264639691     0.870233403690188     0     6     -2
44.1113645733664     0.870145806190992     0     6     -2
44.0981027434377     0.869868218994631     0     6     -2
44.0848409750891     0.869780017227345     0     6     -2
44.0715792692266     0.870161053278657     0     6     -2
44.0583176267565     0.870044785804258     0     6     -2
44.0450560485848     0.869923923355102     0     6     -2
44.0317945356177     0.870061820372744     0     6     -2
44.0185330887614     0.869964492712737     0     6     -2
44.0052717089222     0.86979457693241     0     6     -2
43.9920103970062     0.870138055771102     0     6     -2
43.9787491539198     0.870061655436574     0     6     -2
43.9654879805692     0.86985270810051     0     6     -2
43.9522268778607     0.869785651876248     0     6     -2
43.9389658467008     0.869854955094058     0     6     -2
43.9257048879957     0.869854753440812     0     6     -2
43.912444002652     0.870079427953082     0     6     -2
43.8991831915758     0.869860377848047     0     6     -2
43.8859224556739     0.869845302887302     0     6     -2
43.8726617958525     0.869893025338392     0     6     -2
43.8594012130182     0.869626418470381     0     6     -2
43.8461407080776     0.869916574046112     0     6     -2
43.8328802819372     0.869355569922861     0     6     -2
43.8196199355036     0.869689967486957     0     6     -2
43.8063596696833     0.869815859268791     0     6     -2
43.7930994853832     0.869623749651889     0     6     -2
43.7798393835097     0.869472560821351     0     6     -2
43.7665793649697     0.86941714138058     0     6     -2
43.7533194306699     0.869307535110335     0     6     -2
43.7400595815169     0.869647954089612     0     6     -2
43.7267998184177     0.86941983681791     0     6     -2
43.7135401422791     0.869306661068608     0     6     -2
43.7002805540078     0.869199864806532     0     6     -2
43.6870210545109     0.869378292067228     0     6     -2
43.6737616446951     0.869569218792856     0     6     -2
43.6605023254675     0.86924901068757     0     6     -2
43.6472430977351     0.869250316288755     0     6     -2
43.6339839624049     0.869173907520266     0     6     -2
43.6207249203839     0.869097374630346     0     6     -2
43.6074659725792     0.869477243647431     0     6     -2
43.5942071198979     0.869124081528623     0     6     -2
43.5809483632472     0.869095147483365     0     6     -2
43.5676897035343     0.869251913780266     0     6     -2
43.5544311416664     0.869306566474372     0     6     -2
43.5411726785508     0.869036784014277     0     6     -2
43.5279143150947     0.868957737659403     0     6     -2
43.5146560522055     0.868972953667775     0     6     -2
43.5013978907905     0.869037784672915     0     6     -2
43.4881398317573     0.868726092799177     0     6     -2
43.4748818760131     0.868968880190046     0     6     -2
43.4616240244654     0.868679663600892     0     6     -2
43.4483662780219     0.868807711218438     0     6     -2
43.43510863759     0.868519679539185     0     6     -2
43.4218511040773     0.868228954661082     0     6     -2
43.4085936783915     0.868285472432694     0     6     -2
43.3953363614402     0.86824054396159     0     6     -2
43.3820791541312     0.867908918851673     0     6     -2
43.3688220573721     0.867974462933411     0     6     -2
43.3555650720708     0.867750979676935     0     6     -2
43.3423081991352     0.867647129717205     0     6     -2
43.3290514394729     0.867586091503656     0     6     -2
43.3157947939921     0.867408810339276     0     6     -2
43.3025382636006     0.867085407250492     0     6     -2
43.2892818492064     0.866690604981049     0     6     -2
43.2760255517175     0.866711343411085     0     6     -2
43.2627693720421     0.86668685019237     0     6     -2
43.2495133110882     0.866348001825352     0     6     -2
43.236257369764     0.866001880038759     0     6     -2
43.2230015489777     0.865343337052529     0     6     -2
43.2097458496376     0.865390242659433     0     6     -2
43.1964902726519     0.864843857844303     0     6     -2
43.183234818929     0.864652252384522     0     6     -2
43.1699794893773     0.864381753882288     0     6     -2
43.1567242849051     0.863590824699463     0     6     -2
43.1434692064209     0.863233795283146     0     6     -2
43.1302142548334     0.862511667487441     0     6     -2
43.1169594310509     0.862034511925681     0     6     -2
43.1037047359822     0.861504020558618     0     6     -2
43.0904501705359     0.860986519469024     0     6     -2
43.0771957356206     0.86012932195908     0     6     -2
43.0639414321452     0.859250743509671     0     6     -2
43.0506872610184     0.858308716546378     0     6     -2
43.0374332231491     0.856819203090994     0     6     -2
43.0241793194461     0.855683924633763     0     6     -2
43.0109255508184     0.85477715913886     0     6     -2
42.9976719181749     0.85301598643139     0     6     -2
42.9844184224248     0.85164071890888     0     6     -2
42.9711650644771     0.849782047309237     0     6     -2
42.9579118452409     0.84733939091886     0     6     -2
42.9446587656254     0.845075378587373     0     6     -2
42.9314058265398     0.842190409241327     0     6     -2
42.9181530288935     0.838976337226841     0     6     -2
42.9049003735958     0.835581752207069     0     6     -2
42.891647861556     0.831199101066866     0     6     -2
42.8783954936836     0.826696339572247     0     6     -2
42.865143270888     0.821918122122936     0     6     -2
42.8518911940789     0.815488677788418     0     6     -2
42.8386392641659     0.807685288463827     0     6     -2
42.8253874820585     0.799431543406196     0     6     -2
42.8121358486664     0.788730659657061     0     6     -2
42.7988843648995     0.776145246788208     0     6     -2
42.7856330316676     0.758578092598916     0     6     -2
42.7723818498804     0.739705096945586     0     6     -2
42.759130820448     0.715151088729271     0     6     -2
42.7458799442802     0.685804111324811     0     6     -2
42.7326292222872     0.649061083126927     0     6     -2
42.719378655379     0.606653863394575     0     6     -2
42.7061282444657     0.54973470363111     0     6     -2
42.6928779904575     0.488532152811428     0     6     -2
42.6796278942648     0.417500373624657     0     6     -2
42.6663779567977     0.357544455082497     0     6     -2
42.6531281789667     0.294100971277365     0     6     -2
42.6398785616822     0.263816848799544     0     6     -2
42.6266291058547     0.264256453548197     0     6     -2
42.6133798123947     0.292091337881001     0     6     -2
42.6001306822128     0.34546472505683     0     6     -2
42.5868817162196     0.408934598629605     0     6     -2
42.573632915326     0.474175726208568     0     6     -2
42.5603842804426     0.523689226342778     0     6     -2
42.5471358124802     0.577819009964463     0     6     -2
42.5338875123499     0.618853886134217     0     6     -2
42.5206393809625     0.653728620344579     0     6     -2
42.5073914192291     0.684013486841524     0     6     -2
42.4941436280607     0.708194036897761     0     6     -2
42.4808960083686     0.728021887828178     0     6     -2
42.4676485610637     0.744912613585703     0     6     -2
42.4544012870576     0.758139372097335     0     6     -2
42.4411541872613     0.770680306066189     0     6     -2
42.4279072625865     0.780646658237193     0     6     -2
42.4146605139445     0.78936895822989     0     6     -2
42.4014139422467     0.796335344065802     0     6     -2
42.3881675484049     0.803114979987745     0     6     -2
42.3749213333306     0.808532850402331     0     6     -2
42.3616752979356     0.813646679812554     0     6     -2
42.3484294431316     0.817461082390976     0     6     -2
42.3351837698304     0.821274716728701     0     6     -2
42.3219382789441     0.82406782582162     0     6     -2
42.3086929713844     0.827279084836187     0     6     -2
42.2954478480635     0.829788872423744     0     6     -2
42.2822029098935     0.832142053163409     0     6     -2
42.2689581577864     0.833980551921287     0     6     -2
42.2557135926547     0.835867534681129     0     6     -2
42.2424692154105     0.837755581054689     0     6     -2
42.2292250269662     0.839178260823945     0     6     -2
42.2159810282344     0.840581590331554     0     6     -2
42.2027372201273     0.841615117899287     0     6     -2
42.1894936035578     0.84285051226262     0     6     -2
42.1762501794383     0.843771383412756     0     6     -2
42.1630069486816     0.844413456079885     0     6     -2
42.1497639122005     0.845666065675052     0     6     -2
42.1365210709078     0.845978205665097     0     6     -2
42.1232784257165     0.847008431390776     0     6     -2
42.1100359775395     0.847801040259239     0     6     -2
42.09679372729     0.848068376739603     0     6     -2
42.083551675881     0.848818935573418     0     6     -2
42.0703098242257     0.849290434545083     0     6     -2
42.0570681732375     0.849972049384483     0     6     -2
42.0438267238296     0.850419682766603     0     6     -2
42.0305854769156     0.850379366185625     0     6     -2
42.0173444334088     0.850889624149445     0     6     -2
42.0041035942229     0.851308240086507     0     6     -2
41.9908629602715     0.851540966337784     0     6     -2
41.9776225324684     0.851600198491001     0     6     -2
41.9643823117272     0.852257457270653     0     6     -2
41.9511422989619     0.852498311283387     0     6     -2
41.9379024950865     0.852648745386785     0     6     -2
41.9246629010149     0.852879089620479     0     6     -2
41.9114235176612     0.853012495883307     0     6     -2
41.8981843459396     0.853160564973275     0     6     -2
41.8849453867643     0.853034471168495     0     6     -2
41.8717066410497     0.853373362113055     0     6     -2
41.8584681097102     0.85331695041863     0     6     -2
41.8452297936601     0.85377206890827     0     6     -2
41.8319916938142     0.854125767022382     0     6     -2
41.8187538110869     0.853614092894752     0     6     -2
41.8055161463931     0.85398786127012     0     6     -2
41.7922787006474     0.854209741994453     0     6     -2
41.7790414747648     0.854145420198669     0     6     -2
41.7658044696602     0.854035085635033     0     6     -2
41.7525676862486     0.854179113640082     0     6     -2
41.7393311254452     0.854187225189499     0     6     -2
41.726094788165     0.854246069841334     0     6     -2
41.7128586753234     0.854027116496283     0     6     -2
41.6996227878358     0.854062751182326     0     6     -2
41.6863871266174     0.854129814273429     0     6     -2
41.673151692584     0.854046689675107     0     6     -2
41.6599164866509     0.853882588246065     0     6     -2
41.646681509734     0.8543880959944     0     6     -2
41.6334467627489     0.85410260399124     0     6     -2
41.6202122466115     0.853981040765923     0     6     -2
41.6069779622377     0.854218715138434     0     6     -2
41.5937439105435     0.854029454741287     0     6     -2
41.580510092445     0.854041402883159     0     6     -2
41.5672765088584     0.854359296455705     0     6     -2
41.5540431606999     0.854111570552329     0     6     -2
41.5408100488858     0.853931971199858     0     6     -2
41.5275771743327     0.853642251820174     0     6     -2
41.5143445379569     0.853985779943831     0     6     -2
41.5011121406751     0.853898867049597     0     6     -2
41.487879983404     0.853693946575345     0     6     -2
41.4746480670603     0.853535917230518     0     6     -2
41.4614163925608     0.853781512934266     0     6     -2
41.4481849608227     0.853457457718206     0     6     -2
41.4349537727627     0.85322435983517     0     6     -2
41.4217228292982     0.853242361019305     0     6     -2
41.4084921313462     0.853253738056713     0     6     -2
41.395261679824     0.853134271664792     0     6     -2
41.3820314756491     0.853199025835508     0     6     -2
41.368801519739     0.853101238963643     0     6     -2
41.3555718130111     0.85291562118934     0     6     -2
41.3423423563831     0.852862992199723     0     6     -2
41.3291131507728     0.852808030867226     0     6     -2
41.315884197098     0.852463217700909     0     6     -2
41.3026554962766     0.852474773900466     0     6     -2
41.2894270492266     0.852364934965021     0     6     -2
41.2761988568661     0.851986889708572     0     6     -2
41.2629709201134     0.851898729900827     0     6     -2
41.2497432398867     0.851701208291779     0     6     -2
41.2365158171043     0.851701103030643     0     6     -2
41.2232886526848     0.851513129057463     0     6     -2
41.2100617475467     0.85144862203076     0     6     -2
41.1968351026086     0.850941975729114     0     6     -2
41.1836087187894     0.850848012057955     0     6     -2
41.1703825970079     0.850710853720605     0     6     -2
41.1571567381829     0.850522191458636     0     6     -2
41.1439311432336     0.850377954030766     0     6     -2
41.130705813079     0.850007463479279     0     6     -2
41.1174807486384     0.849784059654759     0     6     -2
41.1042559508312     0.84953948677315     0     6     -2
41.0910314205766     0.84956535550384     0     6     -2
41.0778071587943     0.848975523568062     0     6     -2
41.0645831664038     0.848776661444403     0     6     -2
41.0513594443248     0.848545174882028     0     6     -2
41.0381359934772     0.84823147782294     0     6     -2
41.0249128147808     0.847612189588684     0     6     -2
41.0116899091557     0.847779136813916     0     6     -2
40.9984672775219     0.847009477119321     0     6     -2
40.9852449207996     0.846805974003208     0     6     -2
40.9720228399091     0.846478934503742     0     6     -2
40.9588010357708     0.846357832170355     0     6     -2
40.9455795093053     0.845748979825074     0     6     -2
40.932358261433     0.845455886713041     0     6     -2
40.9191372930747     0.845268273459312     0     6     -2
40.9059166051511     0.844843236209571     0     6     -2
40.8926961985833     0.844057930232418     0     6     -2
40.8794760742921     0.84393308347429     0     6     -2
40.8662562331986     0.843182916509511     0     6     -2
40.8530366762241     0.84309795288573     0     6     -2
40.8398174042898     0.842721507380693     0     6     -2
40.8265984183172     0.842238272020546     0     6     -2
40.8133797192277     0.84167801098705     0     6     -2
40.800161307943     0.841183390609541     0     6     -2
40.7869431853848     0.840605726665033     0     6     -2
40.7737253524748     0.840240784646968     0     6     -2
40.7605078101351     0.839944061133179     0     6     -2
40.7472905592876     0.838893807117054     0     6     -2
40.7340736008544     0.83838832318683     0     6     -2
40.7208569357578     0.837859273068169     0     6     -2
40.7076405649202     0.837272465510612     0     6     -2
40.6944244892639     0.836701105457233     0     6     -2
40.6812087097115     0.836036122389121     0     6     -2
40.6679932271857     0.835626947952409     0     6     -2
40.6547780426093     0.834870936689808     0     6     -2
40.6415631569051     0.833862563127528     0     6     -2
40.628348570996     0.833367024791238     0     6     -2
40.6151342858053     0.8326243307492     0     6     -2
40.601920302256     0.832294169519413     0     6     -2
40.5887066212714     0.831565238279264     0     6     -2
40.5754932437751     0.830917564855675     0     6     -2
40.5622801706905     0.8299003491335     0     6     -2
40.5490674029412     0.828878793091317     0     6     -2
40.5358549414509     0.828574758967651     0     6     -2
40.5226427871436     0.827579561990624     0     6     -2
40.5094309409432     0.826811004673268     0     6     -2
40.4962194037737     0.826333986787869     0     6     -2
40.4830081765594     0.825473051045624     0     6     -2
40.4697972602245     0.824930271299582     0     6     -2
40.4565866556934     0.824082200636796     0     6     -2
40.4433763638906     0.822956882463005     0     6     -2
40.4301663857409     0.822097924358115     0     6     -2
40.4169567221688     0.821315287083664     0     6     -2
40.4037473740993     0.820837754116344     0     6     -2
40.3905383424574     0.819716037908067     0     6     -2
40.3773296281681     0.819071277512257     0     6     -2
40.3641212321566     0.818423108423377     0     6     -2
