40.3773296281681     0.840604741536844     0     0     -2
40.3905383424574     0.84091851446952     0     0     -2
40.4037473740993     0.84126559296743     0     0     -2
40.4169567221688     0.841454629208365     0     0     -2
40.4301663857409     0.841766265850599     0     0     -2
40.4433763638906     0.842006238573582     0     0     -2
40.4565866556934     0.842184317207983     0     0     -2
40.4697972602245     0.842436719795318     0     0     -2
40.4830081765594     0.842772345302102     0     0     -2
40.4962194037737     0.843011841373926     0     0     -2
40.5094309409432     0.843192569149719     0     0     -2
40.5226427871436     0.843445196443945     0     0     -2
40.5358549414509     0.843715488140486     0     0     -2
40.5490674029412     0.843872288550328     0     0     -2
40.5622801706905     0.844207881795413     0     0     -2
40.5754932437751     0.844383984896085     0     0     -2
40.5887066212714     0.844637423817457     0     0     -2
40.601920302256     0.844838119235517     0     0     -2
40.6151342858053     0.845148005905098     0     0     -2
40.628348570996     0.845369021552836     0     0     -2
40.6415631569051     0.845532610746102     0     0     -2
40.6547780426093     0.845866737083547     0     0     -2
40.6679932271857     0.846061674679343     0     0     -2
40.6812087097115     0.846266407221266     0     0     -2
40.6944244892639     0.846516992888645     0     0     -2
40.7076405649202     0.846623832549145     0     0     -2
40.7208569357578     0.846902286992392     0     0     -2
40.7340736008544     0.84710371468681     0     0     -2
40.7472905592876     0.847330021867983     0     0     -2
40.7605078101351     0.84761384157044     0     0     -2
40.7737253524748     0.847684781084784     0     0     -2
40.7869431853848     0.847793993326774     0     0     -2
40.800161307943     0.848146705105166     0     0     -2
40.8133797192277     0.848214517691035     0     0     -2
40.8265984183172     0.848408950817973     0     0     -2
40.8398174042898     0.848728782982556     0     0     -2
40.8530366762241     0.848797355965889     0     0     -2
40.8662562331986     0.849068033695451     0     0     -2
40.8794760742921     0.849138000211248     0     0     -2
40.8926961985833     0.849269914927655     0     0     -2
40.9059166051511     0.849420226980023     0     0     -2
40.9191372930747     0.849558165555039     0     0     -2
40.932358261433     0.849819039957355     0     0     -2
40.9455795093053     0.849963273017745     0     0     -2
40.9588010357708     0.850111755136035     0     0     -2
40.9720228399091     0.850233707728654     0     0     -2
40.9852449207996     0.85035065188515     0     0     -2
40.9984672775219     0.850424143988828     0     0     -2
41.0116899091557     0.85061686343526     0     0     -2
41.0249128147808     0.850753333380363     0     0     -2
41.0381359934772     0.850856175764195     0     0     -2
41.0513594443248     0.850980554303134     0     0     -2
41.0645831664038     0.851147702382701     0     0     -2
41.0778071587943     0.85120566373271     0     0     -2
41.0910314205766     0.851235976860507     0     0     -2
41.1042559508312     0.851411137652271     0     0     -2
41.1174807486384     0.851428014314157     0     0     -2
41.130705813079     0.851483009612322     0     0     -2
41.1439311432336     0.851677076834452     0     0     -2
41.1571567381829     0.851741683916597     0     0     -2
41.1703825970079     0.851803233583624     0     0     -2
41.1836087187894     0.85179008039065     0     0     -2
41.1968351026086     0.851837016675247     0     0     -2
41.2100617475467     0.851917292629802     0     0     -2
41.2232886526848     0.851955202082326     0     0     -2
41.2365158171043     0.852041546460773     0     0     -2
41.2497432398867     0.852068513991744     0     0     -2
41.2629709201134     0.852077738535569     0     0     -2
41.2761988568661     0.852054822033366     0     0     -2
41.2894270492266     0.852076146507644     0     0     -2
41.3026554962766     0.852113142279307     0     0     -2
41.315884197098     0.852168070993496     0     0     -2
41.3291131507728     0.852121291087826     0     0     -2
41.3423423563831     0.852258691757865     0     0     -2
41.3555718130111     0.852155027835936     0     0     -2
41.368801519739     0.852105988744688     0     0     -2
41.3820314756491     0.852091225016171     0     0     -2
41.395261679824     0.852152963766619     0     0     -2
41.4084921313462     0.852050374488027     0     0     -2
41.4217228292982     0.852013066774063     0     0     -2
41.4349537727627     0.851990902174198     0     0     -2
41.4481849608227     0.851958872128016     0     0     -2
41.4614163925608     0.852046513421095     0     0     -2
41.4746480670603     0.851824381760706     0     0     -2
41.487879983404     0.851948262671623     0     0     -2
41.5011121406751     0.851652796473667     0     0     -2
41.5143445379569     0.85166224563863     0     0     -2
41.5275771743327     0.851582388484674     0     0     -2
41.5408100488858     0.851589205432075     0     0     -2
41.5540431606999     0.851330090518991     0     0     -2
41.5672765088584     0.851346771372078     0     0     -2
41.580510092445     0.851208260063252     0     0     -2
41.5937439105435     0.851180277708158     0     0     -2
41.6069779622377     0.85097072638239     0     0     -2
41.6202122466115     0.850792617682015     0     0     -2
41.6334467627489     0.850631283110681     0     0     -2
41.646681509734     0.850462755759876     0     0     -2
41.6599164866509     0.850447813324803     0     0     -2
41.673151692584     0.85021900452786     0     0     -2
41.6863871266174     0.850051499681037     0     0     -2
41.6996227878358     0.849712720310456     0     0     -2
41.7128586753234     0.849611360030198     0     0     -2
41.726094788165     0.849402831236841     0     0     -2
41.7393311254452     0.849222063327566     0     0     -2
41.7525676862486     0.848956257167225     0     0     -2
41.7658044696602     0.848651675854803     0     0     -2
41.7790414747648     0.848454820586765     0     0     -2
41.7922787006474     0.848157180921852     0     0     -2
41.8055161463931     0.847946688692323     0     0     -2
41.8187538110869     0.847559091640186     0     0     -2
41.8319916938142     0.847291591059974     0     0     -2
41.8452297936601     0.846857988550399     0     0     -2
41.8584681097102     0.846591077591066     0     0     -2
41.8717066410497     0.846184502245549     0     0     -2
41.8849453867643     0.845703976055416     0     0     -2
41.8981843459396     0.845416136162484     0     0     -2
41.9114235176612     0.844903091256026     0     0     -2
41.9246629010149     0.84446490817052     0     0     -2
41.9379024950865     0.843942077885379     0     0     -2
41.9511422989619     0.84332026657664     0     0     -2
41.9643823117272     0.842843684662476     0     0     -2
41.9776225324684     0.84205233531779     0     0     -2
41.9908629602715     0.841458408255792     0     0     -2
42.0041035942229     0.840689423228347     0     0     -2
42.0173444334088     0.839904921804807     0     0     -2
42.0305854769156     0.838980155726272     0     0     -2
42.0438267238296     0.838159250558634     0     0     -2
42.0570681732375     0.837281487793107     0     0     -2
42.0703098242257     0.83624375489208     0     0     -2
42.083551675881     0.835038546215371     0     0     -2
42.09679372729     0.833951401787947     0     0     -2
42.1100359775395     0.832687368798959     0     0     -2
42.1232784257165     0.831140337839104     0     0     -2
42.1365210709078     0.829716606337885     0     0     -2
42.1497639122005     0.828087719162931     0     0     -2
42.1630069486816     0.826321406369527     0     0     -2
42.1762501794383     0.824426523923759     0     0     -2
42.1894936035578     0.822242416354742     0     0     -2
42.2027372201273     0.819898173025173     0     0     -2
42.2159810282344     0.817469404230404     0     0     -2
42.2292250269662     0.814673868302351     0     0     -2
42.2424692154105     0.811620261365695     0     0     -2
42.2557135926547     0.808393925090978     0     0     -2
42.2689581577864     0.804633496034333     0     0     -2
42.2822029098935     0.800765467255856     0     0     -2
42.2954478480635     0.796212711256009     0     0     -2
42.3086929713844     0.791301477390423     0     0     -2
42.3219382789441     0.785729969801708     0     0     -2
42.3351837698304     0.779439617074514     0     0     -2
42.3484294431316     0.772785274552945     0     0     -2
42.3616752979356     0.765356842632499     0     0     -2
42.3749213333306     0.756435467978703     0     0     -2
42.3881675484049     0.746158013446296     0     0     -2
42.4014139422467     0.733808882172414     0     0     -2
42.4146605139445     0.720308534108574     0     0     -2
42.4279072625865     0.704626268831907     0     0     -2
42.4411541872613     0.686739891382215     0     0     -2
42.4544012870576     0.666540775456715     0     0     -2
42.4676485610637     0.64259404404157     0     0     -2
42.4808960083686     0.615109679399016     0     0     -2
42.4941436280607     0.582455970430851     0     0     -2
42.5073914192291     0.54431325147752     0     0     -2
42.5206393809625     0.501646008404101     0     0     -2
42.5338875123499     0.452227576988061     0     0     -2
42.5471358124802     0.39700231703004     0     0     -2
42.5603842804426     0.338648016490779     0     0     -2
42.573632915326     0.275724114578859     0     0     -2
42.5868817162196     0.215663669514061     0     0     -2
42.6001306822128     0.16181981501529     0     0     -2
42.6133798123947     0.124858226537286     0     0     -2
42.6266291058547     0.108263837254813     0     0     -2
42.6398785616822     0.116839934688669     0     0     -2
42.6531281789667     0.149283601104109     0     0     -2
42.6663779567977     0.201551945551345     0     0     -2
42.6796278942648     0.265610581240182     0     0     -2
42.6928779904575     0.333350945857398     0     0     -2
42.7061282444657     0.401465108217432     0     0     -2
42.719378655379     0.463004154873406     0     0     -2
42.7326292222872     0.517409655073653     0     0     -2
42.7458799442802     0.563736703110952     0     0     -2
42.759130820448     0.604167345566168     0     0     -2
42.7723818498804     0.638315295447403     0     0     -2
42.7856330316676     0.667441424497607     0     0     -2
42.7988843648995     0.692010179372878     0     0     -2
42.8121358486664     0.713582000160845     0     0     -2
42.8253874820585     0.731790847250958     0     0     -2
42.8386392641659     0.747644321185832     0     0     -2
42.8518911940789     0.761243866498995     0     0     -2
42.865143270888     0.773025564324296     0     0     -2
42.8783954936836     0.783185561777798     0     0     -2
42.891647861556     0.792759194884266     0     0     -2
42.9049003735958     0.800595125202659     0     0     -2
42.9181530288935     0.807712101190015     0     0     -2
42.9314058265398     0.813780856891696     0     0     -2
42.9446587656254     0.819012920369633     0     0     -2
42.9579118452409     0.823834716228187     0     0     -2
42.9711650644771     0.828034769090981     0     0     -2
42.9844184224248     0.831902122985782     0     0     -2
42.9976719181749     0.835386200259999     0     0     -2
43.0109255508184     0.838270043539346     0     0     -2
43.0241793194461     0.8410036164141     0     0     -2
43.0374332231491     0.843348493305964     0     0     -2
43.0506872610184     0.845654755567236     0     0     -2
43.0639414321452     0.847634747475244     0     0     -2
43.0771957356206     0.849584265458805     0     0     -2
43.0904501705359     0.851164392006607     0     0     -2
43.1037047359822     0.852619591231004     0     0     -2
43.1169594310509     0.854006297146605     0     0     -2
43.1302142548334     0.855330756054574     0     0     -2
43.1434692064209     0.85649033870221     0     0     -2
43.1567242849051     0.857589718897245     0     0     -2
43.1699794893773     0.85863670691026     0     0     -2
43.183234818929     0.859623011189569     0     0     -2
43.1964902726519     0.860495122783588     0     0     -2
43.2097458496376     0.861271067829734     0     0     -2
43.2230015489777     0.861982568065757     0     0     -2
43.236257369764     0.862656490070183     0     0     -2
43.2495133110882     0.8632666326892     0     0     -2
43.2627693720421     0.86381670930179     0     0     -2
43.2760255517175     0.864562711642585     0     0     -2
43.2892818492064     0.865011242978653     0     0     -2
43.3025382636006     0.865595691765392     0     0     -2
43.3157947939921     0.866047052386277     0     0     -2
43.3290514394729     0.866518042720665     0     0     -2
43.3423081991352     0.866902277471006     0     0     -2
43.3555650720708     0.867317528522735     0     0     -2
43.3688220573721     0.867704414247268     0     0     -2
43.3820791541312     0.868129384712311     0     0     -2
43.3953363614402     0.868384633085538     0     0     -2
43.4085936783915     0.868758082210626     0     0     -2
43.4218511040773     0.868964052467963     0     0     -2
43.43510863759     0.869291366174898     0     0     -2
43.4483662780219     0.869525059999964     0     0     -2
43.4616240244654     0.869724760783517     0     0     -2
43.4748818760131     0.869985873010619     0     0     -2
43.4881398317573     0.870159547550504     0     0     -2
43.5013978907905     0.870393101384576     0     0     -2
43.5146560522055     0.870614322495232     0     0     -2
43.5279143150947     0.870770854963208     0     0     -2
43.5411726785508     0.870926309247362     0     0     -2
43.5544311416664     0.871114717632546     0     0     -2
43.5676897035343     0.87113600848737     0     0     -2
43.5809483632472     0.871415488797877     0     0     -2
43.5942071198979     0.871561267151566     0     0     -2
43.6074659725792     0.871540950881435     0     0     -2
43.6207249203839     0.87178989275062     0     0     -2
43.6339839624049     0.871819605613929     0     0     -2
43.6472430977351     0.871949091298547     0     0     -2
43.6605023254675     0.872153370501884     0     0     -2
43.6737616446951     0.872180275977879     0     0     -2
43.6870210545109     0.872318653664078     0     0     -2
43.7002805540078     0.872372536479518     0     0     -2
43.7135401422791     0.872562678374888     0     0     -2
43.7267998184177     0.872544085921283     0     0     -2
43.7400595815169     0.872554575096208     0     0     -2
43.7533194306699     0.872743035898454     0     0     -2
43.7665793649697     0.872797065292778     0     0     -2
43.7798393835097     0.872914410946949     0     0     -2
43.7930994853832     0.873061288955067     0     0     -2
43.8063596696833     0.872942958010788     0     0     -2
43.8196199355036     0.873177752135445     0     0     -2
43.8328802819372     0.873161838942186     0     0     -2
43.8461407080776     0.873179028831639     0     0     -2
43.8594012130182     0.873385577875658     0     0     -2
43.8726617958525     0.873261470920247     0     0     -2
43.8859224556739     0.873451319289572     0     0     -2
43.8991831915758     0.87341765334959     0     0     -2
43.912444002652     0.873432261018029     0     0     -2
43.9257048879957     0.873463122263522     0     0     -2
43.9389658467008     0.873608530659489     0     0     -2
43.9522268778607     0.873629477025369     0     0     -2
43.9654879805692     0.87362300153008     0     0     -2
43.9787491539198     0.873699800793594     0     0     -2
43.9920103970062     0.873741237542645     0     0     -2
44.0052717089222     0.873819794066958     0     0     -2
44.0185330887614     0.873833201010364     0     0     -2
44.0317945356177     0.873890772908986     0     0     -2
44.0450560485848     0.873967214092036     0     0     -2
44.0583176267565     0.873990836191886     0     0     -2
44.0715792692266     0.873968610222031     0     0     -2
44.0848409750891     0.874140398672928     0     0     -2
44.0981027434377     0.874134161417504     0     0     -2
44.1113645733664     0.87418166985821     0     0     -2
44.1246264639691     0.874159653303119     0     0     -2
44.1378884143397     0.874228872814027     0     0     -2
44.1511504235722     0.87416682688417     0     0     -2
44.1644124907606     0.874348392748851     0     0     -2
44.1776746149988     0.874171111113483     0     0     -2
44.190936795381     0.874384732943682     0     0     -2
44.2041990310011     0.87436521812658     0     0     -2
44.2174613209532     0.874320497752319     0     0     -2
44.2307236643314     0.874397320664035     0     0     -2
44.2439860602298     0.874420863374584     0     0     -2
44.2572485077426     0.87445160986465     0     0     -2
44.2705110059638     0.87441589659893     0     0     -2
44.2837735539876     0.874406168322975     0     0     -2
44.2970361509082     0.874446578637961     0     0     -2
44.3102987958199     0.874529490731377     0     0     -2
44.3235614878167     0.874438151971805     0     0     -2
44.336824225993     0.874456745421216     0     0     -2
44.3500870094429     0.874459585778854     0     0     -2
44.3633498372608     0.874404276448588     0     0     -2
44.376612708541     0.8745135569945     0     0     -2
44.3898756223776     0.874588675829086     0     0     -2
44.4031385778651     0.874550439696406     0     0     -2
44.4164015740977     0.87441730095949     0     0     -2
44.4296646101698     0.874465915903046     0     0     -2
44.4429276851758     0.874567291688226     0     0     -2
44.45619079821     0.874532949381036     0     0     -2
44.4694539483668     0.87450202149496     0     0     -2
44.4827171347406     0.874475891425678     0     0     -2
44.4959803564257     0.874552953318693     0     0     -2
44.5092436125167     0.874433059348377     0     0     -2
44.522506902108     0.874624486705066     0     0     -2
44.5357702242939     0.874474098839843     0     0     -2
44.549033578169     0.874714742445075     0     0     -2
44.5622969628277     0.874514513180462     0     0     -2
44.5755603773645     0.874559640539241     0     0     -2
44.5888238208739     0.87434684419086     0     0     -2
44.6020872924504     0.874703273738101     0     0     -2
44.6153507911885     0.874458525155565     0     0     -2
44.6286143161827     0.874594198257656     0     0     -2
44.6418778665275     0.874510524688474     0     0     -2
44.6551414413176     0.87452462696498     0     0     -2
44.6684050396474     0.87449435589348     0     0     -2
44.6816686606115     0.874430609511202     0     0     -2
44.6949323033044     0.874568066402509     0     0     -2
44.7081959668207     0.874544773433957     0     0     -2
44.7214596502551     0.874491732930469     0     0     -2
44.7347233527021     0.874517029996264     0     0     -2
44.7479870732562     0.874392997821946     0     0     -2
44.7612508110122     0.874553618569644     0     0     -2
44.7745145650645     0.87447210701121     0     0     -2
44.7877783345079     0.874464001745856     0     0     -2
44.8010421184369     0.874532764279566     0     0     -2
44.8143059159461     0.874380819228916     0     0     -2
44.8275697261302     0.874464418498028     0     0     -2
44.8408335480838     0.874462712718934     0     0     -2
44.8540973809016     0.874463856539289     0     0     -2
44.8673612236781     0.874518832483151     0     0     -2
44.8806250755081     0.874526390839039     0     0     -2
44.8938889354862     0.874447294515203     0     0     -2
44.9071528027069     0.874404229557223     0     0     -2
44.9204166762651     0.874414673038868     0     0     -2
44.9336805552553     0.874433242527459     0     0     -2
44.9469444387722     0.874306255049033     0     0     -2
44.9602083259105     0.874393022604808     0     0     -2
44.9734722157648     0.874464911581914     0     0     -2
44.9867361074297     0.874291251645817     0     0     -2
45     0.874444878564857     0     0     -2
