40.3773296281681     0.108195304851339     0     -4     6
40.3905383424574     0.108923466812955     0     -4     6
40.4037473740993     0.109222210990937     0     -4     6
40.4169567221688     0.110290153263958     0     -4     6
40.4301663857409     0.110668291662145     0     -4     6
40.4433763638906     0.110621981064123     0     -4     6
40.4565866556934     0.111381161012878     0     -4     6
40.4697972602245     0.112600184789839     0     -4     6
40.4830081765594     0.11240047055804     0     -4     6
40.4962194037737     0.112713425040155     0     -4     6
40.5094309409432     0.113102346462467     0     -4     6
40.5226427871436     0.112950790056234     0     -4     6
40.5358549414509     0.113163481648614     0     -4     6
40.5490674029412     0.113646171261506     0     -4     6
40.5622801706905     0.113496574102349     0     -4     6
40.5754932437751     0.113417398880951     0     -4     6
40.5887066212714     0.112868836392165     0     -4     6
40.601920302256     0.113150367122851     0     -4     6
40.6151342858053     0.113127167508894     0     -4     6
40.628348570996     0.112838676602712     0     -4     6
40.6415631569051     0.11200239014237     0     -4     6
40.6547780426093     0.111768898352214     0     -4     6
40.6679932271857     0.111740831684491     0     -4     6
40.6812087097115     0.110796360032656     0     -4     6
40.6944244892639     0.110271402177417     0     -4     6
40.7076405649202     0.10976760430767     0     -4     6
40.7208569357578     0.10904702574763     0     -4     6
40.7340736008544     0.108649313535889     0     -4     6
40.7472905592876     0.106996551795606     0     -4     6
40.7605078101351     0.106471020960262     0     -4     6
40.7737253524748     0.105165279509811     0     -4     6
40.7869431853848     0.10437845975791     0     -4     6
40.800161307943     0.103421645610765     0     -4     6
40.8133797192277     0.102800373168652     0     -4     6
40.8265984183172     0.100765193220789     0     -4     6
40.8398174042898     0.09954646444655     0     -4     6
40.8530366762241     0.0982662617491131     0     -4     6
40.8662562331986     0.0975671052777982     0     -4     6
40.8794760742921     0.0959710249595149     0     -4     6
40.8926961985833     0.0942393002605307     0     -4     6
40.9059166051511     0.0934322790448937     0     -4     6
40.9191372930747     0.092886530322596     0     -4     6
40.932358261433     0.091675621098775     0     -4     6
40.9455795093053     0.090311585308597     0     -4     6
40.9588010357708     0.0896783266467475     0     -4     6
40.9720228399091     0.0895756091306089     0     -4     6
40.9852449207996     0.0883459382649286     0     -4     6
40.9984672775219     0.0883015186594665     0     -4     6
41.0116899091557     0.08894141365984     0     -4     6
41.0249128147808     0.0893699434554969     0     -4     6
41.0381359934772     0.0898590286930544     0     -4     6
41.0513594443248     0.0910191023013673     0     -4     6
41.0645831664038     0.0930922950662407     0     -4     6
41.0778071587943     0.0951893811988842     0     -4     6
41.0910314205766     0.0978203707005497     0     -4     6
41.1042559508312     0.101870885003114     0     -4     6
41.1174807486384     0.105150895350494     0     -4     6
41.130705813079     0.109995310513993     0     -4     6
41.1439311432336     0.114679207399465     0     -4     6
41.1571567381829     0.119891531122794     0     -4     6
41.1703825970079     0.126563785113388     0     -4     6
41.1836087187894     0.133344174936615     0     -4     6
41.1968351026086     0.140747165822595     0     -4     6
41.2100617475467     0.149577361388358     0     -4     6
41.2232886526848     0.157085713688647     0     -4     6
41.2365158171043     0.165965704875174     0     -4     6
41.2497432398867     0.175528862919193     0     -4     6
41.2629709201134     0.185400313957488     0     -4     6
41.2761988568661     0.196815126762305     0     -4     6
41.2894270492266     0.208700565389558     0     -4     6
41.3026554962766     0.22132259232332     0     -4     6
41.315884197098     0.233709083267354     0     -4     6
41.3291131507728     0.246523578658715     0     -4     6
41.3423423563831     0.26002274690598     0     -4     6
41.3555718130111     0.274263222460431     0     -4     6
41.368801519739     0.287678240435902     0     -4     6
41.3820314756491     0.301603115029191     0     -4     6
41.395261679824     0.316257142654212     0     -4     6
41.4084921313462     0.330769939131911     0     -4     6
41.4217228292982     0.345791912963865     0     -4     6
41.4349537727627     0.35975277263232     0     -4     6
41.4481849608227     0.374485029914392     0     -4     6
41.4614163925608     0.388428628516955     0     -4     6
41.4746480670603     0.402816848009602     0     -4     6
41.487879983404     0.417446263799555     0     -4     6
41.5011121406751     0.431227661634156     0     -4     6
41.5143445379569     0.445300174867205     0     -4     6
41.5275771743327     0.459597665710242     0     -4     6
41.5408100488858     0.473037136615327     0     -4     6
41.5540431606999     0.487158861453588     0     -4     6
41.5672765088584     0.500969203797389     0     -4     6
41.580510092445     0.515150203211329     0     -4     6
41.5937439105435     0.528174403332488     0     -4     6
41.6069779622377     0.540974788851753     0     -4     6
41.6202122466115     0.553639077802208     0     -4     6
41.6334467627489     0.565361001790794     0     -4     6
41.646681509734     0.577020194686877     0     -4     6
41.6599164866509     0.588443382066462     0     -4     6
41.673151692584     0.599291954979606     0     -4     6
41.6863871266174     0.609958044704795     0     -4     6
41.6996227878358     0.619871726739842     0     -4     6
41.7128586753234     0.630226422882352     0     -4     6
41.726094788165     0.639656689342566     0     -4     6
41.7393311254452     0.649491160065902     0     -4     6
41.7525676862486     0.658213777747249     0     -4     6
41.7658044696602     0.666204011725928     0     -4     6
41.7790414747648     0.674955297977399     0     -4     6
41.7922787006474     0.68351254004997     0     -4     6
41.8055161463931     0.690968147460393     0     -4     6
41.8187538110869     0.698321306166139     0     -4     6
41.8319916938142     0.706087770082192     0     -4     6
41.8452297936601     0.713006349690304     0     -4     6
41.8584681097102     0.719832106944184     0     -4     6
41.8717066410497     0.726078655658809     0     -4     6
41.8849453867643     0.73259180009162     0     -4     6
41.8981843459396     0.738306809359571     0     -4     6
41.9114235176612     0.743702083089858     0     -4     6
41.9246629010149     0.749041646881708     0     -4     6
41.9379024950865     0.754103388670776     0     -4     6
41.9511422989619     0.759181654774729     0     -4     6
41.9643823117272     0.763419456004919     0     -4     6
41.9776225324684     0.76845621451087     0     -4     6
41.9908629602715     0.772859692261307     0     -4     6
42.0041035942229     0.776924574329607     0     -4     6
42.0173444334088     0.780439640003673     0     -4     6
42.0305854769156     0.784275805422306     0     -4     6
42.0438267238296     0.787933226779947     0     -4     6
42.0570681732375     0.791324886756088     0     -4     6
42.0703098242257     0.794663677560191     0     -4     6
42.083551675881     0.797828581085455     0     -4     6
42.09679372729     0.800936678345918     0     -4     6
42.1100359775395     0.803848755747708     0     -4     6
42.1232784257165     0.806301644614434     0     -4     6
42.1365210709078     0.809125240320694     0     -4     6
42.1497639122005     0.811185810857095     0     -4     6
42.1630069486816     0.813651510790393     0     -4     6
42.1762501794383     0.81564280818643     0     -4     6
42.1894936035578     0.817527045864255     0     -4     6
42.2027372201273     0.819597955249684     0     -4     6
42.2159810282344     0.82127177861081     0     -4     6
42.2292250269662     0.823412988651422     0     -4     6
42.2424692154105     0.825128812409978     0     -4     6
42.2557135926547     0.826272695295385     0     -4     6
42.2689581577864     0.82781796240164     0     -4     6
42.2822029098935     0.829147696817678     0     -4     6
42.2954478480635     0.830087774403482     0     -4     6
42.3086929713844     0.831583235146881     0     -4     6
42.3219382789441     0.832876431177496     0     -4     6
42.3351837698304     0.833834222578547     0     -4     6
42.3484294431316     0.835284973739474     0     -4     6
42.3616752979356     0.836001697881695     0     -4     6
42.3749213333306     0.836432099827657     0     -4     6
42.3881675484049     0.837721938455861     0     -4     6
42.4014139422467     0.838442238388459     0     -4     6
42.4146605139445     0.838980283883218     0     -4     6
42.4279072625865     0.839567865830708     0     -4     6
42.4411541872613     0.840416398328387     0     -4     6
42.4544012870576     0.840993166314085     0     -4     6
42.4676485610637     0.841992798131629     0     -4     6
42.4808960083686     0.842177961812841     0     -4     6
42.4941436280607     0.84268630751896     0     -4     6
42.5073914192291     0.843259451530953     0     -4     6
42.5206393809625     0.843877009110391     0     -4     6
42.5338875123499     0.844412471281424     0     -4     6
42.5471358124802     0.844846988097633     0     -4     6
42.5603842804426     0.845335985710059     0     -4     6
42.573632915326     0.845280100059237     0     -4     6
42.5868817162196     0.845296042549254     0     -4     6
42.6001306822128     0.846293280656114     0     -4     6
42.6133798123947     0.846249119033052     0     -4     6
42.6266291058547     0.846886102384392     0     -4     6
42.6398785616822     0.846895684226788     0     -4     6
42.6531281789667     0.847404288956875     0     -4     6
42.6663779567977     0.847414401422107     0     -4     6
42.6796278942648     0.847807660846342     0     -4     6
42.6928779904575     0.848187697282333     0     -4     6
42.7061282444657     0.848508545369851     0     -4     6
42.719378655379     0.848695585205154     0     -4     6
42.7326292222872     0.849054209767218     0     -4     6
42.7458799442802     0.848970578381852     0     -4     6
42.759130820448     0.849076109914828     0     -4     6
42.7723818498804     0.84935861626616     0     -4     6
42.7856330316676     0.849690989811724     0     -4     6
42.7988843648995     0.849342485827341     0     -4     6
42.8121358486664     0.849739830323347     0     -4     6
42.8253874820585     0.849961479634002     0     -4     6
42.8386392641659     0.849609690088706     0     -4     6
42.8518911940789     0.849779278330474     0     -4     6
42.865143270888     0.850357642872948     0     -4     6
42.8783954936836     0.85044216411788     0     -4     6
42.891647861556     0.850622034116194     0     -4     6
42.9049003735958     0.850762094976632     0     -4     6
42.9181530288935     0.850824259874476     0     -4     6
42.9314058265398     0.85064819666655     0     -4     6
42.9446587656254     0.85089480804394     0     -4     6
42.9579118452409     0.850910384034323     0     -4     6
42.9711650644771     0.851128721860169     0     -4     6
42.9844184224248     0.851230666897042     0     -4     6
42.9976719181749     0.851223350951337     0     -4     6
43.0109255508184     0.851491986817011     0     -4     6
43.0241793194461     0.851035901676079     0     -4     6
43.0374332231491     0.851582050300165     0     -4     6
43.0506872610184     0.85174171832691     0     -4     6
43.0639414321452     0.851698809821779     0     -4     6
43.0771957356206     0.851474919426536     0     -4     6
43.0904501705359     0.851431188833809     0     -4     6
43.1037047359822     0.851945918465723     0     -4     6
43.1169594310509     0.851414463809488     0     -4     6
43.1302142548334     0.851991658915499     0     -4     6
43.1434692064209     0.851799809790712     0     -4     6
43.1567242849051     0.851406752920158     0     -4     6
43.1699794893773     0.852164067715951     0     -4     6
43.183234818929     0.851927403882191     0     -4     6
43.1964902726519     0.852383232007708     0     -4     6
43.2097458496376     0.85179036297419     0     -4     6
43.2230015489777     0.852632136803655     0     -4     6
43.236257369764     0.852389556595085     0     -4     6
43.2495133110882     0.852017874880629     0     -4     6
43.2627693720421     0.852515124594554     0     -4     6
43.2760255517175     0.852226432569675     0     -4     6
43.2892818492064     0.852539474018656     0     -4     6
43.3025382636006     0.852602579376934     0     -4     6
43.3157947939921     0.85231728131694     0     -4     6
43.3290514394729     0.852440312063144     0     -4     6
43.3423081991352     0.852562674119482     0     -4     6
43.3555650720708     0.852760061388074     0     -4     6
43.3688220573721     0.852568855894686     0     -4     6
43.3820791541312     0.85261585678219     0     -4     6
43.3953363614402     0.853106555100119     0     -4     6
43.4085936783915     0.852800572655254     0     -4     6
43.4218511040773     0.852780413715358     0     -4     6
43.43510863759     0.852937716063743     0     -4     6
43.4483662780219     0.852791934835322     0     -4     6
43.4616240244654     0.853007892934599     0     -4     6
43.4748818760131     0.852909775059176     0     -4     6
43.4881398317573     0.852842463071299     0     -4     6
43.5013978907905     0.852606382473623     0     -4     6
43.5146560522055     0.852547589606037     0     -4     6
43.5279143150947     0.85276351794826     0     -4     6
43.5411726785508     0.853049514307767     0     -4     6
43.5544311416664     0.852880371859585     0     -4     6
43.5676897035343     0.852922676176208     0     -4     6
43.5809483632472     0.852916982913214     0     -4     6
43.5942071198979     0.852608816941708     0     -4     6
43.6074659725792     0.853050906057582     0     -4     6
43.6207249203839     0.853169025352405     0     -4     6
43.6339839624049     0.852842861643992     0     -4     6
43.6472430977351     0.852961210497231     0     -4     6
43.6605023254675     0.85312690045403     0     -4     6
43.6737616446951     0.853396115116878     0     -4     6
43.6870210545109     0.853400512593318     0     -4     6
43.7002805540078     0.853085860939298     0     -4     6
43.7135401422791     0.853125829797248     0     -4     6
43.7267998184177     0.853182514531717     0     -4     6
43.7400595815169     0.853471044201614     0     -4     6
43.7533194306699     0.853119914683607     0     -4     6
43.7665793649697     0.853536748295754     0     -4     6
43.7798393835097     0.853010390708974     0     -4     6
43.7930994853832     0.853315864132276     0     -4     6
43.8063596696833     0.8530768386065     0     -4     6
43.8196199355036     0.853097901042264     0     -4     6
43.8328802819372     0.853252585791663     0     -4     6
43.8461407080776     0.852962943494219     0     -4     6
43.8594012130182     0.853092265123067     0     -4     6
43.8726617958525     0.853441852202788     0     -4     6
43.8859224556739     0.853564165220579     0     -4     6
43.8991831915758     0.853020444715359     0     -4     6
43.912444002652     0.853460785346259     0     -4     6
43.9257048879957     0.853262114749538     0     -4     6
43.9389658467008     0.853479550584422     0     -4     6
43.9522268778607     0.853540737238266     0     -4     6
43.9654879805692     0.853329719129157     0     -4     6
43.9787491539198     0.853251623660534     0     -4     6
43.9920103970062     0.853370634479166     0     -4     6
44.0052717089222     0.853123354416734     0     -4     6
44.0185330887614     0.853534946808682     0     -4     6
44.0317945356177     0.853178760133758     0     -4     6
44.0450560485848     0.853235458598409     0     -4     6
44.0583176267565     0.853216613607704     0     -4     6
44.0715792692266     0.853581935398396     0     -4     6
44.0848409750891     0.853401630011019     0     -4     6
44.0981027434377     0.853306119328504     0     -4     6
44.1113645733664     0.853265157576196     0     -4     6
44.1246264639691     0.853451716211704     0     -4     6
44.1378884143397     0.853712049204369     0     -4     6
44.1511504235722     0.853671055494362     0     -4     6
44.1644124907606     0.853207810447737     0     -4     6
44.1776746149988     0.853713862318636     0     -4     6
44.190936795381     0.853219924992391     0     -4     6
44.2041990310011     0.853556949068849     0     -4     6
44.2174613209532     0.853685114703146     0     -4     6
44.2307236643314     0.853558217724502     0     -4     6
44.2439860602298     0.853192312858532     0     -4     6
44.2572485077426     0.853550695536912     0     -4     6
44.2705110059638     0.853522208585544     0     -4     6
44.2837735539876     0.853557036767328     0     -4     6
44.2970361509082     0.853472582108256     0     -4     6
44.3102987958199     0.853689909860091     0     -4     6
44.3235614878167     0.853676162214861     0     -4     6
44.336824225993     0.853678599260719     0     -4     6
44.3500870094429     0.853912276634945     0     -4     6
44.3633498372608     0.853746640671965     0     -4     6
44.376612708541     0.853384945685507     0     -4     6
44.3898756223776     0.853562019364104     0     -4     6
44.4031385778651     0.853306197642684     0     -4     6
44.4164015740977     0.85367715501384     0     -4     6
44.4296646101698     0.853329236834683     0     -4     6
44.4429276851758     0.853700171796213     0     -4     6
44.45619079821     0.853406211024715     0     -4     6
44.4694539483668     0.853686948995447     0     -4     6
44.4827171347406     0.853334589387142     0     -4     6
44.4959803564257     0.853675410989946     0     -4     6
44.5092436125167     0.853406942614659     0     -4     6
44.522506902108     0.853546161346545     0     -4     6
44.5357702242939     0.853268649079579     0     -4     6
44.549033578169     0.853791352954492     0     -4     6
44.5622969628277     0.853231576643896     0     -4     6
44.5755603773645     0.853671639233873     0     -4     6
44.5888238208739     0.85341957753664     0     -4     6
44.6020872924504     0.853361276796125     0     -4     6
44.6153507911885     0.853579018986307     0     -4     6
44.6286143161827     0.853639345305555     0     -4     6
44.6418778665275     0.853676357353013     0     -4     6
44.6551414413176     0.853163106603209     0     -4     6
44.6684050396474     0.852932645718197     0     -4     6
44.6816686606115     0.853624493432156     0     -4     6
44.6949323033044     0.8533176001475     0     -4     6
44.7081959668207     0.853510875316324     0     -4     6
44.7214596502551     0.853768838186644     0     -4     6
44.7347233527021     0.853808709077697     0     -4     6
44.7479870732562     0.853592921132895     0     -4     6
44.7612508110122     0.853737948156738     0     -4     6
44.7745145650645     0.853322728124833     0     -4     6
44.7877783345079     0.853533149252909     0     -4     6
44.8010421184369     0.853133649548236     0     -4     6
44.8143059159461     0.853619853648969     0     -4     6
44.8275697261302     0.853517636486466     0     -4     6
44.8408335480838     0.853601675198927     0     -4     6
44.8540973809016     0.853290636868206     0     -4     6
44.8673612236781     0.853319826972308     0     -4     6
44.8806250755081     0.853314761477162     0     -4     6
44.8938889354862     0.853480324876419     0     -4     6
44.9071528027069     0.853617164624108     0     -4     6
44.9204166762651     0.852939802041752     0     -4     6
44.9336805552553     0.853495954029958     0     -4     6
44.9469444387722     0.853359527066903     0     -4     6
44.9602083259105     0.852714300480315     0     -4     6
44.9734722157648     0.853166001035418     0     -4     6
44.9867361074297     0.853445712228999     0     -4     6
45     0.853061029337373     0     -4     6
