44.9867361074297     0.868317578724467     0     -10     10
44.9734722157648     0.868407496637909     0     -10     10
44.9602083259105     0.868108670785453     0     -10     10
44.9469444387722     0.868174376213728     0     -10     10
44.9336805552553     0.868137156553269     0     -10     10
44.9204166762651     0.868182006620293     0     -10     10
44.9071528027069     0.86810982776513     0     -10     10
44.8938889354862     0.868134685612306     0     -10     10
44.8806250755081     0.868181114112193     0     -10     10
44.8673612236781     0.867988025507429     0     -10     10
44.8540973809016     0.867919607913692     0     -10     10
44.8408335480838     0.868062478196361     0     -10     10
44.8275697261302     0.868025288965289     0     -10     10
44.8143059159461     0.867863827051608     0     -10     10
44.8010421184369     0.86784728554117     0     -10     10
44.7877783345079     0.867886927147766     0     -10     10
44.7745145650645     0.867860632077671     0     -10     10
44.7612508110122     0.867731142932139     0     -10     10
44.7479870732562     0.867875931556712     0     -10     10
44.7347233527021     0.867812117222126     0     -10     10
44.7214596502551     0.867779379444531     0     -10     10
44.7081959668207     0.86793191482662     0     -10     10
44.6949323033044     0.867884273198967     0     -10     10
44.6816686606115     0.867735218554615     0     -10     10
44.6684050396474     0.867719104007328     0     -10     10
44.6551414413176     0.867855319572522     0     -10     10
44.6418778665275     0.867757939889703     0     -10     10
44.6286143161827     0.867745979294349     0     -10     10
44.6153507911885     0.867583729775833     0     -10     10
44.6020872924504     0.867775576434174     0     -10     10
44.5888238208739     0.867547279376492     0     -10     10
44.5755603773645     0.867534409631248     0     -10     10
44.5622969628277     0.867437941757481     0     -10     10
44.549033578169     0.867730272630848     0     -10     10
44.5357702242939     0.867515504247791     0     -10     10
44.522506902108     0.867429304822342     0     -10     10
44.5092436125167     0.8675079926929     0     -10     10
44.4959803564257     0.867356373982153     0     -10     10
44.4827171347406     0.867502129453747     0     -10     10
44.4694539483668     0.867271168115121     0     -10     10
44.45619079821     0.867681473532883     0     -10     10
44.4429276851758     0.867387938655209     0     -10     10
44.4296646101698     0.867494491789938     0     -10     10
44.4164015740977     0.867509642071577     0     -10     10
44.4031385778651     0.867491774792729     0     -10     10
44.3898756223776     0.867502960111567     0     -10     10
44.376612708541     0.867202262591547     0     -10     10
44.3633498372608     0.867289199070271     0     -10     10
44.3500870094429     0.86719293229829     0     -10     10
44.336824225993     0.867455741437172     0     -10     10
44.3235614878167     0.867245178199678     0     -10     10
44.3102987958199     0.867320261168206     0     -10     10
44.2970361509082     0.867375076072353     0     -10     10
44.2837735539876     0.867317533053185     0     -10     10
44.2705110059638     0.867345133276707     0     -10     10
44.2572485077426     0.867191173576126     0     -10     10
44.2439860602298     0.867296488534135     0     -10     10
44.2307236643314     0.867061108125735     0     -10     10
44.2174613209532     0.867047991276465     0     -10     10
44.2041990310011     0.867090328968698     0     -10     10
44.190936795381     0.867031546167679     0     -10     10
44.1776746149988     0.866874574003791     0     -10     10
44.1644124907606     0.866956547346952     0     -10     10
44.1511504235722     0.867020340201919     0     -10     10
44.1378884143397     0.866995253207422     0     -10     10
44.1246264639691     0.866891365641427     0     -10     10
44.1113645733664     0.867115623875316     0     -10     10
44.0981027434377     0.866786084712411     0     -10     10
44.0848409750891     0.867041380854005     0     -10     10
44.0715792692266     0.866915058327727     0     -10     10
44.0583176267565     0.867128423129094     0     -10     10
44.0450560485848     0.866839643307511     0     -10     10
44.0317945356177     0.866681993035041     0     -10     10
44.0185330887614     0.866659920250475     0     -10     10
44.0052717089222     0.866810023329151     0     -10     10
43.9920103970062     0.866733304278879     0     -10     10
43.9787491539198     0.867019036285173     0     -10     10
43.9654879805692     0.866590532609731     0     -10     10
43.9522268778607     0.866843279789915     0     -10     10
43.9389658467008     0.866598464231202     0     -10     10
43.9257048879957     0.86674217329133     0     -10     10
43.912444002652     0.866766168451231     0     -10     10
43.8991831915758     0.866744544199034     0     -10     10
43.8859224556739     0.8666592443716     0     -10     10
43.8726617958525     0.866775470382371     0     -10     10
43.8594012130182     0.866592045161325     0     -10     10
43.8461407080776     0.866545839745478     0     -10     10
43.8328802819372     0.866560983922717     0     -10     10
43.8196199355036     0.866427251271781     0     -10     10
43.8063596696833     0.866765646905157     0     -10     10
43.7930994853832     0.866535147903495     0     -10     10
43.7798393835097     0.866614312419941     0     -10     10
43.7665793649697     0.866676528437137     0     -10     10
43.7533194306699     0.866233510780409     0     -10     10
43.7400595815169     0.866534909657689     0     -10     10
43.7267998184177     0.866115048250574     0     -10     10
43.7135401422791     0.866413660074579     0     -10     10
43.7002805540078     0.866445851036661     0     -10     10
43.6870210545109     0.866361451875214     0     -10     10
43.6737616446951     0.866416681395231     0     -10     10
43.6605023254675     0.866008651832482     0     -10     10
43.6472430977351     0.866470709900014     0     -10     10
43.6339839624049     0.866225447655621     0     -10     10
43.6207249203839     0.866375820660357     0     -10     10
43.6074659725792     0.866360269527914     0     -10     10
43.5942071198979     0.866021114079878     0     -10     10
43.5809483632472     0.86634000496732     0     -10     10
43.5676897035343     0.865973142591104     0     -10     10
43.5544311416664     0.866021746195149     0     -10     10
43.5411726785508     0.866168045907149     0     -10     10
43.5279143150947     0.865839430808745     0     -10     10
43.5146560522055     0.866048757331367     0     -10     10
43.5013978907905     0.86575024171039     0     -10     10
43.4881398317573     0.865788913307044     0     -10     10
43.4748818760131     0.865963003650391     0     -10     10
43.4616240244654     0.865552375948418     0     -10     10
43.4483662780219     0.865829950200616     0     -10     10
43.43510863759     0.865758705972103     0     -10     10
43.4218511040773     0.865800701113295     0     -10     10
43.4085936783915     0.865764847974385     0     -10     10
43.3953363614402     0.865250855136029     0     -10     10
43.3820791541312     0.86572759576809     0     -10     10
43.3688220573721     0.865441912865065     0     -10     10
43.3555650720708     0.865677951140697     0     -10     10
43.3423081991352     0.865624823761453     0     -10     10
43.3290514394729     0.865108007700761     0     -10     10
43.3157947939921     0.865616237244041     0     -10     10
43.3025382636006     0.865392956629851     0     -10     10
43.2892818492064     0.86533888554201     0     -10     10
43.2760255517175     0.865262455957323     0     -10     10
43.2627693720421     0.865093973131163     0     -10     10
43.2495133110882     0.865302214757192     0     -10     10
43.236257369764     0.864821490186679     0     -10     10
43.2230015489777     0.865219271803358     0     -10     10
43.2097458496376     0.86514926789295     0     -10     10
43.1964902726519     0.864963286606273     0     -10     10
43.183234818929     0.865156677150963     0     -10     10
43.1699794893773     0.864804960274714     0     -10     10
43.1567242849051     0.865167659243201     0     -10     10
43.1434692064209     0.864872641898467     0     -10     10
43.1302142548334     0.864833247923917     0     -10     10
43.1169594310509     0.864728459052212     0     -10     10
43.1037047359822     0.864974991966589     0     -10     10
43.0904501705359     0.864291076553653     0     -10     10
43.0771957356206     0.864766867325177     0     -10     10
43.0639414321452     0.864173221139391     0     -10     10
43.0506872610184     0.864793542210103     0     -10     10
43.0374332231491     0.864324935824849     0     -10     10
43.0241793194461     0.864531411328473     0     -10     10
43.0109255508184     0.864380251350043     0     -10     10
42.9976719181749     0.864678606537805     0     -10     10
42.9844184224248     0.864162811943923     0     -10     10
42.9711650644771     0.864458806609351     0     -10     10
42.9579118452409     0.864082394343827     0     -10     10
42.9446587656254     0.864232252936079     0     -10     10
42.9314058265398     0.86401141287227     0     -10     10
42.9181530288935     0.864216192802758     0     -10     10
42.9049003735958     0.86424469881861     0     -10     10
42.891647861556     0.86399554841967     0     -10     10
42.8783954936836     0.864024950764425     0     -10     10
42.865143270888     0.864183201105165     0     -10     10
42.8518911940789     0.864050294202516     0     -10     10
42.8386392641659     0.863905463983118     0     -10     10
42.8253874820585     0.863757506439463     0     -10     10
42.8121358486664     0.863934885364451     0     -10     10
42.7988843648995     0.863769766212387     0     -10     10
42.7856330316676     0.863708556851591     0     -10     10
42.7723818498804     0.863634167404027     0     -10     10
42.759130820448     0.8634684438044     0     -10     10
42.7458799442802     0.863716106332412     0     -10     10
42.7326292222872     0.863169135721763     0     -10     10
42.719378655379     0.863591189029952     0     -10     10
42.7061282444657     0.863218797752913     0     -10     10
42.6928779904575     0.863561150981369     0     -10     10
42.6796278942648     0.863153527180012     0     -10     10
42.6663779567977     0.863508028212959     0     -10     10
42.6531281789667     0.863228865174833     0     -10     10
42.6398785616822     0.863107552184284     0     -10     10
42.6266291058547     0.863162570870493     0     -10     10
42.6133798123947     0.862607915466379     0     -10     10
42.6001306822128     0.863113950540611     0     -10     10
42.5868817162196     0.862583885291759     0     -10     10
42.573632915326     0.862935066677988     0     -10     10
42.5603842804426     0.862643510124025     0     -10     10
42.5471358124802     0.862764367480133     0     -10     10
42.5338875123499     0.862726192552477     0     -10     10
42.5206393809625     0.862549790711845     0     -10     10
42.5073914192291     0.862667233757187     0     -10     10
42.4941436280607     0.862404745252681     0     -10     10
42.4808960083686     0.8625838349761     0     -10     10
42.4676485610637     0.862505200301355     0     -10     10
42.4544012870576     0.862430542126441     0     -10     10
42.4411541872613     0.862166803642972     0     -10     10
42.4279072625865     0.861907310503484     0     -10     10
42.4146605139445     0.862165625552795     0     -10     10
42.4014139422467     0.862125328644767     0     -10     10
42.3881675484049     0.861832969807649     0     -10     10
42.3749213333306     0.861868488922255     0     -10     10
42.3616752979356     0.861793581360985     0     -10     10
42.3484294431316     0.861839383986055     0     -10     10
42.3351837698304     0.861797781239842     0     -10     10
42.3219382789441     0.861557210896397     0     -10     10
42.3086929713844     0.861554850526563     0     -10     10
42.2954478480635     0.861782667545687     0     -10     10
42.2822029098935     0.861636997145003     0     -10     10
42.2689581577864     0.861348070356234     0     -10     10
42.2557135926547     0.861418459564701     0     -10     10
42.2424692154105     0.861360211666299     0     -10     10
42.2292250269662     0.861153331815396     0     -10     10
42.2159810282344     0.860948062508214     0     -10     10
42.2027372201273     0.860914674568435     0     -10     10
42.1894936035578     0.860858974860478     0     -10     10
42.1762501794383     0.860671010385922     0     -10     10
42.1630069486816     0.860658638856557     0     -10     10
42.1497639122005     0.860554538109116     0     -10     10
42.1365210709078     0.86028645927813     0     -10     10
42.1232784257165     0.860046270715866     0     -10     10
42.1100359775395     0.859882609638757     0     -10     10
42.09679372729     0.859693749686326     0     -10     10
42.083551675881     0.859456023771852     0     -10     10
42.0703098242257     0.859090444454446     0     -10     10
42.0570681732375     0.858639180007008     0     -10     10
42.0438267238296     0.858071625095449     0     -10     10
42.0305854769156     0.857282787840403     0     -10     10
42.0173444334088     0.856468282802298     0     -10     10
42.0041035942229     0.854837990817612     0     -10     10
41.9908629602715     0.853115705618639     0     -10     10
41.9776225324684     0.850945456343038     0     -10     10
41.9643823117272     0.847052976425469     0     -10     10
41.9511422989619     0.841059866382074     0     -10     10
41.9379024950865     0.832960401563398     0     -10     10
41.9246629010149     0.824149920441889     0     -10     10
41.9114235176612     0.808697414655021     0     -10     10
41.8981843459396     0.786715205516679     0     -10     10
41.8849453867643     0.759755109488886     0     -10     10
41.8717066410497     0.729843864965005     0     -10     10
41.8584681097102     0.675984852459578     0     -10     10
41.8452297936601     0.569403068314849     0     -10     10
41.8319916938142     0.449075081273638     0     -10     10
41.8187538110869     0.401427887778613     0     -10     10
41.8055161463931     0.439948931446873     0     -10     10
41.7922787006474     0.500967532798935     0     -10     10
41.7790414747648     0.559307070166048     0     -10     10
41.7658044696602     0.606745788555019     0     -10     10
41.7525676862486     0.647425698604505     0     -10     10
41.7393311254452     0.670739198920111     0     -10     10
41.726094788165     0.684620908902101     0     -10     10
41.7128586753234     0.69842936600013     0     -10     10
41.6996227878358     0.71295982141322     0     -10     10
41.6863871266174     0.719524762287412     0     -10     10
41.673151692584     0.720393091126783     0     -10     10
41.6599164866509     0.723539891481929     0     -10     10
41.646681509734     0.728894917469808     0     -10     10
41.6334467627489     0.730599740911489     0     -10     10
41.6202122466115     0.726737329766945     0     -10     10
41.6069779622377     0.725100260143037     0     -10     10
41.5937439105435     0.726073254365174     0     -10     10
41.580510092445     0.725522789320801     0     -10     10
41.5672765088584     0.71963616719753     0     -10     10
41.5540431606999     0.71494097107936     0     -10     10
41.5408100488858     0.712061864600841     0     -10     10
41.5275771743327     0.708577324332565     0     -10     10
41.5143445379569     0.699036687879561     0     -10     10
41.5011121406751     0.68795215807212     0     -10     10
41.487879983404     0.675459645858459     0     -10     10
41.4746480670603     0.659424306222601     0     -10     10
41.4614163925608     0.632495256053433     0     -10     10
41.4481849608227     0.600483013828075     0     -10     10
41.4349537727627     0.565206700137308     0     -10     10
41.4217228292982     0.524464763625518     0     -10     10
41.4084921313462     0.479987639940632     0     -10     10
41.395261679824     0.43871040581088     0     -10     10
41.3820314756491     0.397144638288035     0     -10     10
41.368801519739     0.361102139857958     0     -10     10
41.3555718130111     0.337753619039637     0     -10     10
41.3423423563831     0.324659181351691     0     -10     10
41.3291131507728     0.305369594347975     0     -10     10
41.315884197098     0.300200635984764     0     -10     10
41.3026554962766     0.316495302563609     0     -10     10
41.2894270492266     0.327426722511685     0     -10     10
41.2761988568661     0.332383403597324     0     -10     10
41.2629709201134     0.351925944342856     0     -10     10
41.2497432398867     0.385451855056531     0     -10     10
41.2365158171043     0.399560359047823     0     -10     10
41.2232886526848     0.41204819182693     0     -10     10
41.2100617475467     0.438875036038828     0     -10     10
41.1968351026086     0.463271668587202     0     -10     10
41.1836087187894     0.469164130799703     0     -10     10
41.1703825970079     0.481695311859747     0     -10     10
41.1571567381829     0.504703422709909     0     -10     10
41.1439311432336     0.517606040859614     0     -10     10
41.130705813079     0.518853097260146     0     -10     10
41.1174807486384     0.52950856144554     0     -10     10
41.1042559508312     0.544534173285701     0     -10     10
41.0910314205766     0.546267120361436     0     -10     10
41.0778071587943     0.544499109944586     0     -10     10
41.0645831664038     0.554556732958077     0     -10     10
41.0513594443248     0.560150741169173     0     -10     10
41.0381359934772     0.553543354523704     0     -10     10
41.0249128147808     0.552494817054874     0     -10     10
41.0116899091557     0.557683557744056     0     -10     10
40.9984672775219     0.55249482237166     0     -10     10
40.9852449207996     0.541875996650709     0     -10     10
40.9720228399091     0.541272839538644     0     -10     10
40.9588010357708     0.537501189611998     0     -10     10
40.9455795093053     0.523825639425113     0     -10     10
40.932358261433     0.512049531800318     0     -10     10
40.9191372930747     0.50771546702599     0     -10     10
40.9059166051511     0.494802261669204     0     -10     10
40.8926961985833     0.475919972665003     0     -10     10
40.8794760742921     0.461083551218508     0     -10     10
40.8662562331986     0.449560467317448     0     -10     10
40.8530366762241     0.426078763602441     0     -10     10
40.8398174042898     0.40671426888139     0     -10     10
40.8265984183172     0.389927622586296     0     -10     10
40.8133797192277     0.369299160853336     0     -10     10
40.800161307943     0.344256051574035     0     -10     10
40.7869431853848     0.323632221469949     0     -10     10
40.7737253524748     0.302297547543795     0     -10     10
40.7605078101351     0.280509979662516     0     -10     10
40.7472905592876     0.262976119233259     0     -10     10
40.7340736008544     0.247139721341119     0     -10     10
40.7208569357578     0.225641358265266     0     -10     10
40.7076405649202     0.212694404358225     0     -10     10
40.6944244892639     0.199921829280254     0     -10     10
40.6812087097115     0.185597900058577     0     -10     10
40.6679932271857     0.176451870665576     0     -10     10
40.6547780426093     0.176015387304455     0     -10     10
40.6415631569051     0.169537923908026     0     -10     10
40.628348570996     0.161212120691288     0     -10     10
40.6151342858053     0.166126733047808     0     -10     10
40.601920302256     0.172408597604178     0     -10     10
40.5887066212714     0.168172416631571     0     -10     10
40.5754932437751     0.169562799867827     0     -10     10
40.5622801706905     0.18342569517249     0     -10     10
40.5490674029412     0.190438576449253     0     -10     10
40.5358549414509     0.188989830831289     0     -10     10
40.5226427871436     0.19426622974955     0     -10     10
40.5094309409432     0.213277893912415     0     -10     10
40.4962194037737     0.220771645199495     0     -10     10
40.4830081765594     0.220545900003498     0     -10     10
40.4697972602245     0.227164090245082     0     -10     10
40.4565866556934     0.243232810701625     0     -10     10
40.4433763638906     0.251485062980126     0     -10     10
40.4301663857409     0.251586631600901     0     -10     10
40.4169567221688     0.258604962862473     0     -10     10
40.4037473740993     0.272902997885088     0     -10     10
40.3905383424574     0.281217305100142     0     -10     10
40.3773296281681     0.280899395190648     0     -10     10
40.3641212321566     0.283444058906263     0     -10     10
