44.9867361074297     0.847222875386397     0     -8     4
44.9734722157648     0.847154132667875     0     -8     4
44.9602083259105     0.847307734053647     0     -8     4
44.9469444387722     0.847277241401128     0     -8     4
44.9336805552553     0.847227113535284     0     -8     4
44.9204166762651     0.846959514378182     0     -8     4
44.9071528027069     0.847065789922631     0     -8     4
44.8938889354862     0.847457147716491     0     -8     4
44.8806250755081     0.847369797242458     0     -8     4
44.8673612236781     0.847270495407049     0     -8     4
44.8540973809016     0.847338012550418     0     -8     4
44.8408335480838     0.847017790635102     0     -8     4
44.8275697261302     0.846979699482748     0     -8     4
44.8143059159461     0.847109761260852     0     -8     4
44.8010421184369     0.846966088865045     0     -8     4
44.7877783345079     0.847294187626162     0     -8     4
44.7745145650645     0.847382996218411     0     -8     4
44.7612508110122     0.847072068275945     0     -8     4
44.7479870732562     0.847368435828345     0     -8     4
44.7347233527021     0.846953282694726     0     -8     4
44.7214596502551     0.846790926145473     0     -8     4
44.7081959668207     0.847245428983773     0     -8     4
44.6949323033044     0.847598154803901     0     -8     4
44.6816686606115     0.847475300970491     0     -8     4
44.6684050396474     0.847538353800006     0     -8     4
44.6551414413176     0.847627567436358     0     -8     4
44.6418778665275     0.847554480576864     0     -8     4
44.6286143161827     0.847721316704605     0     -8     4
44.6153507911885     0.847707509288672     0     -8     4
44.6020872924504     0.847428704182328     0     -8     4
44.5888238208739     0.848031323488988     0     -8     4
44.5755603773645     0.847933329013124     0     -8     4
44.5622969628277     0.848090991153906     0     -8     4
44.549033578169     0.848040113292094     0     -8     4
44.5357702242939     0.848231864329286     0     -8     4
44.522506902108     0.847981435514598     0     -8     4
44.5092436125167     0.848371860645265     0     -8     4
44.4959803564257     0.848198431536387     0     -8     4
44.4827171347406     0.848644898960433     0     -8     4
44.4694539483668     0.848833096787221     0     -8     4
44.45619079821     0.848955674754249     0     -8     4
44.4429276851758     0.848915481967445     0     -8     4
44.4296646101698     0.848906848017927     0     -8     4
44.4164015740977     0.848811703344649     0     -8     4
44.4031385778651     0.849047357492067     0     -8     4
44.3898756223776     0.84925594577723     0     -8     4
44.376612708541     0.84944578284646     0     -8     4
44.3633498372608     0.849223202892776     0     -8     4
44.3500870094429     0.849297258451362     0     -8     4
44.336824225993     0.849097570615709     0     -8     4
44.3235614878167     0.84918452990109     0     -8     4
44.3102987958199     0.849102720875149     0     -8     4
44.2970361509082     0.849309089338731     0     -8     4
44.2837735539876     0.849450961072017     0     -8     4
44.2705110059638     0.849507008642811     0     -8     4
44.2572485077426     0.849414404569279     0     -8     4
44.2439860602298     0.849506960093261     0     -8     4
44.2307236643314     0.849417450750591     0     -8     4
44.2174613209532     0.849488273090794     0     -8     4
44.2041990310011     0.849191890823751     0     -8     4
44.190936795381     0.84967771263785     0     -8     4
44.1776746149988     0.849654531168763     0     -8     4
44.1644124907606     0.849681497604102     0     -8     4
44.1511504235722     0.849391279034293     0     -8     4
44.1378884143397     0.849572823443478     0     -8     4
44.1246264639691     0.84940797830557     0     -8     4
44.1113645733664     0.849400847910162     0     -8     4
44.0981027434377     0.84923660821655     0     -8     4
44.0848409750891     0.849530705907193     0     -8     4
44.0715792692266     0.849391426323867     0     -8     4
44.0583176267565     0.849540996282612     0     -8     4
44.0450560485848     0.849130353971896     0     -8     4
44.0317945356177     0.849262403591862     0     -8     4
44.0185330887614     0.849199246778966     0     -8     4
44.0052717089222     0.849198342410369     0     -8     4
43.9920103970062     0.849423112806853     0     -8     4
43.9787491539198     0.849530159851544     0     -8     4
43.9654879805692     0.849405895089482     0     -8     4
43.9522268778607     0.849397615058965     0     -8     4
43.9389658467008     0.849263282572131     0     -8     4
43.9257048879957     0.849194565878742     0     -8     4
43.912444002652     0.849169229981547     0     -8     4
43.8991831915758     0.849194830422618     0     -8     4
43.8859224556739     0.849550598479896     0     -8     4
43.8726617958525     0.849275217897449     0     -8     4
43.8594012130182     0.849285515753784     0     -8     4
43.8461407080776     0.849461519751381     0     -8     4
43.8328802819372     0.849157409694749     0     -8     4
43.8196199355036     0.849035537194198     0     -8     4
43.8063596696833     0.848697640967672     0     -8     4
43.7930994853832     0.849339396939604     0     -8     4
43.7798393835097     0.849489976503328     0     -8     4
43.7665793649697     0.849415147759979     0     -8     4
43.7533194306699     0.84903719762439     0     -8     4
43.7400595815169     0.849227933640212     0     -8     4
43.7267998184177     0.849190718938446     0     -8     4
43.7135401422791     0.848743004664152     0     -8     4
43.7002805540078     0.849021023887199     0     -8     4
43.6870210545109     0.849234065965713     0     -8     4
43.6737616446951     0.849278101768733     0     -8     4
43.6605023254675     0.849313057884669     0     -8     4
43.6472430977351     0.849373523686264     0     -8     4
43.6339839624049     0.849405614869248     0     -8     4
43.6207249203839     0.849129075784563     0     -8     4
43.6074659725792     0.848674904492881     0     -8     4
43.5942071198979     0.849630728997555     0     -8     4
43.5809483632472     0.849754109613143     0     -8     4
43.5676897035343     0.849355394713654     0     -8     4
43.5544311416664     0.84925366055851     0     -8     4
43.5411726785508     0.849313280908242     0     -8     4
43.5279143150947     0.849355802622236     0     -8     4
43.5146560522055     0.849044078020657     0     -8     4
43.5013978907905     0.849488494036134     0     -8     4
43.4881398317573     0.849438863384997     0     -8     4
43.4748818760131     0.849602961861123     0     -8     4
43.4616240244654     0.849462725936948     0     -8     4
43.4483662780219     0.849440913318538     0     -8     4
43.43510863759     0.849517061402484     0     -8     4
43.4218511040773     0.849403305180006     0     -8     4
43.4085936783915     0.849317428794673     0     -8     4
43.3953363614402     0.849617831271641     0     -8     4
43.3820791541312     0.849598513490772     0     -8     4
43.3688220573721     0.849570297096373     0     -8     4
43.3555650720708     0.849469543177215     0     -8     4
43.3423081991352     0.84961828242143     0     -8     4
43.3290514394729     0.849455645874963     0     -8     4
43.3157947939921     0.849623549042393     0     -8     4
43.3025382636006     0.849533548024095     0     -8     4
43.2892818492064     0.849890497816375     0     -8     4
43.2760255517175     0.849753111078054     0     -8     4
43.2627693720421     0.849706100847002     0     -8     4
43.2495133110882     0.849820006167893     0     -8     4
43.236257369764     0.849627293496691     0     -8     4
43.2230015489777     0.849640150466913     0     -8     4
43.2097458496376     0.849888669572929     0     -8     4
43.1964902726519     0.849673930709407     0     -8     4
43.183234818929     0.849748833101429     0     -8     4
43.1699794893773     0.849670444435559     0     -8     4
43.1567242849051     0.849754624367711     0     -8     4
43.1434692064209     0.849882556412671     0     -8     4
43.1302142548334     0.849844641412868     0     -8     4
43.1169594310509     0.849787060121621     0     -8     4
43.1037047359822     0.849956716907555     0     -8     4
43.0904501705359     0.849982780958111     0     -8     4
43.0771957356206     0.849942532782192     0     -8     4
43.0639414321452     0.849723678940711     0     -8     4
43.0506872610184     0.849968509856475     0     -8     4
43.0374332231491     0.849795102576776     0     -8     4
43.0241793194461     0.849752332288956     0     -8     4
43.0109255508184     0.849862437708298     0     -8     4
42.9976719181749     0.849962169332235     0     -8     4
42.9844184224248     0.849856768373709     0     -8     4
42.9711650644771     0.849724043152571     0     -8     4
42.9579118452409     0.84956416148417     0     -8     4
42.9446587656254     0.849887307177181     0     -8     4
42.9314058265398     0.849896154664598     0     -8     4
42.9181530288935     0.849919678182722     0     -8     4
42.9049003735958     0.84975162533982     0     -8     4
42.891647861556     0.849952262539844     0     -8     4
42.8783954936836     0.849856787056609     0     -8     4
42.865143270888     0.849797750902705     0     -8     4
42.8518911940789     0.84970068319629     0     -8     4
42.8386392641659     0.849811344965805     0     -8     4
42.8253874820585     0.849898946661328     0     -8     4
42.8121358486664     0.849871652428416     0     -8     4
42.7988843648995     0.849851058939475     0     -8     4
42.7856330316676     0.849795304718889     0     -8     4
42.7723818498804     0.849676191340276     0     -8     4
42.759130820448     0.849304894915445     0     -8     4
42.7458799442802     0.849418556876691     0     -8     4
42.7326292222872     0.849728173718071     0     -8     4
42.719378655379     0.849735024063625     0     -8     4
42.7061282444657     0.849434024885138     0     -8     4
42.6928779904575     0.849447534778077     0     -8     4
42.6796278942648     0.849421647923518     0     -8     4
42.6663779567977     0.849465176257719     0     -8     4
42.6531281789667     0.849342840442162     0     -8     4
42.6398785616822     0.849423091762022     0     -8     4
42.6266291058547     0.849452560809111     0     -8     4
42.6133798123947     0.849071198767737     0     -8     4
42.6001306822128     0.84934298324918     0     -8     4
42.5868817162196     0.849015186402346     0     -8     4
42.573632915326     0.849176066682785     0     -8     4
42.5603842804426     0.84901001913605     0     -8     4
42.5471358124802     0.848942362511817     0     -8     4
42.5338875123499     0.848945026283514     0     -8     4
42.5206393809625     0.848858944731841     0     -8     4
42.5073914192291     0.848918115286268     0     -8     4
42.4941436280607     0.848562626829549     0     -8     4
42.4808960083686     0.848915067000499     0     -8     4
42.4676485610637     0.848656133046877     0     -8     4
42.4544012870576     0.848474312621368     0     -8     4
42.4411541872613     0.848495192210481     0     -8     4
42.4279072625865     0.848264138793025     0     -8     4
42.4146605139445     0.848471904019216     0     -8     4
42.4014139422467     0.848003631857993     0     -8     4
42.3881675484049     0.847883286295105     0     -8     4
42.3749213333306     0.848035248964535     0     -8     4
42.3616752979356     0.847631472814907     0     -8     4
42.3484294431316     0.847625737916431     0     -8     4
42.3351837698304     0.847666641491523     0     -8     4
42.3219382789441     0.847485393492374     0     -8     4
42.3086929713844     0.847164982288838     0     -8     4
42.2954478480635     0.847106818178993     0     -8     4
42.2822029098935     0.846845054997544     0     -8     4
42.2689581577864     0.846551840311601     0     -8     4
42.2557135926547     0.846253293553926     0     -8     4
42.2424692154105     0.845873351631911     0     -8     4
42.2292250269662     0.846167882622218     0     -8     4
42.2159810282344     0.845172243043229     0     -8     4
42.2027372201273     0.845274508281321     0     -8     4
42.1894936035578     0.845179202401459     0     -8     4
42.1762501794383     0.843823126545934     0     -8     4
42.1630069486816     0.843974003145504     0     -8     4
42.1497639122005     0.843453186645014     0     -8     4
42.1365210709078     0.843300063618845     0     -8     4
42.1232784257165     0.841783395790931     0     -8     4
42.1100359775395     0.841113735858171     0     -8     4
42.09679372729     0.841206098179844     0     -8     4
42.083551675881     0.839739681965989     0     -8     4
42.0703098242257     0.838413645107336     0     -8     4
42.0570681732375     0.838076394741379     0     -8     4
42.0438267238296     0.837124723870347     0     -8     4
42.0305854769156     0.834609611188039     0     -8     4
42.0173444334088     0.833505543093895     0     -8     4
42.0041035942229     0.832448399219042     0     -8     4
41.9908629602715     0.830274289697883     0     -8     4
41.9776225324684     0.827205917864498     0     -8     4
41.9643823117272     0.825609562149726     0     -8     4
41.9511422989619     0.824409237092787     0     -8     4
41.9379024950865     0.819472540765617     0     -8     4
41.9246629010149     0.81612240512684     0     -8     4
41.9114235176612     0.813698482451693     0     -8     4
41.8981843459396     0.810714906675889     0     -8     4
41.8849453867643     0.804013555638672     0     -8     4
41.8717066410497     0.799686839095024     0     -8     4
41.8584681097102     0.797002716314952     0     -8     4
41.8452297936601     0.793562949731528     0     -8     4
41.8319916938142     0.785364977091748     0     -8     4
41.8187538110869     0.780806923255911     0     -8     4
41.8055161463931     0.777263244426682     0     -8     4
41.7922787006474     0.771707236205982     0     -8     4
41.7790414747648     0.761172856064464     0     -8     4
41.7658044696602     0.752966638520635     0     -8     4
41.7525676862486     0.746685914841913     0     -8     4
41.7393311254452     0.73810752716766     0     -8     4
41.726094788165     0.723914562886475     0     -8     4
41.7128586753234     0.709747338750324     0     -8     4
41.6996227878358     0.696000423298697     0     -8     4
41.6863871266174     0.677597326656703     0     -8     4
41.673151692584     0.648264786974542     0     -8     4
41.6599164866509     0.614024276381527     0     -8     4
41.646681509734     0.577291168847504     0     -8     4
41.6334467627489     0.539158768630109     0     -8     4
41.6202122466115     0.493852217452145     0     -8     4
41.6069779622377     0.454171769292156     0     -8     4
41.5937439105435     0.418259071613814     0     -8     4
41.580510092445     0.384448832148086     0     -8     4
41.5672765088584     0.361928271317779     0     -8     4
41.5540431606999     0.356607133468319     0     -8     4
41.5408100488858     0.347957222967085     0     -8     4
41.5275771743327     0.335639445100248     0     -8     4
41.5143445379569     0.340888177502723     0     -8     4
41.5011121406751     0.360095628568478     0     -8     4
41.487879983404     0.369472445908834     0     -8     4
41.4746480670603     0.369187345903528     0     -8     4
41.4614163925608     0.385799381341064     0     -8     4
41.4481849608227     0.415393224277831     0     -8     4
41.4349537727627     0.426328395429291     0     -8     4
41.4217228292982     0.430891566073406     0     -8     4
41.4084921313462     0.4507312797292     0     -8     4
41.395261679824     0.476756053933562     0     -8     4
41.3820314756491     0.483707847917673     0     -8     4
41.368801519739     0.484711939099589     0     -8     4
41.3555718130111     0.503623800753215     0     -8     4
41.3423423563831     0.521740358032558     0     -8     4
41.3291131507728     0.526641783844772     0     -8     4
41.315884197098     0.526456931793067     0     -8     4
41.3026554962766     0.5422666523858     0     -8     4
41.2894270492266     0.55453297925738     0     -8     4
41.2761988568661     0.552647112249117     0     -8     4
41.2629709201134     0.552327074114217     0     -8     4
41.2497432398867     0.565793075860585     0     -8     4
41.2365158171043     0.573634801967517     0     -8     4
41.2232886526848     0.568371563551145     0     -8     4
41.2100617475467     0.568439316636456     0     -8     4
41.1968351026086     0.579448704996907     0     -8     4
41.1836087187894     0.581536027205137     0     -8     4
41.1703825970079     0.573904165888357     0     -8     4
41.1571567381829     0.5743630691651     0     -8     4
41.1439311432336     0.584386612122427     0     -8     4
41.130705813079     0.584338885962272     0     -8     4
41.1174807486384     0.575652083331021     0     -8     4
41.1042559508312     0.577526185955013     0     -8     4
41.0910314205766     0.583380896037195     0     -8     4
41.0778071587943     0.576180459298861     0     -8     4
41.0645831664038     0.567885656136617     0     -8     4
41.0513594443248     0.572219904456768     0     -8     4
41.0381359934772     0.570582508113151     0     -8     4
41.0249128147808     0.558801167291826     0     -8     4
41.0116899091557     0.555548193234188     0     -8     4
40.9984672775219     0.557770691091905     0     -8     4
40.9852449207996     0.548745848223707     0     -8     4
40.9720228399091     0.537168952941697     0     -8     4
40.9588010357708     0.536426107360785     0     -8     4
40.9455795093053     0.533709827214464     0     -8     4
40.932358261433     0.518526007076143     0     -8     4
40.9191372930747     0.509862667129517     0     -8     4
40.9059166051511     0.509144718495659     0     -8     4
40.8926961985833     0.500018493371752     0     -8     4
40.8794760742921     0.482568060211616     0     -8     4
40.8662562331986     0.475915242439894     0     -8     4
40.8530366762241     0.471709528871646     0     -8     4
40.8398174042898     0.457230143448365     0     -8     4
40.8265984183172     0.440852215779581     0     -8     4
40.8133797192277     0.436284257795322     0     -8     4
40.800161307943     0.424908450101249     0     -8     4
40.7869431853848     0.405122851830613     0     -8     4
40.7737253524748     0.39347399716833     0     -8     4
40.7605078101351     0.38665558016193     0     -8     4
40.7472905592876     0.368339697505262     0     -8     4
40.7340736008544     0.353572250638279     0     -8     4
40.7208569357578     0.345001988523298     0     -8     4
40.7076405649202     0.330956649788511     0     -8     4
40.6944244892639     0.310383099126865     0     -8     4
40.6812087097115     0.30063838910071     0     -8     4
40.6679932271857     0.289948079404999     0     -8     4
40.6547780426093     0.273618668753495     0     -8     4
40.6415631569051     0.261526044518001     0     -8     4
40.628348570996     0.254826865137013     0     -8     4
40.6151342858053     0.240752043451214     0     -8     4
40.601920302256     0.225024924013701     0     -8     4
40.5887066212714     0.218949537825608     0     -8     4
40.5754932437751     0.212655976026717     0     -8     4
40.5622801706905     0.198241728894356     0     -8     4
40.5490674029412     0.189470532349193     0     -8     4
40.5358549414509     0.188215663378009     0     -8     4
40.5226427871436     0.18335166124005     0     -8     4
40.5094309409432     0.168701601282994     0     -8     4
40.4962194037737     0.162851036022088     0     -8     4
40.4830081765594     0.164854238517781     0     -8     4
40.4697972602245     0.1622237783066     0     -8     4
40.4565866556934     0.151556217230314     0     -8     4
40.4433763638906     0.146536998585407     0     -8     4
40.4301663857409     0.151050922258867     0     -8     4
40.4169567221688     0.151583094478556     0     -8     4
40.4037473740993     0.14195702433431     0     -8     4
40.3905383424574     0.137268854102411     0     -8     4
40.3773296281681     0.144420602011498     0     -8     4
40.3641212321566     0.149113852898075     0     -8     4
