40.3773296281681     0.0919556658314922     0     0     10
40.3905383424574     0.0915215825467716     0     0     10
40.4037473740993     0.0914734935589924     0     0     10
40.4169567221688     0.0916224291089114     0     0     10
40.4301663857409     0.0917103156572041     0     0     10
40.4433763638906     0.091453375071411     0     0     10
40.4565866556934     0.0911696805272905     0     0     10
40.4697972602245     0.0911283308541611     0     0     10
40.4830081765594     0.0911646516517862     0     0     10
40.4962194037737     0.0913112546660921     0     0     10
40.5094309409432     0.0913290978715057     0     0     10
40.5226427871436     0.0914877323903534     0     0     10
40.5358549414509     0.0913212522099296     0     0     10
40.5490674029412     0.0913926969012309     0     0     10
40.5622801706905     0.0914180182759973     0     0     10
40.5754932437751     0.0915686369812936     0     0     10
40.5887066212714     0.0914394650260415     0     0     10
40.601920302256     0.0910367396123532     0     0     10
40.6151342858053     0.0909928122593319     0     0     10
40.628348570996     0.0911897174793051     0     0     10
40.6415631569051     0.0909892895718214     0     0     10
40.6547780426093     0.0907972750159987     0     0     10
40.6679932271857     0.0904262194163183     0     0     10
40.6812087097115     0.090823740136714     0     0     10
40.6944244892639     0.0906486914809758     0     0     10
40.7076405649202     0.0911889037688442     0     0     10
40.7208569357578     0.0910246078520732     0     0     10
40.7340736008544     0.0908573845065728     0     0     10
40.7472905592876     0.0910369845583186     0     0     10
40.7605078101351     0.0905981668668944     0     0     10
40.7737253524748     0.0907829723863513     0     0     10
40.7869431853848     0.0902088765796325     0     0     10
40.800161307943     0.09055282053532     0     0     10
40.8133797192277     0.0896110493529441     0     0     10
40.8265984183172     0.0903140187514673     0     0     10
40.8398174042898     0.0899033782495424     0     0     10
40.8530366762241     0.0899374099696629     0     0     10
40.8662562331986     0.0899184768608792     0     0     10
40.8794760742921     0.0901501376891167     0     0     10
40.8926961985833     0.0898579138689205     0     0     10
40.9059166051511     0.0896555907997256     0     0     10
40.9191372930747     0.0902346437622808     0     0     10
40.932358261433     0.0899496148710428     0     0     10
40.9455795093053     0.0898766189406004     0     0     10
40.9588010357708     0.0896783999005571     0     0     10
40.9720228399091     0.0899898900865434     0     0     10
40.9852449207996     0.0897552153285401     0     0     10
40.9984672775219     0.0891691093525632     0     0     10
41.0116899091557     0.08913649590549     0     0     10
41.0249128147808     0.0889672106702777     0     0     10
41.0381359934772     0.0894436022861322     0     0     10
41.0513594443248     0.0888740509817182     0     0     10
41.0645831664038     0.0894109367934214     0     0     10
41.0778071587943     0.0888488435856687     0     0     10
41.0910314205766     0.0892831684050154     0     0     10
41.1042559508312     0.0892509291876085     0     0     10
41.1174807486384     0.0892245511367696     0     0     10
41.130705813079     0.089139818562019     0     0     10
41.1439311432336     0.0888134732424832     0     0     10
41.1571567381829     0.0892205220044711     0     0     10
41.1703825970079     0.0888730884874217     0     0     10
41.1836087187894     0.0891422242129978     0     0     10
41.1968351026086     0.088897960833515     0     0     10
41.2100617475467     0.0884896180224531     0     0     10
41.2232886526848     0.088614979354709     0     0     10
41.2365158171043     0.0883716597056773     0     0     10
41.2497432398867     0.0880811349054758     0     0     10
41.2629709201134     0.0888657713189552     0     0     10
41.2761988568661     0.0886123893567139     0     0     10
41.2894270492266     0.0883699898031674     0     0     10
41.3026554962766     0.0885491878318524     0     0     10
41.315884197098     0.0884420183642719     0     0     10
41.3291131507728     0.0881713153990549     0     0     10
41.3423423563831     0.0882050975926891     0     0     10
41.3555718130111     0.0882432308001862     0     0     10
41.368801519739     0.0881489987611208     0     0     10
41.3820314756491     0.0877842532003776     0     0     10
41.395261679824     0.0883016259732564     0     0     10
41.4084921313462     0.0877052177064184     0     0     10
41.4217228292982     0.0878159770864832     0     0     10
41.4349537727627     0.0879623243559771     0     0     10
41.4481849608227     0.0878694875013098     0     0     10
41.4614163925608     0.0875590268136735     0     0     10
41.4746480670603     0.0874995174150268     0     0     10
41.487879983404     0.087417145938783     0     0     10
41.5011121406751     0.0872024925239142     0     0     10
41.5143445379569     0.0874657332161753     0     0     10
41.5275771743327     0.0876320739143889     0     0     10
41.5408100488858     0.0875480439426905     0     0     10
41.5540431606999     0.0877862615520723     0     0     10
41.5672765088584     0.0875662983190798     0     0     10
41.580510092445     0.0871749255749934     0     0     10
41.5937439105435     0.0872242226802033     0     0     10
41.6069779622377     0.0873707728705625     0     0     10
41.6202122466115     0.0871184662215088     0     0     10
41.6334467627489     0.0872439855991244     0     0     10
41.646681509734     0.0867383226182264     0     0     10
41.6599164866509     0.0869647979418261     0     0     10
41.673151692584     0.0869119599096613     0     0     10
41.6863871266174     0.0865289007099844     0     0     10
41.6996227878358     0.086731756783414     0     0     10
41.7128586753234     0.0869815194227389     0     0     10
41.726094788165     0.0870258202130126     0     0     10
41.7393311254452     0.0863672914114012     0     0     10
41.7525676862486     0.0864886311702075     0     0     10
41.7658044696602     0.0872077252887994     0     0     10
41.7790414747648     0.086605871538163     0     0     10
41.7922787006474     0.0869663245356941     0     0     10
41.8055161463931     0.087086731058013     0     0     10
41.8187538110869     0.0869442587873417     0     0     10
41.8319916938142     0.0868454713394415     0     0     10
41.8452297936601     0.0867829008057267     0     0     10
41.8584681097102     0.0870119145454815     0     0     10
41.8717066410497     0.0863112539284783     0     0     10
41.8849453867643     0.0865772341804667     0     0     10
41.8981843459396     0.0861722799694865     0     0     10
41.9114235176612     0.0857665050042448     0     0     10
41.9246629010149     0.0861238017805949     0     0     10
41.9379024950865     0.0863875328328667     0     0     10
41.9511422989619     0.0863496948773438     0     0     10
41.9643823117272     0.0860972348051346     0     0     10
41.9776225324684     0.0861360623646183     0     0     10
41.9908629602715     0.0864869668479721     0     0     10
42.0041035942229     0.0861456834458357     0     0     10
42.0173444334088     0.0861296109305189     0     0     10
42.0305854769156     0.0858495381572671     0     0     10
42.0438267238296     0.0859733111761733     0     0     10
42.0570681732375     0.0854531525332309     0     0     10
42.0703098242257     0.0853508606076017     0     0     10
42.083551675881     0.085545642566875     0     0     10
42.09679372729     0.0854708001714081     0     0     10
42.1100359775395     0.0853600108527968     0     0     10
42.1232784257165     0.0850647957766849     0     0     10
42.1365210709078     0.0852074857669522     0     0     10
42.1497639122005     0.0852929956880166     0     0     10
42.1630069486816     0.0852375863772707     0     0     10
42.1762501794383     0.0853901994224339     0     0     10
42.1894936035578     0.0855195479611486     0     0     10
42.2027372201273     0.0849112146732868     0     0     10
42.2159810282344     0.0847961969659115     0     0     10
42.2292250269662     0.0850143087886899     0     0     10
42.2424692154105     0.0845923455378008     0     0     10
42.2557135926547     0.0849396721496024     0     0     10
42.2689581577864     0.0847698513304773     0     0     10
42.2822029098935     0.0846868113183122     0     0     10
42.2954478480635     0.0845581639533107     0     0     10
42.3086929713844     0.083759362537632     0     0     10
42.3219382789441     0.0845721494747213     0     0     10
42.3351837698304     0.0847256660068965     0     0     10
42.3484294431316     0.0845598065402897     0     0     10
42.3616752979356     0.0848271460254511     0     0     10
42.3749213333306     0.0842816562036773     0     0     10
42.3881675484049     0.0845522684857721     0     0     10
42.4014139422467     0.0843113021055598     0     0     10
42.4146605139445     0.0840444956649416     0     0     10
42.4279072625865     0.0841667176295434     0     0     10
42.4411541872613     0.0836922906738428     0     0     10
42.4544012870576     0.0840540366877993     0     0     10
42.4676485610637     0.0842460207512808     0     0     10
42.4808960083686     0.0834609625357131     0     0     10
42.4941436280607     0.0834679281549674     0     0     10
42.5073914192291     0.0837190748954598     0     0     10
42.5206393809625     0.0835128609519575     0     0     10
42.5338875123499     0.0838689076385907     0     0     10
42.5471358124802     0.0836687184768153     0     0     10
42.5603842804426     0.0838728684960047     0     0     10
42.573632915326     0.0840900357184874     0     0     10
42.5868817162196     0.0839177564039453     0     0     10
42.6001306822128     0.0834389456306885     0     0     10
42.6133798123947     0.0834004641488612     0     0     10
42.6266291058547     0.0833104026477983     0     0     10
42.6398785616822     0.0829836141587372     0     0     10
42.6531281789667     0.0827938226223545     0     0     10
42.6663779567977     0.0826761545620177     0     0     10
42.6796278942648     0.0829597523847359     0     0     10
42.6928779904575     0.0831000467472796     0     0     10
42.7061282444657     0.0832360196116707     0     0     10
42.719378655379     0.0831608641711602     0     0     10
42.7326292222872     0.0831546716176104     0     0     10
42.7458799442802     0.0831249934008965     0     0     10
42.759130820448     0.0826916964848527     0     0     10
42.7723818498804     0.0827281381675029     0     0     10
42.7856330316676     0.0833388210728664     0     0     10
42.7988843648995     0.0828617352547536     0     0     10
42.8121358486664     0.0829858063882559     0     0     10
42.8253874820585     0.0823699239495991     0     0     10
42.8386392641659     0.0821335991082148     0     0     10
42.8518911940789     0.0825396791274888     0     0     10
42.865143270888     0.0818690865349112     0     0     10
42.8783954936836     0.082189172338034     0     0     10
42.891647861556     0.0821600578308245     0     0     10
42.9049003735958     0.0821422249183242     0     0     10
42.9181530288935     0.0823011446633396     0     0     10
42.9314058265398     0.0819375370007293     0     0     10
42.9446587656254     0.0823796706299579     0     0     10
42.9579118452409     0.0823735021994427     0     0     10
42.9711650644771     0.0822968383576563     0     0     10
42.9844184224248     0.0821720945832889     0     0     10
42.9976719181749     0.0820573625644673     0     0     10
43.0109255508184     0.0820716219464361     0     0     10
43.0241793194461     0.0815900072348176     0     0     10
43.0374332231491     0.0815172373377384     0     0     10
43.0506872610184     0.081434679297647     0     0     10
43.0639414321452     0.0814688944285658     0     0     10
43.0771957356206     0.0806986669627636     0     0     10
43.0904501705359     0.0812997229730583     0     0     10
43.1037047359822     0.0813489153290283     0     0     10
43.1169594310509     0.0808566987933565     0     0     10
43.1302142548334     0.081193829905117     0     0     10
43.1434692064209     0.0807833380826416     0     0     10
43.1567242849051     0.0809897381828103     0     0     10
43.1699794893773     0.0814961994549129     0     0     10
43.183234818929     0.0814047138438926     0     0     10
43.1964902726519     0.0810723882494291     0     0     10
43.2097458496376     0.0812400459407601     0     0     10
43.2230015489777     0.0815921528142878     0     0     10
43.236257369764     0.0812544476525146     0     0     10
43.2495133110882     0.0811963699415749     0     0     10
43.2627693720421     0.0810487647267959     0     0     10
43.2760255517175     0.0805847619592284     0     0     10
43.2892818492064     0.0809591790354061     0     0     10
43.3025382636006     0.080315827944891     0     0     10
43.3157947939921     0.0803152057531895     0     0     10
43.3290514394729     0.0798489382403599     0     0     10
43.3423081991352     0.0805293810619282     0     0     10
43.3555650720708     0.0804770619371742     0     0     10
43.3688220573721     0.0803145495100178     0     0     10
43.3820791541312     0.0803766744344806     0     0     10
43.3953363614402     0.0807085858133224     0     0     10
43.4085936783915     0.0800646944268873     0     0     10
43.4218511040773     0.0807573398854155     0     0     10
43.43510863759     0.0804903822691759     0     0     10
43.4483662780219     0.0806448460730927     0     0     10
43.4616240244654     0.0799061935832811     0     0     10
43.4748818760131     0.0799045122699065     0     0     10
43.4881398317573     0.0795806899728104     0     0     10
43.5013978907905     0.0795859256464688     0     0     10
43.5146560522055     0.0796141401123195     0     0     10
43.5279143150947     0.0796510021781785     0     0     10
43.5411726785508     0.0797792975510027     0     0     10
43.5544311416664     0.0795424140602153     0     0     10
43.5676897035343     0.0793723292737147     0     0     10
43.5809483632472     0.0796362961946554     0     0     10
43.5942071198979     0.0801600499847206     0     0     10
43.6074659725792     0.0797756260068758     0     0     10
43.6207249203839     0.0796448280719273     0     0     10
43.6339839624049     0.0795687390441198     0     0     10
43.6472430977351     0.0793845063764639     0     0     10
43.6605023254675     0.0791110549344369     0     0     10
43.6737616446951     0.0791008194810668     0     0     10
43.6870210545109     0.0786676352195492     0     0     10
43.7002805540078     0.0785544650655316     0     0     10
43.7135401422791     0.0790227898983519     0     0     10
43.7267998184177     0.0782459383935952     0     0     10
43.7400595815169     0.078628944575915     0     0     10
43.7533194306699     0.0790037053424114     0     0     10
43.7665793649697     0.0787804458523908     0     0     10
43.7798393835097     0.0787769608158458     0     0     10
43.7930994853832     0.0791296004832734     0     0     10
43.8063596696833     0.0786616472828016     0     0     10
43.8196199355036     0.0784408676221929     0     0     10
43.8328802819372     0.0784257013803815     0     0     10
43.8461407080776     0.0783096633042919     0     0     10
43.8594012130182     0.0780576428860889     0     0     10
43.8726617958525     0.0777384470812223     0     0     10
43.8859224556739     0.0781145695800664     0     0     10
43.8991831915758     0.0778104995754808     0     0     10
43.912444002652     0.0777836514600611     0     0     10
43.9257048879957     0.0780489852671951     0     0     10
43.9389658467008     0.077915611369449     0     0     10
43.9522268778607     0.0777844560235943     0     0     10
43.9654879805692     0.0782063865066608     0     0     10
43.9787491539198     0.078175376358931     0     0     10
43.9920103970062     0.0780608061081099     0     0     10
44.0052717089222     0.0776649204901617     0     0     10
44.0185330887614     0.0778382623098494     0     0     10
44.0317945356177     0.0777673546677048     0     0     10
44.0450560485848     0.0774612788639354     0     0     10
44.0583176267565     0.0773176600998349     0     0     10
44.0715792692266     0.0772284675265508     0     0     10
44.0848409750891     0.0772017692524892     0     0     10
44.0981027434377     0.0769920156289545     0     0     10
44.1113645733664     0.0773150992229969     0     0     10
44.1246264639691     0.0769048743897924     0     0     10
44.1378884143397     0.0775002753837895     0     0     10
44.1511504235722     0.0773133763877597     0     0     10
44.1644124907606     0.0776175390133741     0     0     10
44.1776746149988     0.0770203575813342     0     0     10
44.190936795381     0.0777332219511758     0     0     10
44.2041990310011     0.0770127006293458     0     0     10
44.2174613209532     0.0771761772198286     0     0     10
44.2307236643314     0.0768620910109499     0     0     10
44.2439860602298     0.076779092083217     0     0     10
44.2572485077426     0.0763741835036427     0     0     10
44.2705110059638     0.0766679625230245     0     0     10
44.2837735539876     0.0766218599180553     0     0     10
44.2970361509082     0.0761548228769246     0     0     10
44.3102987958199     0.0757901038732734     0     0     10
44.3235614878167     0.0760702945199936     0     0     10
44.336824225993     0.0761581766669829     0     0     10
44.3500870094429     0.0759408377319319     0     0     10
44.3633498372608     0.0765543416543442     0     0     10
44.376612708541     0.0766778561061775     0     0     10
44.3898756223776     0.076366870907604     0     0     10
44.4031385778651     0.0764468790167016     0     0     10
44.4164015740977     0.0760448429009156     0     0     10
44.4296646101698     0.0755602988393117     0     0     10
44.4429276851758     0.0752205253526336     0     0     10
44.45619079821     0.0756086334526946     0     0     10
44.4694539483668     0.0756839491048132     0     0     10
44.4827171347406     0.0749581298692818     0     0     10
44.4959803564257     0.0753387900354747     0     0     10
44.5092436125167     0.0752903704939988     0     0     10
44.522506902108     0.0752806146345259     0     0     10
44.5357702242939     0.0749505361151504     0     0     10
44.549033578169     0.0750739755516627     0     0     10
44.5622969628277     0.0749262599104361     0     0     10
44.5755603773645     0.075366256651035     0     0     10
44.5888238208739     0.0757011335780036     0     0     10
44.6020872924504     0.0756125686588353     0     0     10
44.6153507911885     0.0755223433220354     0     0     10
44.6286143161827     0.0755177784389561     0     0     10
44.6418778665275     0.0751037265577411     0     0     10
44.6551414413176     0.0755664131134257     0     0     10
44.6684050396474     0.0752330031489203     0     0     10
44.6816686606115     0.0749891319163556     0     0     10
44.6949323033044     0.0745805440789724     0     0     10
44.7081959668207     0.0747737145014008     0     0     10
44.7214596502551     0.0743906162821402     0     0     10
44.7347233527021     0.0746746119695788     0     0     10
44.7479870732562     0.0747313544506532     0     0     10
44.7612508110122     0.0745642148990217     0     0     10
44.7745145650645     0.0744630057088831     0     0     10
44.7877783345079     0.0752181130607238     0     0     10
44.8010421184369     0.0747631620838342     0     0     10
44.8143059159461     0.074808056357102     0     0     10
44.8275697261302     0.0750589636629716     0     0     10
44.8408335480838     0.0744960543743388     0     0     10
44.8540973809016     0.0746609392156306     0     0     10
44.8673612236781     0.0743128826492197     0     0     10
44.8806250755081     0.0742531339826914     0     0     10
44.8938889354862     0.074416983341438     0     0     10
44.9071528027069     0.0737945608557796     0     0     10
44.9204166762651     0.0735209121515889     0     0     10
44.9336805552553     0.0740704924775525     0     0     10
44.9469444387722     0.0740412641096686     0     0     10
44.9602083259105     0.0741938557429924     0     0     10
44.9734722157648     0.0741302889724067     0     0     10
44.9867361074297     0.0747343870792252     0     0     10
45     0.07403509516002     0     0     10
