44.9867361074297     0.859986117015555     0     -10     -6
44.9734722157648     0.859944393930347     0     -10     -6
44.9602083259105     0.859687349478527     0     -10     -6
44.9469444387722     0.859817022450324     0     -10     -6
44.9336805552553     0.859765297081112     0     -10     -6
44.9204166762651     0.859844022747212     0     -10     -6
44.9071528027069     0.860224582570098     0     -10     -6
44.8938889354862     0.859784440033961     0     -10     -6
44.8806250755081     0.860055007696981     0     -10     -6
44.8673612236781     0.859914905696658     0     -10     -6
44.8540973809016     0.859742661068754     0     -10     -6
44.8408335480838     0.859733576844668     0     -10     -6
44.8275697261302     0.859861574365052     0     -10     -6
44.8143059159461     0.859624033480876     0     -10     -6
44.8010421184369     0.85966080734162     0     -10     -6
44.7877783345079     0.859598640538757     0     -10     -6
44.7745145650645     0.859641767893828     0     -10     -6
44.7612508110122     0.859917297263887     0     -10     -6
44.7479870732562     0.859551114178715     0     -10     -6
44.7347233527021     0.859622219165044     0     -10     -6
44.7214596502551     0.859554849847778     0     -10     -6
44.7081959668207     0.859502927944021     0     -10     -6
44.6949323033044     0.859502189961856     0     -10     -6
44.6816686606115     0.859589159276353     0     -10     -6
44.6684050396474     0.859472560675886     0     -10     -6
44.6551414413176     0.859261506898362     0     -10     -6
44.6418778665275     0.859436309289568     0     -10     -6
44.6286143161827     0.859661854830385     0     -10     -6
44.6153507911885     0.859436032043278     0     -10     -6
44.6020872924504     0.859355321060844     0     -10     -6
44.5888238208739     0.859670477061316     0     -10     -6
44.5755603773645     0.85919296543641     0     -10     -6
44.5622969628277     0.859172613141236     0     -10     -6
44.549033578169     0.859324750876151     0     -10     -6
44.5357702242939     0.85923762493818     0     -10     -6
44.522506902108     0.858948687562491     0     -10     -6
44.5092436125167     0.859208426005938     0     -10     -6
44.4959803564257     0.859210870284356     0     -10     -6
44.4827171347406     0.859178539471213     0     -10     -6
44.4694539483668     0.859012486706357     0     -10     -6
44.45619079821     0.859103334427534     0     -10     -6
44.4429276851758     0.858993794329486     0     -10     -6
44.4296646101698     0.858790054031258     0     -10     -6
44.4164015740977     0.858919925225119     0     -10     -6
44.4031385778651     0.858803896470558     0     -10     -6
44.3898756223776     0.858898723859743     0     -10     -6
44.376612708541     0.858666600291289     0     -10     -6
44.3633498372608     0.858993674039827     0     -10     -6
44.3500870094429     0.859111893820997     0     -10     -6
44.336824225993     0.859121505028348     0     -10     -6
44.3235614878167     0.858920506256307     0     -10     -6
44.3102987958199     0.85872133066151     0     -10     -6
44.2970361509082     0.858687806122647     0     -10     -6
44.2837735539876     0.858605994869105     0     -10     -6
44.2705110059638     0.858649939081146     0     -10     -6
44.2572485077426     0.858929207495379     0     -10     -6
44.2439860602298     0.858561850339998     0     -10     -6
44.2307236643314     0.858445265503664     0     -10     -6
44.2174613209532     0.856264827257631     0     -10     -6
44.2041990310011     0.858955119612706     0     -10     -6
44.190936795381     0.858429762843665     0     -10     -6
44.1776746149988     0.858553403606748     0     -10     -6
44.1644124907606     0.858810794539222     0     -10     -6
44.1511504235722     0.858459103369493     0     -10     -6
44.1378884143397     0.858548423677354     0     -10     -6
44.1246264639691     0.858539129651634     0     -10     -6
44.1113645733664     0.858884499363981     0     -10     -6
44.0981027434377     0.8595888394316     0     -10     -6
44.0848409750891     0.859076022482944     0     -10     -6
44.0715792692266     0.85893194610264     0     -10     -6
44.0583176267565     0.858880862410623     0     -10     -6
44.0450560485848     0.858597519799585     0     -10     -6
44.0317945356177     0.858220587894233     0     -10     -6
44.0185330887614     0.858448383015128     0     -10     -6
44.0052717089222     0.858299051448039     0     -10     -6
43.9920103970062     0.858751341217717     0     -10     -6
43.9787491539198     0.858381452098029     0     -10     -6
43.9654879805692     0.858293388713039     0     -10     -6
43.9522268778607     0.858718956452262     0     -10     -6
43.9389658467008     0.858737675057874     0     -10     -6
43.9257048879957     0.85901880780963     0     -10     -6
43.912444002652     0.859300707056389     0     -10     -6
43.8991831915758     0.859082476283081     0     -10     -6
43.8859224556739     0.859126516192898     0     -10     -6
43.8726617958525     0.858926230109229     0     -10     -6
43.8594012130182     0.859005552326825     0     -10     -6
43.8461407080776     0.858957308078042     0     -10     -6
43.8328802819372     0.859160295697044     0     -10     -6
43.8196199355036     0.858971507800167     0     -10     -6
43.8063596696833     0.859263553492334     0     -10     -6
43.7930994853832     0.858825804687998     0     -10     -6
43.7798393835097     0.858981379852613     0     -10     -6
43.7665793649697     0.859023482001002     0     -10     -6
43.7533194306699     0.858904005693611     0     -10     -6
43.7400595815169     0.858869611634925     0     -10     -6
43.7267998184177     0.859058623885843     0     -10     -6
43.7135401422791     0.858778506867976     0     -10     -6
43.7002805540078     0.858827347047224     0     -10     -6
43.6870210545109     0.858802159733615     0     -10     -6
43.6737616446951     0.858684912637524     0     -10     -6
43.6605023254675     0.858979903865612     0     -10     -6
43.6472430977351     0.858748283577242     0     -10     -6
43.6339839624049     0.858845856468261     0     -10     -6
43.6207249203839     0.858866795508192     0     -10     -6
43.6074659725792     0.858857392126917     0     -10     -6
43.5942071198979     0.858714147260302     0     -10     -6
43.5809483632472     0.858659776736873     0     -10     -6
43.5676897035343     0.858639008098749     0     -10     -6
43.5544311416664     0.858577587650678     0     -10     -6
43.5411726785508     0.858636685707563     0     -10     -6
43.5279143150947     0.858695428555356     0     -10     -6
43.5146560522055     0.858718183548251     0     -10     -6
43.5013978907905     0.858490197572429     0     -10     -6
43.4881398317573     0.858443902123498     0     -10     -6
43.4748818760131     0.85864617022295     0     -10     -6
43.4616240244654     0.85844012930312     0     -10     -6
43.4483662780219     0.858550298862371     0     -10     -6
43.43510863759     0.858565543436227     0     -10     -6
43.4218511040773     0.858448242208322     0     -10     -6
43.4085936783915     0.858505001338745     0     -10     -6
43.3953363614402     0.858338946815862     0     -10     -6
43.3820791541312     0.858427318149673     0     -10     -6
43.3688220573721     0.858446318574938     0     -10     -6
43.3555650720708     0.858305387999995     0     -10     -6
43.3423081991352     0.85837004272921     0     -10     -6
43.3290514394729     0.858243443697318     0     -10     -6
43.3157947939921     0.858110397680967     0     -10     -6
43.3025382636006     0.858364513001304     0     -10     -6
43.2892818492064     0.858119552059211     0     -10     -6
43.2760255517175     0.858205688931792     0     -10     -6
43.2627693720421     0.858037936899319     0     -10     -6
43.2495133110882     0.858075032951781     0     -10     -6
43.236257369764     0.858105489035317     0     -10     -6
43.2230015489777     0.85788991380512     0     -10     -6
43.2097458496376     0.857988233932498     0     -10     -6
43.1964902726519     0.858015810395386     0     -10     -6
43.183234818929     0.857785683244962     0     -10     -6
43.1699794893773     0.857963653079091     0     -10     -6
43.1567242849051     0.857810278789085     0     -10     -6
43.1434692064209     0.858288689822077     0     -10     -6
43.1302142548334     0.858201341203852     0     -10     -6
43.1169594310509     0.857778773428405     0     -10     -6
43.1037047359822     0.857960109561847     0     -10     -6
43.0904501705359     0.857652526774827     0     -10     -6
43.0771957356206     0.857719981662     0     -10     -6
43.0639414321452     0.857344687430034     0     -10     -6
43.0506872610184     0.856888377770544     0     -10     -6
43.0374332231491     0.856939909769745     0     -10     -6
43.0241793194461     0.856703442464553     0     -10     -6
43.0109255508184     0.857306811586661     0     -10     -6
42.9976719181749     0.857040369516606     0     -10     -6
42.9844184224248     0.857201276420943     0     -10     -6
42.9711650644771     0.856913854970333     0     -10     -6
42.9579118452409     0.856885512067955     0     -10     -6
42.9446587656254     0.85621978097203     0     -10     -6
42.9314058265398     0.856443507420853     0     -10     -6
42.9181530288935     0.856445216507141     0     -10     -6
42.9049003735958     0.856819941609421     0     -10     -6
42.891647861556     0.856449404801125     0     -10     -6
42.8783954936836     0.85630719371772     0     -10     -6
42.865143270888     0.856280465298756     0     -10     -6
42.8518911940789     0.856162915841288     0     -10     -6
42.8386392641659     0.856702152432923     0     -10     -6
42.8253874820585     0.856896697779383     0     -10     -6
42.8121358486664     0.856760657544425     0     -10     -6
42.7988843648995     0.856736338559215     0     -10     -6
42.7856330316676     0.8560786859638     0     -10     -6
42.7723818498804     0.856794517720345     0     -10     -6
42.759130820448     0.856821789938251     0     -10     -6
42.7458799442802     0.856988111697301     0     -10     -6
42.7326292222872     0.85677462161398     0     -10     -6
42.719378655379     0.857044192156438     0     -10     -6
42.7061282444657     0.856960206508585     0     -10     -6
42.6928779904575     0.857172469791421     0     -10     -6
42.6796278942648     0.856629229154404     0     -10     -6
42.6663779567977     0.856641715126308     0     -10     -6
42.6531281789667     0.856573646290112     0     -10     -6
42.6398785616822     0.856558981529149     0     -10     -6
42.6266291058547     0.856488589206755     0     -10     -6
42.6133798123947     0.856449244749149     0     -10     -6
42.6001306822128     0.85639960568039     0     -10     -6
42.5868817162196     0.856386581813907     0     -10     -6
42.573632915326     0.85662589478616     0     -10     -6
42.5603842804426     0.856760825105021     0     -10     -6
42.5471358124802     0.856402162460225     0     -10     -6
42.5338875123499     0.856272408385662     0     -10     -6
42.5206393809625     0.856057772257931     0     -10     -6
42.5073914192291     0.856069898768182     0     -10     -6
42.4941436280607     0.856236493530214     0     -10     -6
42.4808960083686     0.856186484167502     0     -10     -6
42.4676485610637     0.856238800813442     0     -10     -6
42.4544012870576     0.856413324247772     0     -10     -6
42.4411541872613     0.856402802130784     0     -10     -6
42.4279072625865     0.856097699487462     0     -10     -6
42.4146605139445     0.855893874422961     0     -10     -6
42.4014139422467     0.856042355077196     0     -10     -6
42.3881675484049     0.856273565220604     0     -10     -6
42.3749213333306     0.856004349133188     0     -10     -6
42.3616752979356     0.855812532948643     0     -10     -6
42.3484294431316     0.855886059922368     0     -10     -6
42.3351837698304     0.855799168339456     0     -10     -6
42.3219382789441     0.855635965374509     0     -10     -6
42.3086929713844     0.855729445526643     0     -10     -6
42.2954478480635     0.855600531171478     0     -10     -6
42.2822029098935     0.85587077761733     0     -10     -6
42.2689581577864     0.855799567780953     0     -10     -6
42.2557135926547     0.855308115579099     0     -10     -6
42.2424692154105     0.855596522756374     0     -10     -6
42.2292250269662     0.855472807095705     0     -10     -6
42.2159810282344     0.85561162708238     0     -10     -6
42.2027372201273     0.855364487368255     0     -10     -6
42.1894936035578     0.855301234818184     0     -10     -6
42.1762501794383     0.855240881888588     0     -10     -6
42.1630069486816     0.855090718133612     0     -10     -6
42.1497639122005     0.855607533252774     0     -10     -6
42.1365210709078     0.855146117174287     0     -10     -6
42.1232784257165     0.854898283073184     0     -10     -6
42.1100359775395     0.855310390280227     0     -10     -6
42.09679372729     0.855045779861004     0     -10     -6
42.083551675881     0.855051093904536     0     -10     -6
42.0703098242257     0.854923561771598     0     -10     -6
42.0570681732375     0.854798921938162     0     -10     -6
42.0438267238296     0.862874367641617     0     -10     -6
42.0305854769156     0.863090414334627     0     -10     -6
42.0173444334088     0.863150181424353     0     -10     -6
42.0041035942229     0.863542424564828     0     -10     -6
41.9908629602715     0.863672577081893     0     -10     -6
41.9776225324684     0.863180489816511     0     -10     -6
41.9643823117272     0.86358735187631     0     -10     -6
41.9511422989619     0.863394458800753     0     -10     -6
41.9379024950865     0.86330279726777     0     -10     -6
41.9246629010149     0.863225342750552     0     -10     -6
41.9114235176612     0.863046241252709     0     -10     -6
41.8981843459396     0.86315039278526     0     -10     -6
41.8849453867643     0.862915606910975     0     -10     -6
41.8717066410497     0.862605649277706     0     -10     -6
41.8584681097102     0.86256129688259     0     -10     -6
41.8452297936601     0.861462925599544     0     -10     -6
41.8319916938142     0.860657516686177     0     -10     -6
41.8187538110869     0.859424364917482     0     -10     -6
41.8055161463931     0.858148118502753     0     -10     -6
41.7922787006474     0.855837271315811     0     -10     -6
41.7790414747648     0.85279425257759     0     -10     -6
41.7658044696602     0.845601913018172     0     -10     -6
41.7525676862486     0.830233871510709     0     -10     -6
41.7393311254452     0.784978057576666     0     -10     -6
41.726094788165     0.67379959031218     0     -10     -6
41.7128586753234     0.551525091983841     0     -10     -6
41.6996227878358     0.535021552973284     0     -10     -6
41.6863871266174     0.632178323097039     0     -10     -6
41.673151692584     0.727790262120579     0     -10     -6
41.6599164866509     0.766870198600518     0     -10     -6
41.646681509734     0.77926415264521     0     -10     -6
41.6334467627489     0.782467889990863     0     -10     -6
41.6202122466115     0.78133893294759     0     -10     -6
41.6069779622377     0.776467118908359     0     -10     -6
41.5937439105435     0.760145370399754     0     -10     -6
41.580510092445     0.739804201905295     0     -10     -6
41.5672765088584     0.720810677606798     0     -10     -6
41.5540431606999     0.69871851564534     0     -10     -6
41.5408100488858     0.653109216882765     0     -10     -6
41.5275771743327     0.567933890732386     0     -10     -6
41.5143445379569     0.460387683476692     0     -10     -6
41.5011121406751     0.38822394693828     0     -10     -6
41.487879983404     0.378698204301307     0     -10     -6
41.4746480670603     0.412077099418448     0     -10     -6
41.4614163925608     0.45731864774862     0     -10     -6
41.4481849608227     0.512092143315761     0     -10     -6
41.4349537727627     0.57665555915479     0     -10     -6
41.4217228292982     0.617349019365666     0     -10     -6
41.4084921313462     0.637170490293096     0     -10     -6
41.395261679824     0.655041150982705     0     -10     -6
41.3820314756491     0.681030893825703     0     -10     -6
41.368801519739     0.690931445211449     0     -10     -6
41.3555718130111     0.688524087953506     0     -10     -6
41.3423423563831     0.690255756643498     0     -10     -6
41.3291131507728     0.697789492326805     0     -10     -6
41.315884197098     0.697516019760423     0     -10     -6
41.3026554962766     0.685516457827268     0     -10     -6
41.2894270492266     0.676743590694986     0     -10     -6
41.2761988568661     0.675952249277057     0     -10     -6
41.2629709201134     0.670099586129714     0     -10     -6
41.2497432398867     0.648520276567359     0     -10     -6
41.2365158171043     0.621030166289306     0     -10     -6
41.2232886526848     0.593326492995853     0     -10     -6
41.2100617475467     0.555143965512129     0     -10     -6
41.1968351026086     0.494008144494639     0     -10     -6
41.1836087187894     0.437313624258301     0     -10     -6
41.1703825970079     0.380416986018982     0     -10     -6
41.1571567381829     0.338232404934508     0     -10     -6
41.1439311432336     0.316956301285159     0     -10     -6
41.130705813079     0.303999893071405     0     -10     -6
41.1174807486384     0.293174928313563     0     -10     -6
41.1042559508312     0.32352944385554     0     -10     -6
41.0910314205766     0.366474073188977     0     -10     -6
41.0778071587943     0.378625426572905     0     -10     -6
41.0645831664038     0.404181612660202     0     -10     -6
41.0513594443248     0.456810456869382     0     -10     -6
41.0381359934772     0.486684973387556     0     -10     -6
41.0249128147808     0.492676698467462     0     -10     -6
41.0116899091557     0.51608805705673     0     -10     -6
40.9984672775219     0.54577452587936     0     -10     -6
40.9852449207996     0.554688651679981     0     -10     -6
40.9720228399091     0.550844627292148     0     -10     -6
40.9588010357708     0.567746301811935     0     -10     -6
40.9455795093053     0.581321173152455     0     -10     -6
40.932358261433     0.573776553869944     0     -10     -6
40.9191372930747     0.565214851927827     0     -10     -6
40.9059166051511     0.573969640205669     0     -10     -6
40.8926961985833     0.5712105366942     0     -10     -6
40.8794760742921     0.547406261199496     0     -10     -6
40.8662562331986     0.535594166409997     0     -10     -6
40.8530366762241     0.527779228387093     0     -10     -6
40.8398174042898     0.4987894083357     0     -10     -6
40.8265984183172     0.463726638298     0     -10     -6
40.8133797192277     0.444706149499322     0     -10     -6
40.800161307943     0.405010714598153     0     -10     -6
40.7869431853848     0.362155566260013     0     -10     -6
40.7737253524748     0.327809908583312     0     -10     -6
40.7605078101351     0.296052355078455     0     -10     -6
40.7472905592876     0.260476107245756     0     -10     -6
40.7340736008544     0.242277483955348     0     -10     -6
40.7208569357578     0.212305492709757     0     -10     -6
40.7076405649202     0.197861424241578     0     -10     -6
40.6944244892639     0.207056557953764     0     -10     -6
40.6812087097115     0.203228840518542     0     -10     -6
40.6679932271857     0.195657297078851     0     -10     -6
40.6547780426093     0.222985999081999     0     -10     -6
40.6415631569051     0.246913649071056     0     -10     -6
40.628348570996     0.244952841071466     0     -10     -6
40.6151342858053     0.268698109121979     0     -10     -6
40.601920302256     0.308842347024408     0     -10     -6
40.5887066212714     0.31528597423898     0     -10     -6
40.5754932437751     0.322376133864717     0     -10     -6
40.5622801706905     0.359228045272579     0     -10     -6
40.5490674029412     0.373827482159542     0     -10     -6
40.5358549414509     0.368937219399596     0     -10     -6
40.5226427871436     0.386345112084652     0     -10     -6
40.5094309409432     0.410005723770429     0     -10     -6
40.4962194037737     0.404087413917618     0     -10     -6
40.4830081765594     0.401633709468017     0     -10     -6
40.4697972602245     0.416827516210338     0     -10     -6
40.4565866556934     0.419364285688631     0     -10     -6
40.4433763638906     0.401898910487893     0     -10     -6
40.4301663857409     0.401914494616132     0     -10     -6
40.4169567221688     0.406880984700296     0     -10     -6
40.4037473740993     0.392060380115959     0     -10     -6
40.3905383424574     0.37350475893459     0     -10     -6
40.3773296281681     0.370107959795467     0     -10     -6
40.3641212321566     0.363814129497824     0     -10     -6
