44.9867361074297     0.85451438821381     0     -2     6
44.9734722157648     0.854392570660888     0     -2     6
44.9602083259105     0.854495912636232     0     -2     6
44.9469444387722     0.854398296282586     0     -2     6
44.9336805552553     0.85494407726029     0     -2     6
44.9204166762651     0.854835696025853     0     -2     6
44.9071528027069     0.854400261237624     0     -2     6
44.8938889354862     0.854787728575577     0     -2     6
44.8806250755081     0.854571857328179     0     -2     6
44.8673612236781     0.854583305550077     0     -2     6
44.8540973809016     0.854154939455409     0     -2     6
44.8408335480838     0.854429189700845     0     -2     6
44.8275697261302     0.854885113225334     0     -2     6
44.8143059159461     0.854464261211901     0     -2     6
44.8010421184369     0.854751154382539     0     -2     6
44.7877783345079     0.854436394569374     0     -2     6
44.7745145650645     0.854593317609618     0     -2     6
44.7612508110122     0.8547747579252     0     -2     6
44.7479870732562     0.85468742702277     0     -2     6
44.7347233527021     0.854733680089385     0     -2     6
44.7214596502551     0.8544914725153     0     -2     6
44.7081959668207     0.854623326452458     0     -2     6
44.6949323033044     0.854414344421632     0     -2     6
44.6816686606115     0.854800429583723     0     -2     6
44.6684050396474     0.854799994466514     0     -2     6
44.6551414413176     0.854339674980642     0     -2     6
44.6418778665275     0.854439659954311     0     -2     6
44.6286143161827     0.854766301875747     0     -2     6
44.6153507911885     0.854847731190634     0     -2     6
44.6020872924504     0.854588647727567     0     -2     6
44.5888238208739     0.854609969620853     0     -2     6
44.5755603773645     0.854430622125558     0     -2     6
44.5622969628277     0.85495737926042     0     -2     6
44.549033578169     0.854829478139252     0     -2     6
44.5357702242939     0.854421701849722     0     -2     6
44.522506902108     0.854860294349575     0     -2     6
44.5092436125167     0.854833517827486     0     -2     6
44.4959803564257     0.854935623277646     0     -2     6
44.4827171347406     0.854438444123947     0     -2     6
44.4694539483668     0.855094939025804     0     -2     6
44.45619079821     0.854632159954662     0     -2     6
44.4429276851758     0.854971521563803     0     -2     6
44.4296646101698     0.854651117734313     0     -2     6
44.4164015740977     0.85489854161856     0     -2     6
44.4031385778651     0.854549684405262     0     -2     6
44.3898756223776     0.855072876287788     0     -2     6
44.376612708541     0.855185070885082     0     -2     6
44.3633498372608     0.855049858405667     0     -2     6
44.3500870094429     0.855144308933594     0     -2     6
44.336824225993     0.854829306820403     0     -2     6
44.3235614878167     0.855016945884942     0     -2     6
44.3102987958199     0.854707092416289     0     -2     6
44.2970361509082     0.854665964827753     0     -2     6
44.2837735539876     0.855035305611907     0     -2     6
44.2705110059638     0.854883310699623     0     -2     6
44.2572485077426     0.854850335235731     0     -2     6
44.2439860602298     0.855055954635754     0     -2     6
44.2307236643314     0.854389103962911     0     -2     6
44.2174613209532     0.854287671244187     0     -2     6
44.2041990310011     0.854499943806237     0     -2     6
44.190936795381     0.854351977475238     0     -2     6
44.1776746149988     0.854767970175394     0     -2     6
44.1644124907606     0.85440355069261     0     -2     6
44.1511504235722     0.854937739065819     0     -2     6
44.1378884143397     0.854623122230235     0     -2     6
44.1246264639691     0.854629163072566     0     -2     6
44.1113645733664     0.854735791063308     0     -2     6
44.0981027434377     0.854357261252778     0     -2     6
44.0848409750891     0.85435096107405     0     -2     6
44.0715792692266     0.854590934192614     0     -2     6
44.0583176267565     0.854529344942249     0     -2     6
44.0450560485848     0.854344961447498     0     -2     6
44.0317945356177     0.854515033800365     0     -2     6
44.0185330887614     0.854212668708611     0     -2     6
44.0052717089222     0.854539166998169     0     -2     6
43.9920103970062     0.854410989733225     0     -2     6
43.9787491539198     0.854321173754063     0     -2     6
43.9654879805692     0.854576373654146     0     -2     6
43.9522268778607     0.854312114527938     0     -2     6
43.9389658467008     0.854404344997957     0     -2     6
43.9257048879957     0.854377848300392     0     -2     6
43.912444002652     0.85467874129049     0     -2     6
43.8991831915758     0.854561341052866     0     -2     6
43.8859224556739     0.853822700696278     0     -2     6
43.8726617958525     0.854412736446245     0     -2     6
43.8594012130182     0.854322819102413     0     -2     6
43.8461407080776     0.854315199663572     0     -2     6
43.8328802819372     0.854586976972357     0     -2     6
43.8196199355036     0.854341387333224     0     -2     6
43.8063596696833     0.854683023473702     0     -2     6
43.7930994853832     0.854283826765327     0     -2     6
43.7798393835097     0.854342974628334     0     -2     6
43.7665793649697     0.85448634820771     0     -2     6
43.7533194306699     0.854248012936027     0     -2     6
43.7400595815169     0.854250759224982     0     -2     6
43.7267998184177     0.854399966220393     0     -2     6
43.7135401422791     0.854112433293953     0     -2     6
43.7002805540078     0.854112618080827     0     -2     6
43.6870210545109     0.854333907093221     0     -2     6
43.6737616446951     0.853848519079522     0     -2     6
43.6605023254675     0.853647289943349     0     -2     6
43.6472430977351     0.853665466677456     0     -2     6
43.6339839624049     0.853438423226789     0     -2     6
43.6207249203839     0.854023799554171     0     -2     6
43.6074659725792     0.853694772902882     0     -2     6
43.5942071198979     0.85375833678136     0     -2     6
43.5809483632472     0.853667656423408     0     -2     6
43.5676897035343     0.853724079602045     0     -2     6
43.5544311416664     0.853698617383771     0     -2     6
43.5411726785508     0.853460034908231     0     -2     6
43.5279143150947     0.854169747491565     0     -2     6
43.5146560522055     0.853702392696961     0     -2     6
43.5013978907905     0.853427860730415     0     -2     6
43.4881398317573     0.853816864861343     0     -2     6
43.4748818760131     0.853896292868811     0     -2     6
43.4616240244654     0.853774819665267     0     -2     6
43.4483662780219     0.853822956400986     0     -2     6
43.43510863759     0.853505477522832     0     -2     6
43.4218511040773     0.853786552291247     0     -2     6
43.4085936783915     0.85342547144905     0     -2     6
43.3953363614402     0.853369781650429     0     -2     6
43.3820791541312     0.853282864785096     0     -2     6
43.3688220573721     0.853476623917732     0     -2     6
43.3555650720708     0.853385104245432     0     -2     6
43.3423081991352     0.852943272452287     0     -2     6
43.3290514394729     0.853392991231195     0     -2     6
43.3157947939921     0.853490932658605     0     -2     6
43.3025382636006     0.852974645138148     0     -2     6
43.2892818492064     0.853102060382126     0     -2     6
43.2760255517175     0.852921724533769     0     -2     6
43.2627693720421     0.853335230087799     0     -2     6
43.2495133110882     0.852919845738069     0     -2     6
43.236257369764     0.852847543652553     0     -2     6
43.2230015489777     0.852966504761303     0     -2     6
43.2097458496376     0.852856663558891     0     -2     6
43.1964902726519     0.852445842589693     0     -2     6
43.183234818929     0.852615238115598     0     -2     6
43.1699794893773     0.852372750174842     0     -2     6
43.1567242849051     0.852182972283699     0     -2     6
43.1434692064209     0.852264639493542     0     -2     6
43.1302142548334     0.852514205676669     0     -2     6
43.1169594310509     0.852349990576795     0     -2     6
43.1037047359822     0.852476467165005     0     -2     6
43.0904501705359     0.852216876832239     0     -2     6
43.0771957356206     0.851838281337069     0     -2     6
43.0639414321452     0.852061195821205     0     -2     6
43.0506872610184     0.851525633402381     0     -2     6
43.0374332231491     0.852060308801533     0     -2     6
43.0241793194461     0.851811307473111     0     -2     6
43.0109255508184     0.851920179883203     0     -2     6
42.9976719181749     0.851431853134297     0     -2     6
42.9844184224248     0.851516315199499     0     -2     6
42.9711650644771     0.851098404838681     0     -2     6
42.9579118452409     0.851269599540888     0     -2     6
42.9446587656254     0.85111193130831     0     -2     6
42.9314058265398     0.850665032778207     0     -2     6
42.9181530288935     0.850481816676691     0     -2     6
42.9049003735958     0.850507392448366     0     -2     6
42.891647861556     0.850209331309737     0     -2     6
42.8783954936836     0.850305928802542     0     -2     6
42.865143270888     0.850275355864346     0     -2     6
42.8518911940789     0.850131806026322     0     -2     6
42.8386392641659     0.849947622186671     0     -2     6
42.8253874820585     0.849589243904006     0     -2     6
42.8121358486664     0.849389803512185     0     -2     6
42.7988843648995     0.848975066631401     0     -2     6
42.7856330316676     0.849068643695773     0     -2     6
42.7723818498804     0.848554963569537     0     -2     6
42.759130820448     0.848686451073958     0     -2     6
42.7458799442802     0.848546518031304     0     -2     6
42.7326292222872     0.848311431064847     0     -2     6
42.719378655379     0.847706154494142     0     -2     6
42.7061282444657     0.847469807880158     0     -2     6
42.6928779904575     0.846840427094678     0     -2     6
42.6796278942648     0.847053077974828     0     -2     6
42.6663779567977     0.847000985640255     0     -2     6
42.6531281789667     0.846490482747996     0     -2     6
42.6398785616822     0.84606400829493     0     -2     6
42.6266291058547     0.846037466482239     0     -2     6
42.6133798123947     0.845230730234562     0     -2     6
42.6001306822128     0.845083758563181     0     -2     6
42.5868817162196     0.844604418354128     0     -2     6
42.573632915326     0.844120613227353     0     -2     6
42.5603842804426     0.84392505723905     0     -2     6
42.5471358124802     0.843489257802617     0     -2     6
42.5338875123499     0.84319615306159     0     -2     6
42.5206393809625     0.842353778047179     0     -2     6
42.5073914192291     0.841617819518585     0     -2     6
42.4941436280607     0.841145882277949     0     -2     6
42.4808960083686     0.840670089854648     0     -2     6
42.4676485610637     0.839913881526547     0     -2     6
42.4544012870576     0.839602692218755     0     -2     6
42.4411541872613     0.838616658019861     0     -2     6
42.4279072625865     0.838151487532412     0     -2     6
42.4146605139445     0.837103536663374     0     -2     6
42.4014139422467     0.836270201381013     0     -2     6
42.3881675484049     0.835301058647736     0     -2     6
42.3749213333306     0.834484378752959     0     -2     6
42.3616752979356     0.833333428781577     0     -2     6
42.3484294431316     0.832490173227644     0     -2     6
42.3351837698304     0.83148119421882     0     -2     6
42.3219382789441     0.830129926958986     0     -2     6
42.3086929713844     0.828650145710303     0     -2     6
42.2954478480635     0.827664549923643     0     -2     6
42.2822029098935     0.826339229520233     0     -2     6
42.2689581577864     0.825312430583159     0     -2     6
42.2557135926547     0.823419341177982     0     -2     6
42.2424692154105     0.821698462095321     0     -2     6
42.2292250269662     0.820172948841851     0     -2     6
42.2159810282344     0.818109365291599     0     -2     6
42.2027372201273     0.815608874774734     0     -2     6
42.1894936035578     0.814181433397078     0     -2     6
42.1762501794383     0.812352513105333     0     -2     6
42.1630069486816     0.810165463686716     0     -2     6
42.1497639122005     0.807866977556222     0     -2     6
42.1365210709078     0.80565060647298     0     -2     6
42.1232784257165     0.802986375325672     0     -2     6
42.1100359775395     0.800337821682827     0     -2     6
42.09679372729     0.797470365633399     0     -2     6
42.083551675881     0.794805845702936     0     -2     6
42.0703098242257     0.791128829453973     0     -2     6
42.0570681732375     0.787958844725969     0     -2     6
42.0438267238296     0.784773635910423     0     -2     6
42.0305854769156     0.781241860209222     0     -2     6
42.0173444334088     0.776673073691298     0     -2     6
42.0041035942229     0.772833657205658     0     -2     6
41.9908629602715     0.768603602338408     0     -2     6
41.9776225324684     0.764348510532509     0     -2     6
41.9643823117272     0.759837328523966     0     -2     6
41.9511422989619     0.754945456557013     0     -2     6
41.9379024950865     0.749581670140043     0     -2     6
41.9246629010149     0.744283865341811     0     -2     6
41.9114235176612     0.739078374038015     0     -2     6
41.8981843459396     0.733204320419128     0     -2     6
41.8849453867643     0.727996337592439     0     -2     6
41.8717066410497     0.721772096013188     0     -2     6
41.8584681097102     0.71538302080632     0     -2     6
41.8452297936601     0.708723288912519     0     -2     6
41.8319916938142     0.702069627019797     0     -2     6
41.8187538110869     0.694747809939718     0     -2     6
41.8055161463931     0.687331635731149     0     -2     6
41.7922787006474     0.68007241928011     0     -2     6
41.7790414747648     0.671929984552481     0     -2     6
41.7658044696602     0.663666841117397     0     -2     6
41.7525676862486     0.655538509379725     0     -2     6
41.7393311254452     0.647410673939837     0     -2     6
41.726094788165     0.637779363846106     0     -2     6
41.7128586753234     0.629165906557065     0     -2     6
41.6996227878358     0.619990984371487     0     -2     6
41.6863871266174     0.609902777199198     0     -2     6
41.673151692584     0.599728915507897     0     -2     6
41.6599164866509     0.590166289641848     0     -2     6
41.646681509734     0.579842629300823     0     -2     6
41.6334467627489     0.569469167685269     0     -2     6
41.6202122466115     0.558461743545992     0     -2     6
41.6069779622377     0.5473369750784     0     -2     6
41.5937439105435     0.535381651328198     0     -2     6
41.580510092445     0.524092822015336     0     -2     6
41.5672765088584     0.511417088711309     0     -2     6
41.5540431606999     0.500087109704748     0     -2     6
41.5408100488858     0.486559852001705     0     -2     6
41.5275771743327     0.474164137856383     0     -2     6
41.5143445379569     0.462097137865391     0     -2     6
41.5011121406751     0.449542047074318     0     -2     6
41.487879983404     0.436421466330214     0     -2     6
41.4746480670603     0.423600298740288     0     -2     6
41.4614163925608     0.40965285782196     0     -2     6
41.4481849608227     0.395745947115694     0     -2     6
41.4349537727627     0.381757915680153     0     -2     6
41.4217228292982     0.369041995600474     0     -2     6
41.4084921313462     0.354484049837187     0     -2     6
41.395261679824     0.340280324636348     0     -2     6
41.3820314756491     0.326217407006067     0     -2     6
41.368801519739     0.313603970715799     0     -2     6
41.3555718130111     0.298762715746165     0     -2     6
41.3423423563831     0.285941628893433     0     -2     6
41.3291131507728     0.272921923764195     0     -2     6
41.315884197098     0.259860110899468     0     -2     6
41.3026554962766     0.247138881082703     0     -2     6
41.2894270492266     0.236184380916458     0     -2     6
41.2761988568661     0.224404216038983     0     -2     6
41.2629709201134     0.21375672961144     0     -2     6
41.2497432398867     0.202615798172998     0     -2     6
41.2365158171043     0.193009580087524     0     -2     6
41.2232886526848     0.182761981505069     0     -2     6
41.2100617475467     0.173787385838722     0     -2     6
41.1968351026086     0.165010328993775     0     -2     6
41.1836087187894     0.156726145226058     0     -2     6
41.1703825970079     0.148301013257935     0     -2     6
41.1571567381829     0.141432137887663     0     -2     6
41.1439311432336     0.135129106820652     0     -2     6
41.130705813079     0.128868289596931     0     -2     6
41.1174807486384     0.123440970449267     0     -2     6
41.1042559508312     0.11892811800404     0     -2     6
41.0910314205766     0.112625454689341     0     -2     6
41.0778071587943     0.108082962693665     0     -2     6
41.0645831664038     0.105037007090238     0     -2     6
41.0513594443248     0.101658664960143     0     -2     6
41.0381359934772     0.0983124023312786     0     -2     6
41.0249128147808     0.0965317854620996     0     -2     6
41.0116899091557     0.0937838028357499     0     -2     6
40.9984672775219     0.0920585400219786     0     -2     6
40.9852449207996     0.0915471037138849     0     -2     6
40.9720228399091     0.0902664548222695     0     -2     6
40.9588010357708     0.0900147547196282     0     -2     6
40.9455795093053     0.0895839847629706     0     -2     6
40.932358261433     0.0894375918904467     0     -2     6
40.9191372930747     0.0890294272677953     0     -2     6
40.9059166051511     0.0901668678379936     0     -2     6
40.8926961985833     0.0900134403062613     0     -2     6
40.8794760742921     0.0902716380157359     0     -2     6
40.8662562331986     0.0913300732302352     0     -2     6
40.8530366762241     0.0916733642021489     0     -2     6
40.8398174042898     0.092281057287897     0     -2     6
40.8265984183172     0.0931545239880834     0     -2     6
40.8133797192277     0.0939888526480676     0     -2     6
40.800161307943     0.0946261553332725     0     -2     6
40.7869431853848     0.0959340579613345     0     -2     6
40.7737253524748     0.096365842953261     0     -2     6
40.7605078101351     0.097203498172942     0     -2     6
40.7472905592876     0.0981338053244105     0     -2     6
40.7340736008544     0.0989687262049662     0     -2     6
40.7208569357578     0.0999228680232545     0     -2     6
40.7076405649202     0.0994682389401768     0     -2     6
40.6944244892639     0.0999648722796015     0     -2     6
40.6812087097115     0.100581379285167     0     -2     6
40.6679932271857     0.101261308755598     0     -2     6
40.6547780426093     0.101688056843227     0     -2     6
40.6415631569051     0.101660072591475     0     -2     6
40.628348570996     0.102244020424114     0     -2     6
40.6151342858053     0.103112555684729     0     -2     6
40.601920302256     0.103285200996526     0     -2     6
40.5887066212714     0.104106134715359     0     -2     6
40.5754932437751     0.104200672121177     0     -2     6
40.5622801706905     0.104158259725879     0     -2     6
40.5490674029412     0.104419058991351     0     -2     6
40.5358549414509     0.103935420291584     0     -2     6
40.5226427871436     0.104186335659962     0     -2     6
40.5094309409432     0.103681513169756     0     -2     6
40.4962194037737     0.103464327307233     0     -2     6
40.4830081765594     0.103139278832524     0     -2     6
40.4697972602245     0.103058844938543     0     -2     6
40.4565866556934     0.102778221463495     0     -2     6
40.4433763638906     0.10254335685403     0     -2     6
40.4301663857409     0.102327152659977     0     -2     6
40.4169567221688     0.102362063443533     0     -2     6
40.4037473740993     0.101649455106778     0     -2     6
40.3905383424574     0.100787156541221     0     -2     6
40.3773296281681     0.10086858189676     0     -2     6
40.3641212321566     0.100521292763138     0     -2     6
