40.3773296281681     0.149525472837855     0     -10     8
40.3905383424574     0.158632271547892     0     -10     8
40.4037473740993     0.15610997252215     0     -10     8
40.4169567221688     0.160686554848634     0     -10     8
40.4301663857409     0.176952236839427     0     -10     8
40.4433763638906     0.186008342960373     0     -10     8
40.4565866556934     0.187982868294169     0     -10     8
40.4697972602245     0.195805580720412     0     -10     8
40.4830081765594     0.215113203586487     0     -10     8
40.4962194037737     0.224577655159266     0     -10     8
40.5094309409432     0.22975683844578     0     -10     8
40.5226427871436     0.242898204950755     0     -10     8
40.5358549414509     0.259694462299989     0     -10     8
40.5490674029412     0.269105460255129     0     -10     8
40.5622801706905     0.278440207797116     0     -10     8
40.5754932437751     0.296125185850056     0     -10     8
40.5887066212714     0.315371993056312     0     -10     8
40.601920302256     0.320961357007251     0     -10     8
40.6151342858053     0.327896385591219     0     -10     8
40.628348570996     0.35076600604016     0     -10     8
40.6415631569051     0.366493788243684     0     -10     8
40.6547780426093     0.367631985518343     0     -10     8
40.6679932271857     0.378823489447415     0     -10     8
40.6812087097115     0.403729639055515     0     -10     8
40.6944244892639     0.410172636426968     0     -10     8
40.7076405649202     0.405753593189646     0     -10     8
40.7208569357578     0.424601524938387     0     -10     8
40.7340736008544     0.443881504936579     0     -10     8
40.7472905592876     0.437073569143644     0     -10     8
40.7605078101351     0.438313541541315     0     -10     8
40.7737253524748     0.461459103504893     0     -10     8
40.7869431853848     0.46563852872985     0     -10     8
40.800161307943     0.452668367965469     0     -10     8
40.8133797192277     0.465444660577563     0     -10     8
40.8265984183172     0.482304487867538     0     -10     8
40.8398174042898     0.467291684118151     0     -10     8
40.8530366762241     0.460768936439906     0     -10     8
40.8662562331986     0.480740582031234     0     -10     8
40.8794760742921     0.479172327409313     0     -10     8
40.8926961985833     0.455983678237617     0     -10     8
40.9059166051511     0.462559675702434     0     -10     8
40.9191372930747     0.476726596305195     0     -10     8
40.932358261433     0.454460922674596     0     -10     8
40.9455795093053     0.436180641544842     0     -10     8
40.9588010357708     0.452362712421728     0     -10     8
40.9720228399091     0.448683973173391     0     -10     8
40.9852449207996     0.413516907302705     0     -10     8
40.9984672775219     0.411068265989472     0     -10     8
41.0116899091557     0.425367115153803     0     -10     8
41.0249128147808     0.392595720492536     0     -10     8
41.0381359934772     0.362399441142481     0     -10     8
41.0513594443248     0.376186506575313     0     -10     8
41.0645831664038     0.3671302628147     0     -10     8
41.0778071587943     0.321274036550908     0     -10     8
41.0910314205766     0.317922963619114     0     -10     8
41.1042559508312     0.329858131300075     0     -10     8
41.1174807486384     0.289867490582381     0     -10     8
41.130705813079     0.268270783358651     0     -10     8
41.1439311432336     0.288141103366651     0     -10     8
41.1571567381829     0.280334892254403     0     -10     8
41.1703825970079     0.253216164395546     0     -10     8
41.1836087187894     0.264588479011343     0     -10     8
41.1968351026086     0.287450906970597     0     -10     8
41.2100617475467     0.283588695831068     0     -10     8
41.2232886526848     0.291389603674704     0     -10     8
41.2365158171043     0.324814378790405     0     -10     8
41.2497432398867     0.349150594851338     0     -10     8
41.2629709201134     0.368428854326512     0     -10     8
41.2761988568661     0.402418754802217     0     -10     8
41.2894270492266     0.436726963445921     0     -10     8
41.3026554962766     0.466699702248156     0     -10     8
41.315884197098     0.504431637739913     0     -10     8
41.3291131507728     0.538645477355034     0     -10     8
41.3423423563831     0.559868490494675     0     -10     8
41.3555718130111     0.584307212815347     0     -10     8
41.368801519739     0.615101556725875     0     -10     8
41.3820314756491     0.633953713601425     0     -10     8
41.395261679824     0.642242284956323     0     -10     8
41.4084921313462     0.65555074139402     0     -10     8
41.4217228292982     0.673420149007824     0     -10     8
41.4349537727627     0.683230042155623     0     -10     8
41.4481849608227     0.682941469090224     0     -10     8
41.4614163925608     0.686736639572657     0     -10     8
41.4746480670603     0.698526205241372     0     -10     8
41.487879983404     0.706185501172033     0     -10     8
41.5011121406751     0.700927438632736     0     -10     8
41.5143445379569     0.698829466236748     0     -10     8
41.5275771743327     0.707695322143657     0     -10     8
41.5408100488858     0.714062869052545     0     -10     8
41.5540431606999     0.707034237217727     0     -10     8
41.5672765088584     0.700305166873756     0     -10     8
41.580510092445     0.70514250283899     0     -10     8
41.5937439105435     0.710754006439447     0     -10     8
41.6069779622377     0.700793362773768     0     -10     8
41.6202122466115     0.688141675936521     0     -10     8
41.6334467627489     0.687864738886431     0     -10     8
41.646681509734     0.690181825808872     0     -10     8
41.6599164866509     0.674005881633649     0     -10     8
41.673151692584     0.651804309063417     0     -10     8
41.6863871266174     0.64146681422656     0     -10     8
41.6996227878358     0.635306721306788     0     -10     8
41.7128586753234     0.60519636286151     0     -10     8
41.726094788165     0.561105274933322     0     -10     8
41.7393311254452     0.53270324660452     0     -10     8
41.7525676862486     0.504850787641858     0     -10     8
41.7658044696602     0.450424926356676     0     -10     8
41.7790414747648     0.397352615032161     0     -10     8
41.7922787006474     0.386042137625497     0     -10     8
41.8055161463931     0.42873973277298     0     -10     8
41.8187538110869     0.507847944402598     0     -10     8
41.8319916938142     0.603729216324254     0     -10     8
41.8452297936601     0.679984860309886     0     -10     8
41.8584681097102     0.720748152517444     0     -10     8
41.8717066410497     0.746345188181862     0     -10     8
41.8849453867643     0.764264455481837     0     -10     8
41.8981843459396     0.77572908980828     0     -10     8
41.9114235176612     0.791092326829159     0     -10     8
41.9246629010149     0.808298878237568     0     -10     8
41.9379024950865     0.820724408240185     0     -10     8
41.9511422989619     0.827922156933155     0     -10     8
41.9643823117272     0.835352034151875     0     -10     8
41.9776225324684     0.842078001437411     0     -10     8
41.9908629602715     0.846180311313297     0     -10     8
42.0041035942229     0.848168384821957     0     -10     8
42.0173444334088     0.850890423281529     0     -10     8
42.0305854769156     0.852954913586201     0     -10     8
42.0438267238296     0.854319985580852     0     -10     8
42.0570681732375     0.855082358530338     0     -10     8
42.0703098242257     0.856551362620873     0     -10     8
42.083551675881     0.856916515262997     0     -10     8
42.09679372729     0.857270185728359     0     -10     8
42.1100359775395     0.857856369061163     0     -10     8
42.1232784257165     0.858361183888962     0     -10     8
42.1365210709078     0.85888897226069     0     -10     8
42.1497639122005     0.858897951501387     0     -10     8
42.1630069486816     0.858790764467807     0     -10     8
42.1762501794383     0.859309947221548     0     -10     8
42.1894936035578     0.859455339385209     0     -10     8
42.2027372201273     0.859381758832848     0     -10     8
42.2159810282344     0.859517255500682     0     -10     8
42.2292250269662     0.859581385805563     0     -10     8
42.2424692154105     0.859442865030978     0     -10     8
42.2557135926547     0.859852330168222     0     -10     8
42.2689581577864     0.8597446890696     0     -10     8
42.2822029098935     0.859512899169542     0     -10     8
42.2954478480635     0.859632453250149     0     -10     8
42.3086929713844     0.859666099925787     0     -10     8
42.3219382789441     0.85982696574451     0     -10     8
42.3351837698304     0.85975166799365     0     -10     8
42.3484294431316     0.859601622067279     0     -10     8
42.3616752979356     0.85947295096421     0     -10     8
42.3749213333306     0.859769582199979     0     -10     8
42.3881675484049     0.859644098549363     0     -10     8
42.4014139422467     0.859782979078049     0     -10     8
42.4146605139445     0.859505601042206     0     -10     8
42.4279072625865     0.859401977952514     0     -10     8
42.4411541872613     0.859642065139267     0     -10     8
42.4544012870576     0.859616257451232     0     -10     8
42.4676485610637     0.859978070780512     0     -10     8
42.4808960083686     0.860094956373915     0     -10     8
42.4941436280607     0.859915412338996     0     -10     8
42.5073914192291     0.859552928192736     0     -10     8
42.5206393809625     0.859674669776828     0     -10     8
42.5338875123499     0.859869044023734     0     -10     8
42.5471358124802     0.859673817716239     0     -10     8
42.5603842804426     0.859795285258323     0     -10     8
42.573632915326     0.859857910660926     0     -10     8
42.5868817162196     0.859533416146923     0     -10     8
42.6001306822128     0.859427304486616     0     -10     8
42.6133798123947     0.859756546046432     0     -10     8
42.6266291058547     0.859592410974603     0     -10     8
42.6398785616822     0.859452569898604     0     -10     8
42.6531281789667     0.859507633829638     0     -10     8
42.6663779567977     0.859409882872491     0     -10     8
42.6796278942648     0.859645019539226     0     -10     8
42.6928779904575     0.859705825015274     0     -10     8
42.7061282444657     0.859730814826657     0     -10     8
42.719378655379     0.85918978855522     0     -10     8
42.7326292222872     0.85958304092343     0     -10     8
42.7458799442802     0.859618176079351     0     -10     8
42.759130820448     0.859709624454081     0     -10     8
42.7723818498804     0.859335410665657     0     -10     8
42.7856330316676     0.85951074384753     0     -10     8
42.7988843648995     0.858923939362082     0     -10     8
42.8121358486664     0.859569497978272     0     -10     8
42.8253874820585     0.859686012230657     0     -10     8
42.8386392641659     0.85946793994193     0     -10     8
42.8518911940789     0.858918381672988     0     -10     8
42.865143270888     0.859443876782628     0     -10     8
42.8783954936836     0.859326935148775     0     -10     8
42.891647861556     0.85933116441502     0     -10     8
42.9049003735958     0.859234946368375     0     -10     8
42.9181530288935     0.859287014247736     0     -10     8
42.9314058265398     0.859139244447709     0     -10     8
42.9446587656254     0.859149708431752     0     -10     8
42.9579118452409     0.859340027218125     0     -10     8
42.9711650644771     0.859290050332845     0     -10     8
42.9844184224248     0.859379938812499     0     -10     8
42.9976719181749     0.859136295379901     0     -10     8
43.0109255508184     0.859338933540074     0     -10     8
43.0241793194461     0.859298771348021     0     -10     8
43.0374332231491     0.859095337458846     0     -10     8
43.0506872610184     0.859216130304756     0     -10     8
43.0639414321452     0.859181303152598     0     -10     8
43.0771957356206     0.859278377636535     0     -10     8
43.0904501705359     0.859151508771205     0     -10     8
43.1037047359822     0.859229955227522     0     -10     8
43.1169594310509     0.858985435560413     0     -10     8
43.1302142548334     0.859343882535178     0     -10     8
43.1434692064209     0.859290775161918     0     -10     8
43.1567242849051     0.858641216042147     0     -10     8
43.1699794893773     0.85921562415787     0     -10     8
43.183234818929     0.859357888270113     0     -10     8
43.1964902726519     0.859374914423554     0     -10     8
43.2097458496376     0.858484578039994     0     -10     8
43.2230015489777     0.859116866298023     0     -10     8
43.236257369764     0.859511151386887     0     -10     8
43.2495133110882     0.858786450813708     0     -10     8
43.2627693720421     0.858868508097945     0     -10     8
43.2760255517175     0.859058563289188     0     -10     8
43.2892818492064     0.858797788608689     0     -10     8
43.3025382636006     0.858943771356968     0     -10     8
43.3157947939921     0.858724594346461     0     -10     8
43.3290514394729     0.858792666157502     0     -10     8
43.3423081991352     0.859019065212276     0     -10     8
43.3555650720708     0.858880661106533     0     -10     8
43.3688220573721     0.858905442363013     0     -10     8
43.3820791541312     0.858564952693893     0     -10     8
43.3953363614402     0.858950759638699     0     -10     8
43.4085936783915     0.858504846000218     0     -10     8
43.4218511040773     0.858694641107407     0     -10     8
43.43510863759     0.858712008346587     0     -10     8
43.4483662780219     0.858089690308488     0     -10     8
43.4616240244654     0.858801155947468     0     -10     8
43.4748818760131     0.858374150282787     0     -10     8
43.4881398317573     0.858626894226784     0     -10     8
43.5013978907905     0.85860893440437     0     -10     8
43.5146560522055     0.858316684067556     0     -10     8
43.5279143150947     0.858947447502367     0     -10     8
43.5411726785508     0.858265848972628     0     -10     8
43.5544311416664     0.858543836308811     0     -10     8
43.5676897035343     0.858219910077393     0     -10     8
43.5809483632472     0.85830945582262     0     -10     8
43.5942071198979     0.858385770227239     0     -10     8
43.6074659725792     0.858208123606332     0     -10     8
43.6207249203839     0.858260143127376     0     -10     8
43.6339839624049     0.858413799442578     0     -10     8
43.6472430977351     0.858074675198753     0     -10     8
43.6605023254675     0.858374797106525     0     -10     8
43.6737616446951     0.858603207668153     0     -10     8
43.6870210545109     0.858554436479625     0     -10     8
43.7002805540078     0.858386475608051     0     -10     8
43.7135401422791     0.858449855084099     0     -10     8
43.7267998184177     0.858339645378772     0     -10     8
43.7400595815169     0.858118342010127     0     -10     8
43.7533194306699     0.858369298887741     0     -10     8
43.7665793649697     0.858343306862887     0     -10     8
43.7798393835097     0.858083316918432     0     -10     8
43.7930994853832     0.858037344651587     0     -10     8
43.8063596696833     0.858026084380415     0     -10     8
43.8196199355036     0.858124596398472     0     -10     8
43.8328802819372     0.858136484835186     0     -10     8
43.8461407080776     0.85808849774296     0     -10     8
43.8594012130182     0.857992249485156     0     -10     8
43.8726617958525     0.857937275649392     0     -10     8
43.8859224556739     0.858054800315197     0     -10     8
43.8991831915758     0.857853456695551     0     -10     8
43.912444002652     0.858100304013191     0     -10     8
43.9257048879957     0.857836206073585     0     -10     8
43.9389658467008     0.858398248835765     0     -10     8
43.9522268778607     0.858312519428815     0     -10     8
43.9654879805692     0.858009884658411     0     -10     8
43.9787491539198     0.858070420333322     0     -10     8
43.9920103970062     0.858366620420444     0     -10     8
44.0052717089222     0.858019981535594     0     -10     8
44.0185330887614     0.858294732797183     0     -10     8
44.0317945356177     0.857927050233747     0     -10     8
44.0450560485848     0.858218682392248     0     -10     8
44.0583176267565     0.858210311009167     0     -10     8
44.0715792692266     0.858342854022156     0     -10     8
44.0848409750891     0.858267405410992     0     -10     8
44.0981027434377     0.858132563822529     0     -10     8
44.1113645733664     0.858303886593829     0     -10     8
44.1246264639691     0.858442453877175     0     -10     8
44.1378884143397     0.858159854793619     0     -10     8
44.1511504235722     0.858582009244222     0     -10     8
44.1644124907606     0.858356835489898     0     -10     8
44.1776746149988     0.85858865172951     0     -10     8
44.190936795381     0.8582988301721     0     -10     8
44.2041990310011     0.858502279808294     0     -10     8
44.2174613209532     0.858436499360699     0     -10     8
44.2307236643314     0.858451896221166     0     -10     8
44.2439860602298     0.858507797337105     0     -10     8
44.2572485077426     0.858541535548845     0     -10     8
44.2705110059638     0.858628763607126     0     -10     8
44.2837735539876     0.858125006940872     0     -10     8
44.2970361509082     0.858378196019411     0     -10     8
44.3102987958199     0.858467833921973     0     -10     8
44.3235614878167     0.858506321130699     0     -10     8
44.336824225993     0.858529029036437     0     -10     8
44.3500870094429     0.858814598204085     0     -10     8
44.3633498372608     0.858167863531919     0     -10     8
44.376612708541     0.858562015032299     0     -10     8
44.3898756223776     0.858706522773484     0     -10     8
44.4031385778651     0.858519630459917     0     -10     8
44.4164015740977     0.857867215687672     0     -10     8
44.4296646101698     0.858622267737765     0     -10     8
44.4429276851758     0.858480193480694     0     -10     8
44.45619079821     0.85868307845414     0     -10     8
44.4694539483668     0.858629380480081     0     -10     8
44.4827171347406     0.858483596766734     0     -10     8
44.4959803564257     0.858307937138962     0     -10     8
44.5092436125167     0.858540760141599     0     -10     8
44.522506902108     0.857994967732831     0     -10     8
44.5357702242939     0.858642617785331     0     -10     8
44.549033578169     0.858398152913675     0     -10     8
44.5622969628277     0.858249637209601     0     -10     8
44.5755603773645     0.858194384690676     0     -10     8
44.5888238208739     0.85813061295835     0     -10     8
44.6020872924504     0.858621101068015     0     -10     8
44.6153507911885     0.8584613238279     0     -10     8
44.6286143161827     0.857803153603524     0     -10     8
44.6418778665275     0.858137856022752     0     -10     8
44.6551414413176     0.858552604608512     0     -10     8
44.6684050396474     0.858137569038908     0     -10     8
44.6816686606115     0.858294844432982     0     -10     8
44.6949323033044     0.858359083544187     0     -10     8
44.7081959668207     0.858128738790103     0     -10     8
44.7214596502551     0.858346186132746     0     -10     8
44.7347233527021     0.85791781739854     0     -10     8
44.7479870732562     0.857867831512806     0     -10     8
44.7612508110122     0.858287161443491     0     -10     8
44.7745145650645     0.858404505413684     0     -10     8
44.7877783345079     0.858468403773574     0     -10     8
44.8010421184369     0.857913895085617     0     -10     8
44.8143059159461     0.858144862688809     0     -10     8
44.8275697261302     0.85835321914049     0     -10     8
44.8408335480838     0.858383067980342     0     -10     8
44.8540973809016     0.858305801236709     0     -10     8
44.8673612236781     0.857834302031413     0     -10     8
44.8806250755081     0.858019882031205     0     -10     8
44.8938889354862     0.858027928305456     0     -10     8
44.9071528027069     0.857799470041757     0     -10     8
44.9204166762651     0.858019406067188     0     -10     8
44.9336805552553     0.857772962414803     0     -10     8
44.9469444387722     0.857811089122139     0     -10     8
44.9602083259105     0.858150762050802     0     -10     8
44.9734722157648     0.858103152398438     0     -10     8
44.9867361074297     0.857709557732039     0     -10     8
45     0.857797070881285     0     -10     8
