40.3773296281681     0.0912964473856993     0     4     6
40.3905383424574     0.0910967103094863     0     4     6
40.4037473740993     0.0912179811910184     0     4     6
40.4169567221688     0.091478862826989     0     4     6
40.4301663857409     0.0922256840851858     0     4     6
40.4433763638906     0.0923850566958917     0     4     6
40.4565866556934     0.0922770405279096     0     4     6
40.4697972602245     0.092806505901489     0     4     6
40.4830081765594     0.0924873330159448     0     4     6
40.4962194037737     0.0926434378873734     0     4     6
40.5094309409432     0.0920120008626465     0     4     6
40.5226427871436     0.0924260403584786     0     4     6
40.5358549414509     0.0920303429308845     0     4     6
40.5490674029412     0.092487400631208     0     4     6
40.5622801706905     0.0917979216585358     0     4     6
40.5754932437751     0.092623101423164     0     4     6
40.5887066212714     0.0921641335724588     0     4     6
40.601920302256     0.0919376392531856     0     4     6
40.6151342858053     0.092157426877773     0     4     6
40.628348570996     0.0918872782626162     0     4     6
40.6415631569051     0.0915328078255849     0     4     6
40.6547780426093     0.0919903906182199     0     4     6
40.6679932271857     0.0917562974908893     0     4     6
40.6812087097115     0.0913854486494707     0     4     6
40.6944244892639     0.0914074738579058     0     4     6
40.7076405649202     0.0911062046766591     0     4     6
40.7208569357578     0.0903818554942566     0     4     6
40.7340736008544     0.0904531814898075     0     4     6
40.7472905592876     0.0905001028079293     0     4     6
40.7605078101351     0.090705326836162     0     4     6
40.7737253524748     0.0909639911003766     0     4     6
40.7869431853848     0.0912865936649583     0     4     6
40.800161307943     0.0915787618461892     0     4     6
40.8133797192277     0.0923604714260736     0     4     6
40.8265984183172     0.0927268401833247     0     4     6
40.8398174042898     0.0938468942019729     0     4     6
40.8530366762241     0.0945098059420581     0     4     6
40.8662562331986     0.0957365869158396     0     4     6
40.8794760742921     0.0965887606113503     0     4     6
40.8926961985833     0.0985476510310449     0     4     6
40.9059166051511     0.0998813781026895     0     4     6
40.9191372930747     0.102275275322295     0     4     6
40.932358261433     0.10384242886901     0     4     6
40.9455795093053     0.107740618193602     0     4     6
40.9588010357708     0.109287146558186     0     4     6
40.9720228399091     0.113048056262239     0     4     6
40.9852449207996     0.116981790063547     0     4     6
40.9984672775219     0.120692512947861     0     4     6
41.0116899091557     0.124871354179367     0     4     6
41.0249128147808     0.129273018693459     0     4     6
41.0381359934772     0.134282969828283     0     4     6
41.0513594443248     0.13892566644706     0     4     6
41.0645831664038     0.144046870621618     0     4     6
41.0778071587943     0.14996684380146     0     4     6
41.0910314205766     0.155174036993726     0     4     6
41.1042559508312     0.162445777575742     0     4     6
41.1174807486384     0.170073400759573     0     4     6
41.130705813079     0.17806429672571     0     4     6
41.1439311432336     0.185392755535837     0     4     6
41.1571567381829     0.193556546523704     0     4     6
41.1703825970079     0.201998380233499     0     4     6
41.1836087187894     0.21061541504697     0     4     6
41.1968351026086     0.219477634420477     0     4     6
41.2100617475467     0.228851723734654     0     4     6
41.2232886526848     0.238576480681929     0     4     6
41.2365158171043     0.247326793989502     0     4     6
41.2497432398867     0.257623961664712     0     4     6
41.2629709201134     0.267977645660757     0     4     6
41.2761988568661     0.278111565977476     0     4     6
41.2894270492266     0.288958357879264     0     4     6
41.3026554962766     0.299867100212593     0     4     6
41.315884197098     0.311626665426789     0     4     6
41.3291131507728     0.321820280212535     0     4     6
41.3423423563831     0.333537937497775     0     4     6
41.3555718130111     0.344085603264857     0     4     6
41.368801519739     0.355753042289671     0     4     6
41.3820314756491     0.36754444308346     0     4     6
41.395261679824     0.379148516108636     0     4     6
41.4084921313462     0.389959792006258     0     4     6
41.4217228292982     0.401154620247196     0     4     6
41.4349537727627     0.412859268516752     0     4     6
41.4481849608227     0.423190674710201     0     4     6
41.4614163925608     0.434512658811109     0     4     6
41.4746480670603     0.444725861218963     0     4     6
41.487879983404     0.455494770226969     0     4     6
41.5011121406751     0.466549507556806     0     4     6
41.5143445379569     0.476774420428522     0     4     6
41.5275771743327     0.48631628161939     0     4     6
41.5408100488858     0.496777839117056     0     4     6
41.5540431606999     0.507564087096575     0     4     6
41.5672765088584     0.517923035669262     0     4     6
41.580510092445     0.528143102394791     0     4     6
41.5937439105435     0.538064794448078     0     4     6
41.6069779622377     0.547940021913259     0     4     6
41.6202122466115     0.557541422926125     0     4     6
41.6334467627489     0.566989589443584     0     4     6
41.646681509734     0.575764261200026     0     4     6
41.6599164866509     0.584959956335488     0     4     6
41.673151692584     0.594305100592966     0     4     6
41.6863871266174     0.602005335385508     0     4     6
41.6996227878358     0.610202452780473     0     4     6
41.7128586753234     0.618789947874691     0     4     6
41.726094788165     0.626393501283126     0     4     6
41.7393311254452     0.634412445916288     0     4     6
41.7525676862486     0.641683481072487     0     4     6
41.7658044696602     0.648880173106933     0     4     6
41.7790414747648     0.656200145691571     0     4     6
41.7922787006474     0.663234834529761     0     4     6
41.8055161463931     0.66978078788876     0     4     6
41.8187538110869     0.676939775004605     0     4     6
41.8319916938142     0.68319188726073     0     4     6
41.8452297936601     0.689910958213925     0     4     6
41.8584681097102     0.695876873641022     0     4     6
41.8717066410497     0.701769761831866     0     4     6
41.8849453867643     0.707812665507214     0     4     6
41.8981843459396     0.713413494379938     0     4     6
41.9114235176612     0.719018866508989     0     4     6
41.9246629010149     0.723870506652638     0     4     6
41.9379024950865     0.729163587386258     0     4     6
41.9511422989619     0.734258034228655     0     4     6
41.9643823117272     0.739245759401745     0     4     6
41.9776225324684     0.743525971359822     0     4     6
41.9908629602715     0.748299928386881     0     4     6
42.0041035942229     0.752744081952436     0     4     6
42.0173444334088     0.75694739936024     0     4     6
42.0305854769156     0.760894211863871     0     4     6
42.0438267238296     0.765058937363816     0     4     6
42.0570681732375     0.76879044246519     0     4     6
42.0703098242257     0.772405003526481     0     4     6
42.083551675881     0.775620930760842     0     4     6
42.09679372729     0.779349147221912     0     4     6
42.1100359775395     0.782287939898066     0     4     6
42.1232784257165     0.785904592885962     0     4     6
42.1365210709078     0.788314140469508     0     4     6
42.1497639122005     0.791378620011462     0     4     6
42.1630069486816     0.794482549625466     0     4     6
42.1762501794383     0.797170080466329     0     4     6
42.1894936035578     0.799542420253565     0     4     6
42.2027372201273     0.801990216046117     0     4     6
42.2159810282344     0.804227899569215     0     4     6
42.2292250269662     0.806045916847434     0     4     6
42.2424692154105     0.808598759441721     0     4     6
42.2557135926547     0.810137525474958     0     4     6
42.2689581577864     0.812361701743586     0     4     6
42.2822029098935     0.81441129082609     0     4     6
42.2954478480635     0.815971280877587     0     4     6
42.3086929713844     0.817471161686973     0     4     6
42.3219382789441     0.819478481032676     0     4     6
42.3351837698304     0.820714065416828     0     4     6
42.3484294431316     0.822470411106508     0     4     6
42.3616752979356     0.823664024478849     0     4     6
42.3749213333306     0.824830937788977     0     4     6
42.3881675484049     0.826287320277429     0     4     6
42.4014139422467     0.827526788569106     0     4     6
42.4146605139445     0.828562670955539     0     4     6
42.4279072625865     0.829219366364007     0     4     6
42.4411541872613     0.830353679861421     0     4     6
42.4544012870576     0.831422418629896     0     4     6
42.4676485610637     0.832114938410595     0     4     6
42.4808960083686     0.83285959764442     0     4     6
42.4941436280607     0.833536381735314     0     4     6
42.5073914192291     0.83409890651539     0     4     6
42.5206393809625     0.83499050406311     0     4     6
42.5338875123499     0.835511566602391     0     4     6
42.5471358124802     0.835946472570567     0     4     6
42.5603842804426     0.83631632372036     0     4     6
42.573632915326     0.836691261192099     0     4     6
42.5868817162196     0.837248364732274     0     4     6
42.6001306822128     0.837610194703119     0     4     6
42.6133798123947     0.837942788797068     0     4     6
42.6266291058547     0.838541264910725     0     4     6
42.6398785616822     0.83904880625792     0     4     6
42.6531281789667     0.839871285720227     0     4     6
42.6663779567977     0.840100348186904     0     4     6
42.6796278942648     0.840885255137184     0     4     6
42.6928779904575     0.841566416269827     0     4     6
42.7061282444657     0.842241414829176     0     4     6
42.719378655379     0.842374634807616     0     4     6
42.7326292222872     0.843368255703224     0     4     6
42.7458799442802     0.843611882117071     0     4     6
42.759130820448     0.843990173810546     0     4     6
42.7723818498804     0.844713183201354     0     4     6
42.7856330316676     0.845437364725375     0     4     6
42.7988843648995     0.845568312188422     0     4     6
42.8121358486664     0.845851859061747     0     4     6
42.8253874820585     0.846392759197416     0     4     6
42.8386392641659     0.846509096612871     0     4     6
42.8518911940789     0.847186409602975     0     4     6
42.865143270888     0.846974263153078     0     4     6
42.8783954936836     0.847270046952732     0     4     6
42.891647861556     0.847627779533891     0     4     6
42.9049003735958     0.848010398381439     0     4     6
42.9181530288935     0.848144879285336     0     4     6
42.9314058265398     0.848503227005154     0     4     6
42.9446587656254     0.848661026069873     0     4     6
42.9579118452409     0.849121120140078     0     4     6
42.9711650644771     0.848822774135586     0     4     6
42.9844184224248     0.84927339340446     0     4     6
42.9976719181749     0.849497629332843     0     4     6
43.0109255508184     0.85002881906743     0     4     6
43.0241793194461     0.849839487863124     0     4     6
43.0374332231491     0.849802374487444     0     4     6
43.0506872610184     0.850139868288523     0     4     6
43.0639414321452     0.85037631984606     0     4     6
43.0771957356206     0.850459040748027     0     4     6
43.0904501705359     0.850661472901553     0     4     6
43.1037047359822     0.850918748141064     0     4     6
43.1169594310509     0.850936855977275     0     4     6
43.1302142548334     0.850980342515262     0     4     6
43.1434692064209     0.85137363063644     0     4     6
43.1567242849051     0.851362216592148     0     4     6
43.1699794893773     0.85190917136662     0     4     6
43.183234818929     0.852002802915196     0     4     6
43.1964902726519     0.851751877563106     0     4     6
43.2097458496376     0.851709339180764     0     4     6
43.2230015489777     0.851923112512458     0     4     6
43.236257369764     0.852322103028409     0     4     6
43.2495133110882     0.852226034726185     0     4     6
43.2627693720421     0.851918064605971     0     4     6
43.2760255517175     0.852147158511466     0     4     6
43.2892818492064     0.852400343353763     0     4     6
43.3025382636006     0.852607149609087     0     4     6
43.3157947939921     0.852562341851822     0     4     6
43.3290514394729     0.852526191129946     0     4     6
43.3423081991352     0.852804323003996     0     4     6
43.3555650720708     0.852987060159063     0     4     6
43.3688220573721     0.853080759915281     0     4     6
43.3820791541312     0.852940095952458     0     4     6
43.3953363614402     0.853037064507132     0     4     6
43.4085936783915     0.852612762636756     0     4     6
43.4218511040773     0.853173506161211     0     4     6
43.43510863759     0.85314311184453     0     4     6
43.4483662780219     0.853535476658864     0     4     6
43.4616240244654     0.853359803672709     0     4     6
43.4748818760131     0.85340607715139     0     4     6
43.4881398317573     0.853703332390909     0     4     6
43.5013978907905     0.853292405031713     0     4     6
43.5146560522055     0.853105922129318     0     4     6
43.5279143150947     0.853503354135185     0     4     6
43.5411726785508     0.85389188921039     0     4     6
43.5544311416664     0.853975446265804     0     4     6
43.5676897035343     0.854006703938523     0     4     6
43.5809483632472     0.853777198030471     0     4     6
43.5942071198979     0.853826856442275     0     4     6
43.6074659725792     0.854125363407338     0     4     6
43.6207249203839     0.85419849047101     0     4     6
43.6339839624049     0.854166237304385     0     4     6
43.6472430977351     0.8539942742265     0     4     6
43.6605023254675     0.854290217347831     0     4     6
43.6737616446951     0.853984267951139     0     4     6
43.6870210545109     0.854377959909806     0     4     6
43.7002805540078     0.853914823484815     0     4     6
43.7135401422791     0.854286980176494     0     4     6
43.7267998184177     0.854390996847034     0     4     6
43.7400595815169     0.854433713215115     0     4     6
43.7533194306699     0.854464680850107     0     4     6
43.7665793649697     0.854258433721148     0     4     6
43.7798393835097     0.854778304703325     0     4     6
43.7930994853832     0.854465746426353     0     4     6
43.8063596696833     0.854393446190604     0     4     6
43.8196199355036     0.854404743279572     0     4     6
43.8328802819372     0.854671900057288     0     4     6
43.8461407080776     0.855009811627672     0     4     6
43.8594012130182     0.854534342113078     0     4     6
43.8726617958525     0.854819391240055     0     4     6
43.8859224556739     0.854468861996598     0     4     6
43.8991831915758     0.855140701469531     0     4     6
43.912444002652     0.854538119732436     0     4     6
43.9257048879957     0.85504540115156     0     4     6
43.9389658467008     0.855107569712531     0     4     6
43.9522268778607     0.854620085330534     0     4     6
43.9654879805692     0.855020646355637     0     4     6
43.9787491539198     0.854948730769778     0     4     6
43.9920103970062     0.855298985945773     0     4     6
44.0052717089222     0.855124809909287     0     4     6
44.0185330887614     0.855189219508629     0     4     6
44.0317945356177     0.854598753257199     0     4     6
44.0450560485848     0.854859207432807     0     4     6
44.0583176267565     0.854974283114794     0     4     6
44.0715792692266     0.855133488556464     0     4     6
44.0848409750891     0.854752017006256     0     4     6
44.0981027434377     0.854907033623464     0     4     6
44.1113645733664     0.855098604652176     0     4     6
44.1246264639691     0.85513458599288     0     4     6
44.1378884143397     0.854797217339881     0     4     6
44.1511504235722     0.85529848587255     0     4     6
44.1644124907606     0.854997252210999     0     4     6
44.1776746149988     0.855295400079166     0     4     6
44.190936795381     0.85489525885164     0     4     6
44.2041990310011     0.855272135268323     0     4     6
44.2174613209532     0.855418052340039     0     4     6
44.2307236643314     0.855117621880162     0     4     6
44.2439860602298     0.8554913161042     0     4     6
44.2572485077426     0.855445816727327     0     4     6
44.2705110059638     0.854834233499789     0     4     6
44.2837735539876     0.855525611296215     0     4     6
44.2970361509082     0.855521493009581     0     4     6
44.3102987958199     0.855340738031958     0     4     6
44.3235614878167     0.855200137885343     0     4     6
44.336824225993     0.855512242223534     0     4     6
44.3500870094429     0.855162299526041     0     4     6
44.3633498372608     0.855249806961863     0     4     6
44.376612708541     0.855738279055538     0     4     6
44.3898756223776     0.855586391243309     0     4     6
44.4031385778651     0.855546076415326     0     4     6
44.4164015740977     0.855592724515145     0     4     6
44.4296646101698     0.855257123969302     0     4     6
44.4429276851758     0.855841666706929     0     4     6
44.45619079821     0.855640398194261     0     4     6
44.4694539483668     0.855480178541496     0     4     6
44.4827171347406     0.85563799606897     0     4     6
44.4959803564257     0.855312037601832     0     4     6
44.5092436125167     0.855509010859474     0     4     6
44.522506902108     0.855591531887313     0     4     6
44.5357702242939     0.855497466442012     0     4     6
44.549033578169     0.855296565936373     0     4     6
44.5622969628277     0.855296619282119     0     4     6
44.5755603773645     0.855451237623854     0     4     6
44.5888238208739     0.855386630486017     0     4     6
44.6020872924504     0.855334703665692     0     4     6
44.6153507911885     0.85544308540172     0     4     6
44.6286143161827     0.855281197180282     0     4     6
44.6418778665275     0.855388239814826     0     4     6
44.6551414413176     0.855651847084083     0     4     6
44.6684050396474     0.855598006107125     0     4     6
44.6816686606115     0.85566342787703     0     4     6
44.6949323033044     0.855323387609115     0     4     6
44.7081959668207     0.855426893840799     0     4     6
44.7214596502551     0.855612164870983     0     4     6
44.7347233527021     0.855548320089059     0     4     6
44.7479870732562     0.855638962429293     0     4     6
44.7612508110122     0.855146509857667     0     4     6
44.7745145650645     0.855321597295056     0     4     6
44.7877783345079     0.854987596776065     0     4     6
44.8010421184369     0.855638411654719     0     4     6
44.8143059159461     0.855292402931311     0     4     6
44.8275697261302     0.855133370517119     0     4     6
44.8408335480838     0.854921810400283     0     4     6
44.8540973809016     0.855597731176201     0     4     6
44.8673612236781     0.855208208045813     0     4     6
44.8806250755081     0.855527171135602     0     4     6
44.8938889354862     0.855026931750876     0     4     6
44.9071528027069     0.855512330705284     0     4     6
44.9204166762651     0.855545748772459     0     4     6
44.9336805552553     0.855334964599132     0     4     6
44.9469444387722     0.855417805703001     0     4     6
44.9602083259105     0.855105992520487     0     4     6
44.9734722157648     0.855130146236141     0     4     6
44.9867361074297     0.855464945838273     0     4     6
45     0.855012150692958     0     4     6
