44.9867361074297     0.0982849716318002     0     8     -8
44.9734722157648     0.0981047425347371     0     8     -8
44.9602083259105     0.0982924803006406     0     8     -8
44.9469444387722     0.0981883275947747     0     8     -8
44.9336805552553     0.0982787836711052     0     8     -8
44.9204166762651     0.0985997925596604     0     8     -8
44.9071528027069     0.0990770394799248     0     8     -8
44.8938889354862     0.0990039718456386     0     8     -8
44.8806250755081     0.0993864874944142     0     8     -8
44.8673612236781     0.0992375749114638     0     8     -8
44.8540973809016     0.0992767740898478     0     8     -8
44.8408335480838     0.0990685911006223     0     8     -8
44.8275697261302     0.0995778807232187     0     8     -8
44.8143059159461     0.0989545551425165     0     8     -8
44.8010421184369     0.0993625552209398     0     8     -8
44.7877783345079     0.0989278734815113     0     8     -8
44.7745145650645     0.0986993568402549     0     8     -8
44.7612508110122     0.0987363194609073     0     8     -8
44.7479870732562     0.0986581906497761     0     8     -8
44.7347233527021     0.0991674145027614     0     8     -8
44.7214596502551     0.0992737081576457     0     8     -8
44.7081959668207     0.0996789482202156     0     8     -8
44.6949323033044     0.099528589332747     0     8     -8
44.6816686606115     0.0995533123442833     0     8     -8
44.6684050396474     0.0995840765065943     0     8     -8
44.6551414413176     0.0995407364813463     0     8     -8
44.6418778665275     0.0992630378974186     0     8     -8
44.6286143161827     0.0991145992263965     0     8     -8
44.6153507911885     0.09896655122604     0     8     -8
44.6020872924504     0.0992117883098373     0     8     -8
44.5888238208739     0.0988018919460366     0     8     -8
44.5755603773645     0.0991618020532119     0     8     -8
44.5622969628277     0.0991417025273766     0     8     -8
44.549033578169     0.0995795089424723     0     8     -8
44.5357702242939     0.0993552873751789     0     8     -8
44.522506902108     0.0997335705960115     0     8     -8
44.5092436125167     0.0997279835601699     0     8     -8
44.4959803564257     0.0997665343508644     0     8     -8
44.4827171347406     0.0997432046452902     0     8     -8
44.4694539483668     0.10021279796489     0     8     -8
44.45619079821     0.0993316119896249     0     8     -8
44.4429276851758     0.0994679607948856     0     8     -8
44.4296646101698     0.0993947324250197     0     8     -8
44.4164015740977     0.0993129248501123     0     8     -8
44.4031385778651     0.0993355830143148     0     8     -8
44.3898756223776     0.0994685566903379     0     8     -8
44.376612708541     0.0995793032247804     0     8     -8
44.3633498372608     0.099537632374135     0     8     -8
44.3500870094429     0.0997775983313383     0     8     -8
44.336824225993     0.0999924091043389     0     8     -8
44.3235614878167     0.100101461358684     0     8     -8
44.3102987958199     0.100107218938168     0     8     -8
44.2970361509082     0.100904649173168     0     8     -8
44.2837735539876     0.100174342605945     0     8     -8
44.2705110059638     0.100031197280072     0     8     -8
44.2572485077426     0.100399330333827     0     8     -8
44.2439860602298     0.099757776063305     0     8     -8
44.2307236643314     0.0996205811362142     0     8     -8
44.2174613209532     0.0996000938457822     0     8     -8
44.2041990310011     0.0996637548779825     0     8     -8
44.190936795381     0.0994371357307052     0     8     -8
44.1776746149988     0.0995941268214693     0     8     -8
44.1644124907606     0.0999047098138224     0     8     -8
44.1511504235722     0.0998089483754489     0     8     -8
44.1378884143397     0.100332219736705     0     8     -8
44.1246264639691     0.10038076296448     0     8     -8
44.1113645733664     0.100496675553107     0     8     -8
44.0981027434377     0.100575998415571     0     8     -8
44.0848409750891     0.100824726242501     0     8     -8
44.0715792692266     0.10051149190065     0     8     -8
44.0583176267565     0.100383773217827     0     8     -8
44.0450560485848     0.100414541473025     0     8     -8
44.0317945356177     0.100837008015597     0     8     -8
44.0185330887614     0.100214073600057     0     8     -8
44.0052717089222     0.100577924863632     0     8     -8
43.9920103970062     0.100221979018158     0     8     -8
43.9787491539198     0.100097131086211     0     8     -8
43.9654879805692     0.100209462925387     0     8     -8
43.9522268778607     0.100177289579817     0     8     -8
43.9389658467008     0.100513124194241     0     8     -8
43.9257048879957     0.100396456647347     0     8     -8
43.912444002652     0.100713592656938     0     8     -8
43.8991831915758     0.100679613038529     0     8     -8
43.8859224556739     0.101025425767725     0     8     -8
43.8726617958525     0.101157624298105     0     8     -8
43.8594012130182     0.10137400869106     0     8     -8
43.8461407080776     0.101846640443804     0     8     -8
43.8328802819372     0.101471071618686     0     8     -8
43.8196199355036     0.101166625675355     0     8     -8
43.8063596696833     0.101562180508069     0     8     -8
43.7930994853832     0.10091328836711     0     8     -8
43.7798393835097     0.100874213203364     0     8     -8
43.7665793649697     0.100759442124947     0     8     -8
43.7533194306699     0.100628778382731     0     8     -8
43.7400595815169     0.100520457912878     0     8     -8
43.7267998184177     0.100725529189222     0     8     -8
43.7135401422791     0.100926222046551     0     8     -8
43.7002805540078     0.101219886774282     0     8     -8
43.6870210545109     0.101409860007975     0     8     -8
43.6737616446951     0.101511230736913     0     8     -8
43.6605023254675     0.101580953873964     0     8     -8
43.6472430977351     0.101946074411722     0     8     -8
43.6339839624049     0.102100755525321     0     8     -8
43.6207249203839     0.101567968597601     0     8     -8
43.6074659725792     0.10127213384475     0     8     -8
43.5942071198979     0.101341261870349     0     8     -8
43.5809483632472     0.101733869208598     0     8     -8
43.5676897035343     0.101774367354047     0     8     -8
43.5544311416664     0.10095610333373     0     8     -8
43.5411726785508     0.101157282466077     0     8     -8
43.5279143150947     0.101277654887904     0     8     -8
43.5146560522055     0.101452272027785     0     8     -8
43.5013978907905     0.102021968146435     0     8     -8
43.4881398317573     0.101840625235314     0     8     -8
43.4748818760131     0.102483105404402     0     8     -8
43.4616240244654     0.102000172771303     0     8     -8
43.4483662780219     0.102612105687691     0     8     -8
43.43510863759     0.102352638356398     0     8     -8
43.4218511040773     0.101742280968231     0     8     -8
43.4085936783915     0.10169344328022     0     8     -8
43.3953363614402     0.101528654362986     0     8     -8
43.3820791541312     0.101630406697837     0     8     -8
43.3688220573721     0.101791423924241     0     8     -8
43.3555650720708     0.101873212724732     0     8     -8
43.3423081991352     0.102366609963275     0     8     -8
43.3290514394729     0.102330187575327     0     8     -8
43.3157947939921     0.102551152259384     0     8     -8
43.3025382636006     0.10270512925567     0     8     -8
43.2892818492064     0.103206952752764     0     8     -8
43.2760255517175     0.102841190286887     0     8     -8
43.2627693720421     0.10272265331925     0     8     -8
43.2495133110882     0.102537623806716     0     8     -8
43.236257369764     0.102691138522828     0     8     -8
43.2230015489777     0.102840378452648     0     8     -8
43.2097458496376     0.102743431619995     0     8     -8
43.1964902726519     0.103130725695512     0     8     -8
43.183234818929     0.10316311908244     0     8     -8
43.1699794893773     0.102953236566478     0     8     -8
43.1567242849051     0.10343483284236     0     8     -8
43.1434692064209     0.103401688379456     0     8     -8
43.1302142548334     0.103401168492869     0     8     -8
43.1169594310509     0.103516005058457     0     8     -8
43.1037047359822     0.103763400107857     0     8     -8
43.0904501705359     0.103806984117765     0     8     -8
43.0771957356206     0.103699247724227     0     8     -8
43.0639414321452     0.103924862212439     0     8     -8
43.0506872610184     0.103426306052179     0     8     -8
43.0374332231491     0.103690450570803     0     8     -8
43.0241793194461     0.10362270179867     0     8     -8
43.0109255508184     0.103694348722446     0     8     -8
42.9976719181749     0.103254387849257     0     8     -8
42.9844184224248     0.103290770113682     0     8     -8
42.9711650644771     0.103796955556425     0     8     -8
42.9579118452409     0.104666723488433     0     8     -8
42.9446587656254     0.104302572048146     0     8     -8
42.9314058265398     0.104739131985699     0     8     -8
42.9181530288935     0.104721210849843     0     8     -8
42.9049003735958     0.104946499828831     0     8     -8
42.891647861556     0.104812050969396     0     8     -8
42.8783954936836     0.104870246046423     0     8     -8
42.865143270888     0.104954016048532     0     8     -8
42.8518911940789     0.105061198022229     0     8     -8
42.8386392641659     0.104902604395499     0     8     -8
42.8253874820585     0.104701334782216     0     8     -8
42.8121358486664     0.10470079184731     0     8     -8
42.7988843648995     0.104981295664226     0     8     -8
42.7856330316676     0.104973229078219     0     8     -8
42.7723818498804     0.104576340726131     0     8     -8
42.759130820448     0.104590530465319     0     8     -8
42.7458799442802     0.104757535260512     0     8     -8
42.7326292222872     0.104712951886776     0     8     -8
42.719378655379     0.10495540954336     0     8     -8
42.7061282444657     0.105813425355912     0     8     -8
42.6928779904575     0.105519208462542     0     8     -8
42.6796278942648     0.106304021877305     0     8     -8
42.6663779567977     0.10568484943352     0     8     -8
42.6531281789667     0.105734548627612     0     8     -8
42.6398785616822     0.105721311588592     0     8     -8
42.6266291058547     0.105740445681141     0     8     -8
42.6133798123947     0.105490458734331     0     8     -8
42.6001306822128     0.105343213223987     0     8     -8
42.5868817162196     0.105793704656725     0     8     -8
42.573632915326     0.105494053914632     0     8     -8
42.5603842804426     0.105329383400241     0     8     -8
42.5471358124802     0.105439975384651     0     8     -8
42.5338875123499     0.105490922688403     0     8     -8
42.5206393809625     0.10539620914199     0     8     -8
42.5073914192291     0.105812352376756     0     8     -8
42.4941436280607     0.106008817771012     0     8     -8
42.4808960083686     0.106248039488274     0     8     -8
42.4676485610637     0.106382366493578     0     8     -8
42.4544012870576     0.106340101576988     0     8     -8
42.4411541872613     0.10634066218544     0     8     -8
42.4279072625865     0.106456885128824     0     8     -8
42.4146605139445     0.106221260347114     0     8     -8
42.4014139422467     0.106184537707727     0     8     -8
42.3881675484049     0.10623181740561     0     8     -8
42.3749213333306     0.106112096759168     0     8     -8
42.3616752979356     0.106038216083651     0     8     -8
42.3484294431316     0.106403459217662     0     8     -8
42.3351837698304     0.106277155749633     0     8     -8
42.3219382789441     0.106647869468498     0     8     -8
42.3086929713844     0.106477088707921     0     8     -8
42.2954478480635     0.10673707182154     0     8     -8
42.2822029098935     0.10749334510377     0     8     -8
42.2689581577864     0.106951235585932     0     8     -8
42.2557135926547     0.10717150396087     0     8     -8
42.2424692154105     0.107105695012352     0     8     -8
42.2292250269662     0.106948861666197     0     8     -8
42.2159810282344     0.106930234218543     0     8     -8
42.2027372201273     0.106734657602846     0     8     -8
42.1894936035578     0.106808211907395     0     8     -8
42.1762501794383     0.10714979466571     0     8     -8
42.1630069486816     0.106776746709036     0     8     -8
42.1497639122005     0.106712260251871     0     8     -8
42.1365210709078     0.106872919115855     0     8     -8
42.1232784257165     0.106940017107629     0     8     -8
42.1100359775395     0.107153687206384     0     8     -8
42.09679372729     0.107204508186026     0     8     -8
42.083551675881     0.107306742906744     0     8     -8
42.0703098242257     0.10727597562818     0     8     -8
42.0570681732375     0.107328317651904     0     8     -8
42.0438267238296     0.107638943621295     0     8     -8
42.0305854769156     0.107090977803896     0     8     -8
42.0173444334088     0.1070957673956     0     8     -8
42.0041035942229     0.106934487001203     0     8     -8
41.9908629602715     0.107250570708226     0     8     -8
41.9776225324684     0.106652334785095     0     8     -8
41.9643823117272     0.106701331009049     0     8     -8
41.9511422989619     0.106821276191601     0     8     -8
41.9379024950865     0.106989620473677     0     8     -8
41.9246629010149     0.10727055667273     0     8     -8
41.9114235176612     0.107490594751742     0     8     -8
41.8981843459396     0.107276283665698     0     8     -8
41.8849453867643     0.107495011759577     0     8     -8
41.8717066410497     0.107491296379521     0     8     -8
41.8584681097102     0.106901992766997     0     8     -8
41.8452297936601     0.106584797122904     0     8     -8
41.8319916938142     0.106653169263204     0     8     -8
41.8187538110869     0.106583558300133     0     8     -8
41.8055161463931     0.106243949766381     0     8     -8
41.7922787006474     0.10596428981551     0     8     -8
41.7790414747648     0.105888196669927     0     8     -8
41.7658044696602     0.106127705137385     0     8     -8
41.7525676862486     0.105915945622763     0     8     -8
41.7393311254452     0.105753718623267     0     8     -8
41.726094788165     0.106110892917531     0     8     -8
41.7128586753234     0.105692419960665     0     8     -8
41.6996227878358     0.105635030674311     0     8     -8
41.6863871266174     0.105851253877442     0     8     -8
41.673151692584     0.105454005728733     0     8     -8
41.6599164866509     0.105467564894178     0     8     -8
41.646681509734     0.105306831491414     0     8     -8
41.6334467627489     0.105048565968724     0     8     -8
41.6202122466115     0.105161795348897     0     8     -8
41.6069779622377     0.105166906844851     0     8     -8
41.5937439105435     0.104874211919     0     8     -8
41.580510092445     0.104761519864839     0     8     -8
41.5672765088584     0.104613894603325     0     8     -8
41.5540431606999     0.10471852838845     0     8     -8
41.5408100488858     0.104465194129704     0     8     -8
41.5275771743327     0.104111917727081     0     8     -8
41.5143445379569     0.104422469381265     0     8     -8
41.5011121406751     0.104099091898573     0     8     -8
41.487879983404     0.104565693008738     0     8     -8
41.4746480670603     0.103781006584981     0     8     -8
41.4614163925608     0.103960180582595     0     8     -8
41.4481849608227     0.103695923719083     0     8     -8
41.4349537727627     0.103642811549522     0     8     -8
41.4217228292982     0.103193668720502     0     8     -8
41.4084921313462     0.10311203479201     0     8     -8
41.395261679824     0.102813022094423     0     8     -8
41.3820314756491     0.102244368039594     0     8     -8
41.368801519739     0.10234137330556     0     8     -8
41.3555718130111     0.101850038247886     0     8     -8
41.3423423563831     0.101466599242811     0     8     -8
41.3291131507728     0.101350490648673     0     8     -8
41.315884197098     0.101226534625702     0     8     -8
41.3026554962766     0.1013577464027     0     8     -8
41.2894270492266     0.101019583145815     0     8     -8
41.2761988568661     0.100819496338969     0     8     -8
41.2629709201134     0.101060070966805     0     8     -8
41.2497432398867     0.100457443424291     0     8     -8
41.2365158171043     0.100253868383274     0     8     -8
41.2232886526848     0.100117471338887     0     8     -8
41.2100617475467     0.0996725504421443     0     8     -8
41.1968351026086     0.0993143254043053     0     8     -8
41.1836087187894     0.0992984770460186     0     8     -8
41.1703825970079     0.098899833931307     0     8     -8
41.1571567381829     0.0985083678291841     0     8     -8
41.1439311432336     0.0981396052136165     0     8     -8
41.130705813079     0.0977964000039418     0     8     -8
41.1174807486384     0.0975135983899205     0     8     -8
41.1042559508312     0.0974056622292851     0     8     -8
41.0910314205766     0.0972535239440926     0     8     -8
41.0778071587943     0.0968085483775355     0     8     -8
41.0645831664038     0.096607844889658     0     8     -8
41.0513594443248     0.096983770845438     0     8     -8
41.0381359934772     0.0964286139112329     0     8     -8
41.0249128147808     0.0962500025212289     0     8     -8
41.0116899091557     0.0964870201153184     0     8     -8
40.9984672775219     0.0965257610277442     0     8     -8
40.9852449207996     0.0953821228644275     0     8     -8
40.9720228399091     0.095725055390867     0     8     -8
40.9588010357708     0.0954867670191324     0     8     -8
40.9455795093053     0.0944496885306456     0     8     -8
40.932358261433     0.0951303451952402     0     8     -8
40.9191372930747     0.0942145363563373     0     8     -8
40.9059166051511     0.0941881052306449     0     8     -8
40.8926961985833     0.0948331086547954     0     8     -8
40.8794760742921     0.0938958578035028     0     8     -8
40.8662562331986     0.0938728442052166     0     8     -8
40.8530366762241     0.094082105966072     0     8     -8
40.8398174042898     0.0947870616393372     0     8     -8
40.8265984183172     0.0941528717835219     0     8     -8
40.8133797192277     0.0941121233365892     0     8     -8
40.800161307943     0.0939130633092316     0     8     -8
40.7869431853848     0.0939155791851367     0     8     -8
40.7737253524748     0.0937067830579768     0     8     -8
40.7605078101351     0.0934645339363722     0     8     -8
40.7472905592876     0.0933975556962806     0     8     -8
40.7340736008544     0.0935475510348754     0     8     -8
40.7208569357578     0.0935359678415258     0     8     -8
40.7076405649202     0.0941490740457705     0     8     -8
40.6944244892639     0.0937208690116501     0     8     -8
40.6812087097115     0.0939250474686579     0     8     -8
40.6679932271857     0.0940645160111409     0     8     -8
40.6547780426093     0.0939122451540306     0     8     -8
40.6415631569051     0.0942109419087047     0     8     -8
40.628348570996     0.0942028478429849     0     8     -8
40.6151342858053     0.0937661556502398     0     8     -8
40.601920302256     0.0944573697017281     0     8     -8
40.5887066212714     0.0940052516930198     0     8     -8
40.5754932437751     0.0937841349507264     0     8     -8
40.5622801706905     0.0939554900763408     0     8     -8
40.5490674029412     0.0940082029960786     0     8     -8
40.5358549414509     0.0940472944843563     0     8     -8
40.5226427871436     0.0940692358837173     0     8     -8
40.5094309409432     0.0943621079730309     0     8     -8
40.4962194037737     0.0944518773430217     0     8     -8
40.4830081765594     0.094415410634696     0     8     -8
40.4697972602245     0.095008590854666     0     8     -8
40.4565866556934     0.0950695433888327     0     8     -8
40.4433763638906     0.0949687759970362     0     8     -8
40.4301663857409     0.094942271057662     0     8     -8
40.4169567221688     0.094991113568723     0     8     -8
40.4037473740993     0.0951238007396035     0     8     -8
40.3905383424574     0.0954580617691635     0     8     -8
40.3773296281681     0.0948252906227608     0     8     -8
40.3641212321566     0.0949536545660232     0     8     -8
