44.9867361074297     0.870665130878713     0     -6     -2
44.9734722157648     0.870729276632523     0     -6     -2
44.9602083259105     0.870611769264964     0     -6     -2
44.9469444387722     0.870652009094608     0     -6     -2
44.9336805552553     0.870656035680751     0     -6     -2
44.9204166762651     0.870637363476693     0     -6     -2
44.9071528027069     0.870751518733395     0     -6     -2
44.8938889354862     0.870893796244404     0     -6     -2
44.8806250755081     0.870853676332688     0     -6     -2
44.8673612236781     0.87077908607882     0     -6     -2
44.8540973809016     0.870850482906102     0     -6     -2
44.8408335480838     0.870843742273805     0     -6     -2
44.8275697261302     0.870881686739693     0     -6     -2
44.8143059159461     0.870776104690677     0     -6     -2
44.8010421184369     0.870725918461908     0     -6     -2
44.7877783345079     0.871108042283731     0     -6     -2
44.7745145650645     0.870921682495585     0     -6     -2
44.7612508110122     0.871024514141501     0     -6     -2
44.7479870732562     0.871071780837667     0     -6     -2
44.7347233527021     0.870980811008991     0     -6     -2
44.7214596502551     0.871031867389887     0     -6     -2
44.7081959668207     0.870930798315515     0     -6     -2
44.6949323033044     0.871241007432216     0     -6     -2
44.6816686606115     0.871158132186489     0     -6     -2
44.6684050396474     0.87105528055897     0     -6     -2
44.6551414413176     0.871161458598818     0     -6     -2
44.6418778665275     0.871253808663682     0     -6     -2
44.6286143161827     0.871192609161254     0     -6     -2
44.6153507911885     0.871089888995758     0     -6     -2
44.6020872924504     0.871016125537116     0     -6     -2
44.5888238208739     0.871273978616538     0     -6     -2
44.5755603773645     0.871129308524677     0     -6     -2
44.5622969628277     0.871253139965428     0     -6     -2
44.549033578169     0.871118654757774     0     -6     -2
44.5357702242939     0.87123995825906     0     -6     -2
44.522506902108     0.871243974116495     0     -6     -2
44.5092436125167     0.871159778515565     0     -6     -2
44.4959803564257     0.87114909129865     0     -6     -2
44.4827171347406     0.871314992161037     0     -6     -2
44.4694539483668     0.871245981663262     0     -6     -2
44.45619079821     0.871067306227389     0     -6     -2
44.4429276851758     0.87115978073712     0     -6     -2
44.4296646101698     0.871236075759689     0     -6     -2
44.4164015740977     0.871087361203585     0     -6     -2
44.4031385778651     0.87096703486329     0     -6     -2
44.3898756223776     0.871150783054554     0     -6     -2
44.376612708541     0.871228292778159     0     -6     -2
44.3633498372608     0.87107165437747     0     -6     -2
44.3500870094429     0.871077864318905     0     -6     -2
44.336824225993     0.871062316430407     0     -6     -2
44.3235614878167     0.871093080438626     0     -6     -2
44.3102987958199     0.870812348947041     0     -6     -2
44.2970361509082     0.870881086748162     0     -6     -2
44.2837735539876     0.871019411062222     0     -6     -2
44.2705110059638     0.871119376543032     0     -6     -2
44.2572485077426     0.870946685986021     0     -6     -2
44.2439860602298     0.870901649078076     0     -6     -2
44.2307236643314     0.870899281303115     0     -6     -2
44.2174613209532     0.870817532110998     0     -6     -2
44.2041990310011     0.870787432672021     0     -6     -2
44.190936795381     0.870942654147416     0     -6     -2
44.1776746149988     0.870992616323913     0     -6     -2
44.1644124907606     0.870951472114549     0     -6     -2
44.1511504235722     0.87092538041218     0     -6     -2
44.1378884143397     0.870871673736422     0     -6     -2
44.1246264639691     0.870849354048674     0     -6     -2
44.1113645733664     0.871001313336881     0     -6     -2
44.0981027434377     0.870854203020108     0     -6     -2
44.0848409750891     0.871098287395889     0     -6     -2
44.0715792692266     0.871071560278308     0     -6     -2
44.0583176267565     0.871061280606446     0     -6     -2
44.0450560485848     0.871154319885527     0     -6     -2
44.0317945356177     0.870975911075492     0     -6     -2
44.0185330887614     0.871032975827842     0     -6     -2
44.0052717089222     0.871034223048288     0     -6     -2
43.9920103970062     0.871213150490184     0     -6     -2
43.9787491539198     0.87123775199066     0     -6     -2
43.9654879805692     0.871303544561614     0     -6     -2
43.9522268778607     0.87134404318879     0     -6     -2
43.9389658467008     0.871308266833398     0     -6     -2
43.9257048879957     0.871345888146158     0     -6     -2
43.912444002652     0.871438603209843     0     -6     -2
43.8991831915758     0.871468500092161     0     -6     -2
43.8859224556739     0.871701416977024     0     -6     -2
43.8726617958525     0.871721118884848     0     -6     -2
43.8594012130182     0.871673609631279     0     -6     -2
43.8461407080776     0.871806201051739     0     -6     -2
43.8328802819372     0.871735915552257     0     -6     -2
43.8196199355036     0.871654924836135     0     -6     -2
43.8063596696833     0.871781833309859     0     -6     -2
43.7930994853832     0.871983877777367     0     -6     -2
43.7798393835097     0.872064756377805     0     -6     -2
43.7665793649697     0.871985685060205     0     -6     -2
43.7533194306699     0.872069941273164     0     -6     -2
43.7400595815169     0.872025019188024     0     -6     -2
43.7267998184177     0.871930552214226     0     -6     -2
43.7135401422791     0.872056898268226     0     -6     -2
43.7002805540078     0.871961460770782     0     -6     -2
43.6870210545109     0.87206775682286     0     -6     -2
43.6737616446951     0.872022925223104     0     -6     -2
43.6605023254675     0.872067417839653     0     -6     -2
43.6472430977351     0.872038870115978     0     -6     -2
43.6339839624049     0.872024368282514     0     -6     -2
43.6207249203839     0.871897451344202     0     -6     -2
43.6074659725792     0.871743495570499     0     -6     -2
43.5942071198979     0.872093313714679     0     -6     -2
43.5809483632472     0.87201473149615     0     -6     -2
43.5676897035343     0.872008064147991     0     -6     -2
43.5544311416664     0.871994441547498     0     -6     -2
43.5411726785508     0.872034269911883     0     -6     -2
43.5279143150947     0.871896019730084     0     -6     -2
43.5146560522055     0.871761075491956     0     -6     -2
43.5013978907905     0.872187822424614     0     -6     -2
43.4881398317573     0.872016866247892     0     -6     -2
43.4748818760131     0.872006402512349     0     -6     -2
43.4616240244654     0.872002801189104     0     -6     -2
43.4483662780219     0.872084941158043     0     -6     -2
43.43510863759     0.871998062951244     0     -6     -2
43.4218511040773     0.871930845727756     0     -6     -2
43.4085936783915     0.872003944535373     0     -6     -2
43.3953363614402     0.87221478136328     0     -6     -2
43.3820791541312     0.87228359016222     0     -6     -2
43.3688220573721     0.872012189205125     0     -6     -2
43.3555650720708     0.872219448007296     0     -6     -2
43.3423081991352     0.872164242681302     0     -6     -2
43.3290514394729     0.8721566370293     0     -6     -2
43.3157947939921     0.872040697353618     0     -6     -2
43.3025382636006     0.872232815606222     0     -6     -2
43.2892818492064     0.872144566654033     0     -6     -2
43.2760255517175     0.872221606127403     0     -6     -2
43.2627693720421     0.872230112340187     0     -6     -2
43.2495133110882     0.872200699054959     0     -6     -2
43.236257369764     0.872203825689732     0     -6     -2
43.2230015489777     0.871972016189494     0     -6     -2
43.2097458496376     0.872443442610966     0     -6     -2
43.1964902726519     0.872268632584015     0     -6     -2
43.183234818929     0.872269010171214     0     -6     -2
43.1699794893773     0.872223845068642     0     -6     -2
43.1567242849051     0.872284951713582     0     -6     -2
43.1434692064209     0.872142342297021     0     -6     -2
43.1302142548334     0.872195551007408     0     -6     -2
43.1169594310509     0.872412650636973     0     -6     -2
43.1037047359822     0.872470061425566     0     -6     -2
43.0904501705359     0.872419494631899     0     -6     -2
43.0771957356206     0.872290096006928     0     -6     -2
43.0639414321452     0.872343363785069     0     -6     -2
43.0506872610184     0.872440656287309     0     -6     -2
43.0374332231491     0.872410221371054     0     -6     -2
43.0241793194461     0.872421532798583     0     -6     -2
43.0109255508184     0.872509102502404     0     -6     -2
42.9976719181749     0.872569690655817     0     -6     -2
42.9844184224248     0.872567100188751     0     -6     -2
42.9711650644771     0.872621150967961     0     -6     -2
42.9579118452409     0.872548196261741     0     -6     -2
42.9446587656254     0.872247347429229     0     -6     -2
42.9314058265398     0.872493383492735     0     -6     -2
42.9181530288935     0.872724044529452     0     -6     -2
42.9049003735958     0.872664871054914     0     -6     -2
42.891647861556     0.872655735109506     0     -6     -2
42.8783954936836     0.872563480536766     0     -6     -2
42.865143270888     0.872595698910351     0     -6     -2
42.8518911940789     0.872505313061059     0     -6     -2
42.8386392641659     0.872392753693275     0     -6     -2
42.8253874820585     0.872659037635842     0     -6     -2
42.8121358486664     0.872543094314673     0     -6     -2
42.7988843648995     0.872606439406647     0     -6     -2
42.7856330316676     0.872512826499047     0     -6     -2
42.7723818498804     0.872554399341288     0     -6     -2
42.759130820448     0.872413140595785     0     -6     -2
42.7458799442802     0.872503160967328     0     -6     -2
42.7326292222872     0.872572214607502     0     -6     -2
42.719378655379     0.872589187924891     0     -6     -2
42.7061282444657     0.8725480184146     0     -6     -2
42.6928779904575     0.87233104830912     0     -6     -2
42.6796278942648     0.872467424029252     0     -6     -2
42.6663779567977     0.872353236381547     0     -6     -2
42.6531281789667     0.872514932703712     0     -6     -2
42.6398785616822     0.872518117784058     0     -6     -2
42.6266291058547     0.87258562849661     0     -6     -2
42.6133798123947     0.872574420838316     0     -6     -2
42.6001306822128     0.872421360475743     0     -6     -2
42.5868817162196     0.872608668229412     0     -6     -2
42.573632915326     0.872592106430664     0     -6     -2
42.5603842804426     0.872582321121545     0     -6     -2
42.5471358124802     0.872573465330474     0     -6     -2
42.5338875123499     0.872814967833782     0     -6     -2
42.5206393809625     0.872737675393287     0     -6     -2
42.5073914192291     0.87253460998894     0     -6     -2
42.4941436280607     0.872676000986654     0     -6     -2
42.4808960083686     0.872620947053065     0     -6     -2
42.4676485610637     0.872524716265113     0     -6     -2
42.4544012870576     0.872551761171777     0     -6     -2
42.4411541872613     0.872877633563594     0     -6     -2
42.4279072625865     0.872776589720152     0     -6     -2
42.4146605139445     0.872662785481216     0     -6     -2
42.4014139422467     0.872682222726654     0     -6     -2
42.3881675484049     0.872601798749509     0     -6     -2
42.3749213333306     0.872436952892986     0     -6     -2
42.3616752979356     0.872239753240465     0     -6     -2
42.3484294431316     0.872749839754763     0     -6     -2
42.3351837698304     0.872478309418465     0     -6     -2
42.3219382789441     0.872596787635558     0     -6     -2
42.3086929713844     0.872506783217155     0     -6     -2
42.2954478480635     0.872425793455278     0     -6     -2
42.2822029098935     0.872480723676416     0     -6     -2
42.2689581577864     0.872274745159749     0     -6     -2
42.2557135926547     0.872488122940191     0     -6     -2
42.2424692154105     0.872164090298822     0     -6     -2
42.2292250269662     0.871997068799377     0     -6     -2
42.2159810282344     0.872023379385613     0     -6     -2
42.2027372201273     0.871767433349843     0     -6     -2
42.1894936035578     0.871651821876462     0     -6     -2
42.1762501794383     0.871347704927981     0     -6     -2
42.1630069486816     0.871428392026953     0     -6     -2
42.1497639122005     0.871148780964612     0     -6     -2
42.1365210709078     0.8707757697549     0     -6     -2
42.1232784257165     0.870450562744221     0     -6     -2
42.1100359775395     0.869896094666163     0     -6     -2
42.09679372729     0.869303847054331     0     -6     -2
42.083551675881     0.868840368526055     0     -6     -2
42.0703098242257     0.868231520424076     0     -6     -2
42.0570681732375     0.867259351440431     0     -6     -2
42.0438267238296     0.866391809262122     0     -6     -2
42.0305854769156     0.865137776994347     0     -6     -2
42.0173444334088     0.863765706623636     0     -6     -2
42.0041035942229     0.861943943592438     0     -6     -2
41.9908629602715     0.859838250379538     0     -6     -2
41.9776225324684     0.857643000446209     0     -6     -2
41.9643823117272     0.854596778469787     0     -6     -2
41.9511422989619     0.850833108623471     0     -6     -2
41.9379024950865     0.847015639358209     0     -6     -2
41.9246629010149     0.84135264484511     0     -6     -2
41.9114235176612     0.835210240594837     0     -6     -2
41.8981843459396     0.828035416444594     0     -6     -2
41.8849453867643     0.820121776938351     0     -6     -2
41.8717066410497     0.811389079951397     0     -6     -2
41.8584681097102     0.802458436876851     0     -6     -2
41.8452297936601     0.795070610911584     0     -6     -2
41.8319916938142     0.787347184631794     0     -6     -2
41.8187538110869     0.77868083036755     0     -6     -2
41.8055161463931     0.76635957750865     0     -6     -2
41.7922787006474     0.744843342686111     0     -6     -2
41.7790414747648     0.705554025543295     0     -6     -2
41.7658044696602     0.650805883634161     0     -6     -2
41.7525676862486     0.582140940982954     0     -6     -2
41.7393311254452     0.518017874901588     0     -6     -2
41.726094788165     0.465007524120064     0     -6     -2
41.7128586753234     0.432297132955415     0     -6     -2
41.6996227878358     0.413871180661404     0     -6     -2
41.6863871266174     0.410433118525683     0     -6     -2
41.673151692584     0.42149820803493     0     -6     -2
41.6599164866509     0.443418545321437     0     -6     -2
41.646681509734     0.465413422054931     0     -6     -2
41.6334467627489     0.486134548734672     0     -6     -2
41.6202122466115     0.512887631282267     0     -6     -2
41.6069779622377     0.537855056681921     0     -6     -2
41.5937439105435     0.556384062923982     0     -6     -2
41.580510092445     0.571090136532813     0     -6     -2
41.5672765088584     0.587553722619454     0     -6     -2
41.5540431606999     0.601349573131961     0     -6     -2
41.5408100488858     0.610964817546542     0     -6     -2
41.5275771743327     0.617697076139815     0     -6     -2
41.5143445379569     0.626806600054984     0     -6     -2
41.5011121406751     0.634033312149903     0     -6     -2
41.487879983404     0.637827522185677     0     -6     -2
41.4746480670603     0.639452132187438     0     -6     -2
41.4614163925608     0.641444652643208     0     -6     -2
41.4481849608227     0.643939062590017     0     -6     -2
41.4349537727627     0.643372521114582     0     -6     -2
41.4217228292982     0.641265370947623     0     -6     -2
41.4084921313462     0.639261922328572     0     -6     -2
41.395261679824     0.637740668712786     0     -6     -2
41.3820314756491     0.633267048322603     0     -6     -2
41.368801519739     0.627013535699682     0     -6     -2
41.3555718130111     0.621064422617892     0     -6     -2
41.3423423563831     0.615565243433711     0     -6     -2
41.3291131507728     0.60672579618257     0     -6     -2
41.315884197098     0.595938170632107     0     -6     -2
41.3026554962766     0.586182948804518     0     -6     -2
41.2894270492266     0.576873373608067     0     -6     -2
41.2761988568661     0.563444990016679     0     -6     -2
41.2629709201134     0.548980961221859     0     -6     -2
41.2497432398867     0.534962686136851     0     -6     -2
41.2365158171043     0.520050130967561     0     -6     -2
41.2232886526848     0.501672683345698     0     -6     -2
41.2100617475467     0.484542075427302     0     -6     -2
41.1968351026086     0.465339777694423     0     -6     -2
41.1836087187894     0.448453091010969     0     -6     -2
41.1703825970079     0.426250050135204     0     -6     -2
41.1571567381829     0.405121817679826     0     -6     -2
41.1439311432336     0.382208259449445     0     -6     -2
41.130705813079     0.361383201211003     0     -6     -2
41.1174807486384     0.337040383769847     0     -6     -2
41.1042559508312     0.318405107245678     0     -6     -2
41.0910314205766     0.296031007901356     0     -6     -2
41.0778071587943     0.275638570944494     0     -6     -2
41.0645831664038     0.254125728313222     0     -6     -2
41.0513594443248     0.235156828847126     0     -6     -2
41.0381359934772     0.216752438507535     0     -6     -2
41.0249128147808     0.201686750793098     0     -6     -2
41.0116899091557     0.189425593570922     0     -6     -2
40.9984672775219     0.178649094783154     0     -6     -2
40.9852449207996     0.168167647392993     0     -6     -2
40.9720228399091     0.163510606651674     0     -6     -2
40.9588010357708     0.15991335889144     0     -6     -2
40.9455795093053     0.155926433391943     0     -6     -2
40.932358261433     0.156709826250442     0     -6     -2
40.9191372930747     0.161018178766289     0     -6     -2
40.9059166051511     0.163539188053598     0     -6     -2
40.8926961985833     0.166257606333797     0     -6     -2
40.8794760742921     0.177681889065321     0     -6     -2
40.8662562331986     0.185747674667264     0     -6     -2
40.8530366762241     0.191419359396148     0     -6     -2
40.8398174042898     0.1994765120134     0     -6     -2
40.8265984183172     0.213171349590332     0     -6     -2
40.8133797192277     0.221043603653784     0     -6     -2
40.800161307943     0.228117102385033     0     -6     -2
40.7869431853848     0.244157919061599     0     -6     -2
40.7737253524748     0.255937207264047     0     -6     -2
40.7605078101351     0.261624800032442     0     -6     -2
40.7472905592876     0.270955260928205     0     -6     -2
40.7340736008544     0.284789865241843     0     -6     -2
40.7208569357578     0.292021949406841     0     -6     -2
40.7076405649202     0.297240050539717     0     -6     -2
40.6944244892639     0.31093371664679     0     -6     -2
40.6812087097115     0.320266588561247     0     -6     -2
40.6679932271857     0.323737549141249     0     -6     -2
40.6547780426093     0.329115468860002     0     -6     -2
40.6415631569051     0.339567131284518     0     -6     -2
40.628348570996     0.344109576823433     0     -6     -2
40.6151342858053     0.345219942541124     0     -6     -2
40.601920302256     0.352115587469217     0     -6     -2
40.5887066212714     0.360048284037778     0     -6     -2
40.5754932437751     0.361086420194053     0     -6     -2
40.5622801706905     0.361115999918243     0     -6     -2
40.5490674029412     0.364834869124721     0     -6     -2
40.5358549414509     0.370153741284602     0     -6     -2
40.5226427871436     0.369673690867951     0     -6     -2
40.5094309409432     0.369016645179622     0     -6     -2
40.4962194037737     0.370979335747788     0     -6     -2
40.4830081765594     0.374566125605206     0     -6     -2
40.4697972602245     0.373216231312108     0     -6     -2
40.4565866556934     0.369673794975655     0     -6     -2
40.4433763638906     0.369153336562699     0     -6     -2
40.4301663857409     0.371606684405334     0     -6     -2
40.4169567221688     0.370878069588235     0     -6     -2
40.4037473740993     0.365481561181727     0     -6     -2
40.3905383424574     0.363003051814709     0     -6     -2
40.3773296281681     0.363736317188002     0     -6     -2
40.3641212321566     0.36217728191748     0     -6     -2
