44.9867361074297     0.873836766486337     0     8     -4
44.9734722157648     0.873796899328473     0     8     -4
44.9602083259105     0.873935563154528     0     8     -4
44.9469444387722     0.874021595476323     0     8     -4
44.9336805552553     0.874021426369327     0     8     -4
44.9204166762651     0.874139202533438     0     8     -4
44.9071528027069     0.874077057464343     0     8     -4
44.8938889354862     0.873983071894678     0     8     -4
44.8806250755081     0.874168730934513     0     8     -4
44.8673612236781     0.874088740580592     0     8     -4
44.8540973809016     0.874088599039484     0     8     -4
44.8408335480838     0.874209552320188     0     8     -4
44.8275697261302     0.874218228430581     0     8     -4
44.8143059159461     0.874262228081666     0     8     -4
44.8010421184369     0.874167144341314     0     8     -4
44.7877783345079     0.874211433620459     0     8     -4
44.7745145650645     0.874171004884417     0     8     -4
44.7612508110122     0.87419375088637     0     8     -4
44.7479870732562     0.874381356797556     0     8     -4
44.7347233527021     0.87434539783477     0     8     -4
44.7214596502551     0.874476372680144     0     8     -4
44.7081959668207     0.874396541942047     0     8     -4
44.6949323033044     0.874115834057982     0     8     -4
44.6816686606115     0.87434030568251     0     8     -4
44.6684050396474     0.874278277940816     0     8     -4
44.6551414413176     0.874449994318447     0     8     -4
44.6418778665275     0.874328853414641     0     8     -4
44.6286143161827     0.874405083031172     0     8     -4
44.6153507911885     0.874424857341548     0     8     -4
44.6020872924504     0.87442139024478     0     8     -4
44.5888238208739     0.874342927472388     0     8     -4
44.5755603773645     0.874347146671418     0     8     -4
44.5622969628277     0.87436118575589     0     8     -4
44.549033578169     0.87436835603645     0     8     -4
44.5357702242939     0.87442905790299     0     8     -4
44.522506902108     0.874478133048321     0     8     -4
44.5092436125167     0.874467748836794     0     8     -4
44.4959803564257     0.874487946814349     0     8     -4
44.4827171347406     0.874433690936697     0     8     -4
44.4694539483668     0.874422464047046     0     8     -4
44.45619079821     0.874459857479481     0     8     -4
44.4429276851758     0.874457094858849     0     8     -4
44.4296646101698     0.874474180060609     0     8     -4
44.4164015740977     0.874475541149812     0     8     -4
44.4031385778651     0.874358746876898     0     8     -4
44.3898756223776     0.874391272944584     0     8     -4
44.376612708541     0.874198238497932     0     8     -4
44.3633498372608     0.874285515245212     0     8     -4
44.3500870094429     0.874251405345842     0     8     -4
44.336824225993     0.874342173491595     0     8     -4
44.3235614878167     0.874215643465803     0     8     -4
44.3102987958199     0.874309940280631     0     8     -4
44.2970361509082     0.874303384809523     0     8     -4
44.2837735539876     0.87426079419185     0     8     -4
44.2705110059638     0.874218702145798     0     8     -4
44.2572485077426     0.87410596660445     0     8     -4
44.2439860602298     0.874053283740045     0     8     -4
44.2307236643314     0.874163372942969     0     8     -4
44.2174613209532     0.874098196945003     0     8     -4
44.2041990310011     0.874088407625954     0     8     -4
44.190936795381     0.874014021350183     0     8     -4
44.1776746149988     0.874037022327629     0     8     -4
44.1644124907606     0.874040861192405     0     8     -4
44.1511504235722     0.873979476454464     0     8     -4
44.1378884143397     0.874046693912458     0     8     -4
44.1246264639691     0.874062401970504     0     8     -4
44.1113645733664     0.87402171857354     0     8     -4
44.0981027434377     0.874165268249995     0     8     -4
44.0848409750891     0.873934445004543     0     8     -4
44.0715792692266     0.874001141007888     0     8     -4
44.0583176267565     0.873989589206334     0     8     -4
44.0450560485848     0.874022429323153     0     8     -4
44.0317945356177     0.874022792460456     0     8     -4
44.0185330887614     0.874128555814286     0     8     -4
44.0052717089222     0.874035590559811     0     8     -4
43.9920103970062     0.873968899096818     0     8     -4
43.9787491539198     0.874045117581019     0     8     -4
43.9654879805692     0.873939962189309     0     8     -4
43.9522268778607     0.873945404004352     0     8     -4
43.9389658467008     0.873888066664388     0     8     -4
43.9257048879957     0.873991143432959     0     8     -4
43.912444002652     0.87386780121155     0     8     -4
43.8991831915758     0.873816157556355     0     8     -4
43.8859224556739     0.873781697793568     0     8     -4
43.8726617958525     0.873770172950897     0     8     -4
43.8594012130182     0.873866173607353     0     8     -4
43.8461407080776     0.873851365766564     0     8     -4
43.8328802819372     0.873866520311632     0     8     -4
43.8196199355036     0.873773411028164     0     8     -4
43.8063596696833     0.87385571828743     0     8     -4
43.7930994853832     0.873654368343073     0     8     -4
43.7798393835097     0.873730899386725     0     8     -4
43.7665793649697     0.87372514062356     0     8     -4
43.7533194306699     0.873704329214516     0     8     -4
43.7400595815169     0.873767191708172     0     8     -4
43.7267998184177     0.873643032853099     0     8     -4
43.7135401422791     0.873729101841612     0     8     -4
43.7002805540078     0.873790270694612     0     8     -4
43.6870210545109     0.873533561346116     0     8     -4
43.6737616446951     0.873523659200906     0     8     -4
43.6605023254675     0.873529376915876     0     8     -4
43.6472430977351     0.873364380779203     0     8     -4
43.6339839624049     0.873463682940247     0     8     -4
43.6207249203839     0.87334703345675     0     8     -4
43.6074659725792     0.873290446026716     0     8     -4
43.5942071198979     0.873332776108791     0     8     -4
43.5809483632472     0.873172813300561     0     8     -4
43.5676897035343     0.873235393976825     0     8     -4
43.5544311416664     0.873235400087254     0     8     -4
43.5411726785508     0.873066882703272     0     8     -4
43.5279143150947     0.873016572244544     0     8     -4
43.5146560522055     0.87299640049954     0     8     -4
43.5013978907905     0.872728314953278     0     8     -4
43.4881398317573     0.872845626755427     0     8     -4
43.4748818760131     0.872690512396756     0     8     -4
43.4616240244654     0.872571970189729     0     8     -4
43.4483662780219     0.872498726757682     0     8     -4
43.43510863759     0.872353548013249     0     8     -4
43.4218511040773     0.872351052406261     0     8     -4
43.4085936783915     0.872089205607815     0     8     -4
43.3953363614402     0.871950217439639     0     8     -4
43.3820791541312     0.871731057271385     0     8     -4
43.3688220573721     0.871474178246178     0     8     -4
43.3555650720708     0.871423586899092     0     8     -4
43.3423081991352     0.871185216511642     0     8     -4
43.3290514394729     0.870944795721261     0     8     -4
43.3157947939921     0.87084278484882     0     8     -4
43.3025382636006     0.870388631349531     0     8     -4
43.2892818492064     0.870263393490211     0     8     -4
43.2760255517175     0.869946965000675     0     8     -4
43.2627693720421     0.869663212388281     0     8     -4
43.2495133110882     0.869289267795268     0     8     -4
43.236257369764     0.868897215157835     0     8     -4
43.2230015489777     0.868606907383681     0     8     -4
43.2097458496376     0.86807674390246     0     8     -4
43.1964902726519     0.867576745314273     0     8     -4
43.183234818929     0.867074715670923     0     8     -4
43.1699794893773     0.866575473288778     0     8     -4
43.1567242849051     0.866079383600549     0     8     -4
43.1434692064209     0.865379693654549     0     8     -4
43.1302142548334     0.864813900026058     0     8     -4
43.1169594310509     0.863983095974347     0     8     -4
43.1037047359822     0.86319162981361     0     8     -4
43.0904501705359     0.862355714427631     0     8     -4
43.0771957356206     0.861348355223763     0     8     -4
43.0639414321452     0.860320552024614     0     8     -4
43.0506872610184     0.859048747978306     0     8     -4
43.0374332231491     0.857726865422922     0     8     -4
43.0241793194461     0.856230768260837     0     8     -4
43.0109255508184     0.854518018134121     0     8     -4
42.9976719181749     0.852767676237466     0     8     -4
42.9844184224248     0.850441483839936     0     8     -4
42.9711650644771     0.84836463490937     0     8     -4
42.9579118452409     0.845660791195295     0     8     -4
42.9446587656254     0.842648564537722     0     8     -4
42.9314058265398     0.838849486347965     0     8     -4
42.9181530288935     0.835148175083076     0     8     -4
42.9049003735958     0.830745459461849     0     8     -4
42.891647861556     0.825745189963356     0     8     -4
42.8783954936836     0.819719565348673     0     8     -4
42.865143270888     0.812623585006801     0     8     -4
42.8518911940789     0.804081633336738     0     8     -4
42.8386392641659     0.793717061486052     0     8     -4
42.8253874820585     0.782128900969798     0     8     -4
42.8121358486664     0.767904953606188     0     8     -4
42.7988843648995     0.750498374062366     0     8     -4
42.7856330316676     0.72905521477797     0     8     -4
42.7723818498804     0.704841373129921     0     8     -4
42.759130820448     0.673986552914564     0     8     -4
42.7458799442802     0.639933353148338     0     8     -4
42.7326292222872     0.599675769156117     0     8     -4
42.719378655379     0.555787248855868     0     8     -4
42.7061282444657     0.507664790938599     0     8     -4
42.6928779904575     0.462799050176696     0     8     -4
42.6796278942648     0.420628599439203     0     8     -4
42.6663779567977     0.391605619110491     0     8     -4
42.6531281789667     0.377027239781996     0     8     -4
42.6398785616822     0.376934759994766     0     8     -4
42.6266291058547     0.400958381010179     0     8     -4
42.6133798123947     0.434548610658783     0     8     -4
42.6001306822128     0.480492145637807     0     8     -4
42.5868817162196     0.525849751500884     0     8     -4
42.573632915326     0.569466904726645     0     8     -4
42.5603842804426     0.608476833701213     0     8     -4
42.5471358124802     0.644967837362052     0     8     -4
42.5338875123499     0.672657330135974     0     8     -4
42.5206393809625     0.700531813557414     0     8     -4
42.5073914192291     0.719217748996301     0     8     -4
42.4941436280607     0.73729242970506     0     8     -4
42.4808960083686     0.751331538600046     0     8     -4
42.4676485610637     0.764199285845885     0     8     -4
42.4544012870576     0.774116392027599     0     8     -4
42.4411541872613     0.783367201389931     0     8     -4
42.4279072625865     0.792076496416449     0     8     -4
42.4146605139445     0.798527193235988     0     8     -4
42.4014139422467     0.804659360815545     0     8     -4
42.3881675484049     0.809766658508057     0     8     -4
42.3749213333306     0.813704355195761     0     8     -4
42.3616752979356     0.817883744560407     0     8     -4
42.3484294431316     0.820992744678564     0     8     -4
42.3351837698304     0.823546836685671     0     8     -4
42.3219382789441     0.825886421815922     0     8     -4
42.3086929713844     0.827892270245961     0     8     -4
42.2954478480635     0.829696876329691     0     8     -4
42.2822029098935     0.831064471816444     0     8     -4
42.2689581577864     0.832409055920979     0     8     -4
42.2557135926547     0.833365721053861     0     8     -4
42.2424692154105     0.834297496790572     0     8     -4
42.2292250269662     0.835034451315278     0     8     -4
42.2159810282344     0.835556598610496     0     8     -4
42.2027372201273     0.835981472616558     0     8     -4
42.1894936035578     0.836292511824757     0     8     -4
42.1762501794383     0.836327844538603     0     8     -4
42.1630069486816     0.836596223645369     0     8     -4
42.1497639122005     0.836553261409238     0     8     -4
42.1365210709078     0.836394177194003     0     8     -4
42.1232784257165     0.836144582644412     0     8     -4
42.1100359775395     0.835781052495315     0     8     -4
42.09679372729     0.835316456834464     0     8     -4
42.083551675881     0.834507034622243     0     8     -4
42.0703098242257     0.83466162038569     0     8     -4
42.0570681732375     0.83383609474408     0     8     -4
42.0438267238296     0.832968845367935     0     8     -4
42.0305854769156     0.832252623126648     0     8     -4
42.0173444334088     0.831297817168646     0     8     -4
42.0041035942229     0.82983472762374     0     8     -4
41.9908629602715     0.828667541224757     0     8     -4
41.9776225324684     0.828435516888981     0     8     -4
41.9643823117272     0.827673412493745     0     8     -4
41.9511422989619     0.826197024354431     0     8     -4
41.9379024950865     0.824748645960801     0     8     -4
41.9246629010149     0.823659325377352     0     8     -4
41.9114235176612     0.822494734746173     0     8     -4
41.8981843459396     0.820517920723312     0     8     -4
41.8849453867643     0.820078389185783     0     8     -4
41.8717066410497     0.818480871299696     0     8     -4
41.8584681097102     0.81682677635592     0     8     -4
41.8452297936601     0.814815232157766     0     8     -4
41.8319916938142     0.813138328635307     0     8     -4
41.8187538110869     0.811144977370661     0     8     -4
41.8055161463931     0.808530730803482     0     8     -4
41.7922787006474     0.808233693624278     0     8     -4
41.7790414747648     0.80570724107667     0     8     -4
41.7658044696602     0.803239476845197     0     8     -4
41.7525676862486     0.801260370410374     0     8     -4
41.7393311254452     0.799244103047272     0     8     -4
41.726094788165     0.796505839494141     0     8     -4
41.7128586753234     0.792866490248637     0     8     -4
41.6996227878358     0.792303939015321     0     8     -4
41.6863871266174     0.789478355494039     0     8     -4
41.673151692584     0.786650787423631     0     8     -4
41.6599164866509     0.783342259793473     0     8     -4
41.646681509734     0.780729600746254     0     8     -4
41.6334467627489     0.777667146256929     0     8     -4
41.6202122466115     0.774531408966096     0     8     -4
41.6069779622377     0.773749439072113     0     8     -4
41.5937439105435     0.771145832405593     0     8     -4
41.580510092445     0.766824392551426     0     8     -4
41.5672765088584     0.763512300617227     0     8     -4
41.5540431606999     0.761759361267576     0     8     -4
41.5408100488858     0.757373911476134     0     8     -4
41.5275771743327     0.753151327072292     0     8     -4
41.5143445379569     0.753011329863873     0     8     -4
41.5011121406751     0.748554220294297     0     8     -4
41.487879983404     0.744786172286386     0     8     -4
41.4746480670603     0.741549884859322     0     8     -4
41.4614163925608     0.737722412215975     0     8     -4
41.4481849608227     0.732642355282291     0     8     -4
41.4349537727627     0.729122946008828     0     8     -4
41.4217228292982     0.727541578462664     0     8     -4
41.4084921313462     0.723257154414791     0     8     -4
41.395261679824     0.718600390244444     0     8     -4
41.3820314756491     0.714404597999824     0     8     -4
41.368801519739     0.708454141535686     0     8     -4
41.3555718130111     0.702415088285618     0     8     -4
41.3423423563831     0.697103913556221     0     8     -4
41.3291131507728     0.697407322554966     0     8     -4
41.315884197098     0.692971784692075     0     8     -4
41.3026554962766     0.688146672445916     0     8     -4
41.2894270492266     0.683808291752692     0     8     -4
41.2761988568661     0.67982101861071     0     8     -4
41.2629709201134     0.673803997828158     0     8     -4
41.2497432398867     0.668342063180685     0     8     -4
41.2365158171043     0.668882402914944     0     8     -4
41.2232886526848     0.664087237991805     0     8     -4
41.2100617475467     0.657848570312547     0     8     -4
41.1968351026086     0.654336486541381     0     8     -4
41.1836087187894     0.647110214704641     0     8     -4
41.1703825970079     0.641767909068491     0     8     -4
41.1571567381829     0.636731423976773     0     8     -4
41.1439311432336     0.638338182355524     0     8     -4
41.130705813079     0.63286538793457     0     8     -4
41.1174807486384     0.628836320067691     0     8     -4
41.1042559508312     0.623954482780428     0     8     -4
41.0910314205766     0.620718620120549     0     8     -4
41.0778071587943     0.61296086188448     0     8     -4
41.0645831664038     0.608964514427104     0     8     -4
41.0513594443248     0.610915576778002     0     8     -4
41.0381359934772     0.606043458609677     0     8     -4
41.0249128147808     0.601273444059734     0     8     -4
41.0116899091557     0.599563222130544     0     8     -4
40.9984672775219     0.593643603690222     0     8     -4
40.9852449207996     0.590831766738583     0     8     -4
40.9720228399091     0.582890672204909     0     8     -4
40.9588010357708     0.58864475769779     0     8     -4
40.9455795093053     0.584187501792838     0     8     -4
40.932358261433     0.580809863067741     0     8     -4
40.9191372930747     0.580787056776665     0     8     -4
40.9059166051511     0.574898466744432     0     8     -4
40.8926961985833     0.569602199574831     0     8     -4
40.8794760742921     0.575251789435282     0     8     -4
40.8662562331986     0.57230819900625     0     8     -4
40.8530366762241     0.569297612783187     0     8     -4
40.8398174042898     0.564546310643047     0     8     -4
40.8265984183172     0.563715953403876     0     8     -4
40.8133797192277     0.558018055015058     0     8     -4
40.800161307943     0.556092132746119     0     8     -4
40.7869431853848     0.561859070793275     0     8     -4
40.7737253524748     0.557763049147739     0     8     -4
40.7605078101351     0.553561759941961     0     8     -4
40.7472905592876     0.549476386241383     0     8     -4
40.7340736008544     0.550522048568564     0     8     -4
40.7208569357578     0.544761630789264     0     8     -4
40.7076405649202     0.540748154878083     0     8     -4
40.6944244892639     0.547386232739387     0     8     -4
40.6812087097115     0.544686257101449     0     8     -4
40.6679932271857     0.540894760684866     0     8     -4
40.6547780426093     0.536659039046606     0     8     -4
40.6415631569051     0.536136325301221     0     8     -4
40.628348570996     0.532088594053181     0     8     -4
40.6151342858053     0.529876837360803     0     8     -4
40.601920302256     0.537445305751023     0     8     -4
40.5887066212714     0.536253755939455     0     8     -4
40.5754932437751     0.530737977542739     0     8     -4
40.5622801706905     0.528585966298479     0     8     -4
40.5490674029412     0.527191268711884     0     8     -4
40.5358549414509     0.525483140254985     0     8     -4
40.5226427871436     0.518365048304038     0     8     -4
40.5094309409432     0.529019861504828     0     8     -4
40.4962194037737     0.524887499657819     0     8     -4
40.4830081765594     0.52144319254089     0     8     -4
40.4697972602245     0.520004252549618     0     8     -4
40.4565866556934     0.518113060981832     0     8     -4
40.4433763638906     0.512943846714459     0     8     -4
40.4301663857409     0.511778206361189     0     8     -4
40.4169567221688     0.517807107150854     0     8     -4
40.4037473740993     0.515274976747477     0     8     -4
40.3905383424574     0.509676347175768     0     8     -4
40.3773296281681     0.510348228861868     0     8     -4
40.3641212321566     0.504473067691697     0     8     -4
