44.9867361074297     0.873405897651629     0     -6     -10
44.9734722157648     0.873158589816113     0     -6     -10
44.9602083259105     0.873423205097819     0     -6     -10
44.9469444387722     0.872976085152931     0     -6     -10
44.9336805552553     0.873379860880029     0     -6     -10
44.9204166762651     0.87324255572361     0     -6     -10
44.9071528027069     0.873298530991862     0     -6     -10
44.8938889354862     0.873341752552858     0     -6     -10
44.8806250755081     0.873043650293281     0     -6     -10
44.8673612236781     0.873376712275272     0     -6     -10
44.8540973809016     0.872858937793318     0     -6     -10
44.8408335480838     0.873056681691841     0     -6     -10
44.8275697261302     0.873035846416729     0     -6     -10
44.8143059159461     0.873137241433474     0     -6     -10
44.8010421184369     0.873442335921152     0     -6     -10
44.7877783345079     0.872932531980419     0     -6     -10
44.7745145650645     0.873096551144963     0     -6     -10
44.7612508110122     0.872903749192361     0     -6     -10
44.7479870732562     0.872904916021355     0     -6     -10
44.7347233527021     0.872860168293741     0     -6     -10
44.7214596502551     0.872499736191696     0     -6     -10
44.7081959668207     0.873296471114376     0     -6     -10
44.6949323033044     0.872680220419335     0     -6     -10
44.6816686606115     0.873069642079294     0     -6     -10
44.6684050396474     0.87311699638745     0     -6     -10
44.6551414413176     0.872683780585877     0     -6     -10
44.6418778665275     0.872723817578756     0     -6     -10
44.6286143161827     0.872604995248966     0     -6     -10
44.6153507911885     0.872737219849484     0     -6     -10
44.6020872924504     0.872830990198378     0     -6     -10
44.5888238208739     0.872595407493671     0     -6     -10
44.5755603773645     0.872809801114656     0     -6     -10
44.5622969628277     0.872564294839114     0     -6     -10
44.549033578169     0.872493084929053     0     -6     -10
44.5357702242939     0.872557839416784     0     -6     -10
44.522506902108     0.872463129700692     0     -6     -10
44.5092436125167     0.87243609370054     0     -6     -10
44.4959803564257     0.872148847922933     0     -6     -10
44.4827171347406     0.872347257058749     0     -6     -10
44.4694539483668     0.872312426291932     0     -6     -10
44.45619079821     0.871960217784672     0     -6     -10
44.4429276851758     0.872359153005543     0     -6     -10
44.4296646101698     0.871806545478771     0     -6     -10
44.4164015740977     0.872091634116244     0     -6     -10
44.4031385778651     0.872171927827792     0     -6     -10
44.3898756223776     0.871843619020566     0     -6     -10
44.376612708541     0.871916614642277     0     -6     -10
44.3633498372608     0.871813327519155     0     -6     -10
44.3500870094429     0.871755757706342     0     -6     -10
44.336824225993     0.871531604124578     0     -6     -10
44.3235614878167     0.871638122134344     0     -6     -10
44.3102987958199     0.871221157451037     0     -6     -10
44.2970361509082     0.871538620466836     0     -6     -10
44.2837735539876     0.870932993251635     0     -6     -10
44.2705110059638     0.871474905465751     0     -6     -10
44.2572485077426     0.871166324488757     0     -6     -10
44.2439860602298     0.871175086160262     0     -6     -10
44.2307236643314     0.870894104382887     0     -6     -10
44.2174613209532     0.871061159179164     0     -6     -10
44.2041990310011     0.871120981154288     0     -6     -10
44.190936795381     0.87104687476792     0     -6     -10
44.1776746149988     0.871095138512386     0     -6     -10
44.1644124907606     0.87104242311224     0     -6     -10
44.1511504235722     0.870796437829698     0     -6     -10
44.1378884143397     0.870935565440892     0     -6     -10
44.1246264639691     0.870760308404444     0     -6     -10
44.1113645733664     0.870839345453328     0     -6     -10
44.0981027434377     0.870486465848448     0     -6     -10
44.0848409750891     0.870729082250863     0     -6     -10
44.0715792692266     0.870416902279151     0     -6     -10
44.0583176267565     0.870866204224806     0     -6     -10
44.0450560485848     0.870219320207309     0     -6     -10
44.0317945356177     0.870610360456014     0     -6     -10
44.0185330887614     0.870054883836221     0     -6     -10
44.0052717089222     0.870348670516603     0     -6     -10
43.9920103970062     0.870190468892343     0     -6     -10
43.9787491539198     0.870271689409345     0     -6     -10
43.9654879805692     0.870134155898101     0     -6     -10
43.9522268778607     0.87030338215198     0     -6     -10
43.9389658467008     0.869954553510217     0     -6     -10
43.9257048879957     0.870251380775748     0     -6     -10
43.912444002652     0.869693556580214     0     -6     -10
43.8991831915758     0.870095698712477     0     -6     -10
43.8859224556739     0.869853993992979     0     -6     -10
43.8726617958525     0.870067654311429     0     -6     -10
43.8594012130182     0.869838971286551     0     -6     -10
43.8461407080776     0.869982718774053     0     -6     -10
43.8328802819372     0.869694563042925     0     -6     -10
43.8196199355036     0.869809872537401     0     -6     -10
43.8063596696833     0.869544949256055     0     -6     -10
43.7930994853832     0.869789672274549     0     -6     -10
43.7798393835097     0.869457000589836     0     -6     -10
43.7665793649697     0.869668943328511     0     -6     -10
43.7533194306699     0.869562856453577     0     -6     -10
43.7400595815169     0.869642022659547     0     -6     -10
43.7267998184177     0.86932263987977     0     -6     -10
43.7135401422791     0.869301903247607     0     -6     -10
43.7002805540078     0.869501570261708     0     -6     -10
43.6870210545109     0.869367417434402     0     -6     -10
43.6737616446951     0.869172168264824     0     -6     -10
43.6605023254675     0.869094714863831     0     -6     -10
43.6472430977351     0.869181169979134     0     -6     -10
43.6339839624049     0.868911105541398     0     -6     -10
43.6207249203839     0.869131559046684     0     -6     -10
43.6074659725792     0.868717767552284     0     -6     -10
43.5942071198979     0.869069220489012     0     -6     -10
43.5809483632472     0.869097408178921     0     -6     -10
43.5676897035343     0.869079027655356     0     -6     -10
43.5544311416664     0.869006633765187     0     -6     -10
43.5411726785508     0.868605289600195     0     -6     -10
43.5279143150947     0.868754610355413     0     -6     -10
43.5146560522055     0.868880315788665     0     -6     -10
43.5013978907905     0.868865324553677     0     -6     -10
43.4881398317573     0.868936742216679     0     -6     -10
43.4748818760131     0.868863577396581     0     -6     -10
43.4616240244654     0.868564287661752     0     -6     -10
43.4483662780219     0.868714638994796     0     -6     -10
43.43510863759     0.868795748478089     0     -6     -10
43.4218511040773     0.868583997921852     0     -6     -10
43.4085936783915     0.868475997150889     0     -6     -10
43.3953363614402     0.868585767428976     0     -6     -10
43.3820791541312     0.868691745962443     0     -6     -10
43.3688220573721     0.868243364676799     0     -6     -10
43.3555650720708     0.868445822764822     0     -6     -10
43.3423081991352     0.868300457776362     0     -6     -10
43.3290514394729     0.868606061655002     0     -6     -10
43.3157947939921     0.868374031544694     0     -6     -10
43.3025382636006     0.868243605828811     0     -6     -10
43.2892818492064     0.868446349154654     0     -6     -10
43.2760255517175     0.868539747005206     0     -6     -10
43.2627693720421     0.868411254227057     0     -6     -10
43.2495133110882     0.868304504953779     0     -6     -10
43.236257369764     0.868420883472588     0     -6     -10
43.2230015489777     0.868424930088693     0     -6     -10
43.2097458496376     0.868427595787443     0     -6     -10
43.1964902726519     0.867980458531636     0     -6     -10
43.183234818929     0.868270433862102     0     -6     -10
43.1699794893773     0.868329750503308     0     -6     -10
43.1567242849051     0.868407562804701     0     -6     -10
43.1434692064209     0.868334977258355     0     -6     -10
43.1302142548334     0.868358197979224     0     -6     -10
43.1169594310509     0.868365558846435     0     -6     -10
43.1037047359822     0.867892625876076     0     -6     -10
43.0904501705359     0.868279348811986     0     -6     -10
43.0771957356206     0.868041372463675     0     -6     -10
43.0639414321452     0.868337112764184     0     -6     -10
43.0506872610184     0.868134888517188     0     -6     -10
43.0374332231491     0.868103628293083     0     -6     -10
43.0241793194461     0.868053571246554     0     -6     -10
43.0109255508184     0.868011938631876     0     -6     -10
42.9976719181749     0.867990542567476     0     -6     -10
42.9844184224248     0.867971997446443     0     -6     -10
42.9711650644771     0.86804668656065     0     -6     -10
42.9579118452409     0.86804799299699     0     -6     -10
42.9446587656254     0.868105420972555     0     -6     -10
42.9314058265398     0.868317813758977     0     -6     -10
42.9181530288935     0.868154087922538     0     -6     -10
42.9049003735958     0.86804907581557     0     -6     -10
42.891647861556     0.868183971937892     0     -6     -10
42.8783954936836     0.868006100094394     0     -6     -10
42.865143270888     0.867951127802143     0     -6     -10
42.8518911940789     0.867863921239958     0     -6     -10
42.8386392641659     0.867739745535138     0     -6     -10
42.8253874820585     0.868073732151216     0     -6     -10
42.8121358486664     0.867873122112745     0     -6     -10
42.7988843648995     0.86799376577617     0     -6     -10
42.7856330316676     0.867777205529575     0     -6     -10
42.7723818498804     0.867895395351566     0     -6     -10
42.759130820448     0.867681334346808     0     -6     -10
42.7458799442802     0.86792406139818     0     -6     -10
42.7326292222872     0.867842870370934     0     -6     -10
42.719378655379     0.867725957796903     0     -6     -10
42.7061282444657     0.867654545420648     0     -6     -10
42.6928779904575     0.867877240408736     0     -6     -10
42.6796278942648     0.867814979079833     0     -6     -10
42.6663779567977     0.867754046682068     0     -6     -10
42.6531281789667     0.867483483390637     0     -6     -10
42.6398785616822     0.867718141769997     0     -6     -10
42.6266291058547     0.867517168908464     0     -6     -10
42.6133798123947     0.867711853690065     0     -6     -10
42.6001306822128     0.86751091081244     0     -6     -10
42.5868817162196     0.867680937877088     0     -6     -10
42.573632915326     0.867324094685755     0     -6     -10
42.5603842804426     0.867752603800671     0     -6     -10
42.5471358124802     0.867249353174963     0     -6     -10
42.5338875123499     0.867700804797598     0     -6     -10
42.5206393809625     0.86748982835064     0     -6     -10
42.5073914192291     0.867471139472873     0     -6     -10
42.4941436280607     0.867482873791107     0     -6     -10
42.4808960083686     0.867312132122239     0     -6     -10
42.4676485610637     0.867311839277038     0     -6     -10
42.4544012870576     0.867301212803942     0     -6     -10
42.4411541872613     0.867324697006173     0     -6     -10
42.4279072625865     0.867186080243171     0     -6     -10
42.4146605139445     0.867390695755626     0     -6     -10
42.4014139422467     0.866826299632992     0     -6     -10
42.3881675484049     0.867213115769776     0     -6     -10
42.3749213333306     0.86727404266863     0     -6     -10
42.3616752979356     0.867198064637499     0     -6     -10
42.3484294431316     0.866991630258772     0     -6     -10
42.3351837698304     0.866865690157362     0     -6     -10
42.3219382789441     0.866879031724687     0     -6     -10
42.3086929713844     0.86675172347985     0     -6     -10
42.2954478480635     0.866919578083207     0     -6     -10
42.2822029098935     0.867046217776153     0     -6     -10
42.2689581577864     0.866915058468113     0     -6     -10
42.2557135926547     0.86686934606213     0     -6     -10
42.2424692154105     0.866682311063277     0     -6     -10
42.2292250269662     0.866882622171536     0     -6     -10
42.2159810282344     0.866595400376175     0     -6     -10
42.2027372201273     0.866723339299244     0     -6     -10
42.1894936035578     0.866909659849696     0     -6     -10
42.1762501794383     0.866403777618131     0     -6     -10
42.1630069486816     0.866580348143156     0     -6     -10
42.1497639122005     0.866773907315357     0     -6     -10
42.1365210709078     0.866453201946524     0     -6     -10
42.1232784257165     0.866608079421689     0     -6     -10
42.1100359775395     0.866417724813776     0     -6     -10
42.09679372729     0.866346994222821     0     -6     -10
42.083551675881     0.866331664311084     0     -6     -10
42.0703098242257     0.86637093670468     0     -6     -10
42.0570681732375     0.86629240790366     0     -6     -10
42.0438267238296     0.866231553735811     0     -6     -10
42.0305854769156     0.866326196481445     0     -6     -10
42.0173444334088     0.866364201322049     0     -6     -10
42.0041035942229     0.866212642361634     0     -6     -10
41.9908629602715     0.866283052176369     0     -6     -10
41.9776225324684     0.866328658810887     0     -6     -10
41.9643823117272     0.866004934120594     0     -6     -10
41.9511422989619     0.866292648026502     0     -6     -10
41.9379024950865     0.866040339282616     0     -6     -10
41.9246629010149     0.866139881925803     0     -6     -10
41.9114235176612     0.866547176787129     0     -6     -10
41.8981843459396     0.866237348657753     0     -6     -10
41.8849453867643     0.866580613887082     0     -6     -10
41.8717066410497     0.866358062010938     0     -6     -10
41.8584681097102     0.866130215618508     0     -6     -10
41.8452297936601     0.865672310081004     0     -6     -10
41.8319916938142     0.865503569944596     0     -6     -10
41.8187538110869     0.864806178205562     0     -6     -10
41.8055161463931     0.863491195130617     0     -6     -10
41.7922787006474     0.862673699799294     0     -6     -10
41.7790414747648     0.860346975489843     0     -6     -10
41.7658044696602     0.855047019911561     0     -6     -10
41.7525676862486     0.845761623681365     0     -6     -10
41.7393311254452     0.832020197971258     0     -6     -10
41.726094788165     0.803439712038851     0     -6     -10
41.7128586753234     0.736172826512008     0     -6     -10
41.6996227878358     0.637368174239291     0     -6     -10
41.6863871266174     0.580796802375404     0     -6     -10
41.673151692584     0.621629537062541     0     -6     -10
41.6599164866509     0.692215894405929     0     -6     -10
41.646681509734     0.740347983109911     0     -6     -10
41.6334467627489     0.764577364870902     0     -6     -10
41.6202122466115     0.78240728195065     0     -6     -10
41.6069779622377     0.788563702101394     0     -6     -10
41.5937439105435     0.790216408019608     0     -6     -10
41.580510092445     0.794330604761114     0     -6     -10
41.5672765088584     0.796144375223906     0     -6     -10
41.5540431606999     0.791558039656027     0     -6     -10
41.5408100488858     0.784067181141898     0     -6     -10
41.5275771743327     0.776869351973326     0     -6     -10
41.5143445379569     0.764741102081897     0     -6     -10
41.5011121406751     0.746256049863451     0     -6     -10
41.487879983404     0.712162835238807     0     -6     -10
41.4746480670603     0.668965768853282     0     -6     -10
41.4614163925608     0.602055500240547     0     -6     -10
41.4481849608227     0.526418100346955     0     -6     -10
41.4349537727627     0.456899418378832     0     -6     -10
41.4217228292982     0.408757897727911     0     -6     -10
41.4084921313462     0.397472200436543     0     -6     -10
41.395261679824     0.433391930210399     0     -6     -10
41.3820314756491     0.480318439132443     0     -6     -10
41.368801519739     0.509353902573969     0     -6     -10
41.3555718130111     0.544999447484213     0     -6     -10
41.3423423563831     0.592150714243237     0     -6     -10
41.3291131507728     0.630368021599127     0     -6     -10
41.315884197098     0.643124230028522     0     -6     -10
41.3026554962766     0.660806042203633     0     -6     -10
41.2894270492266     0.684350223321302     0     -6     -10
41.2761988568661     0.700114357433122     0     -6     -10
41.2629709201134     0.700651430382841     0     -6     -10
41.2497432398867     0.70453350098744     0     -6     -10
41.2365158171043     0.715607578648363     0     -6     -10
41.2232886526848     0.719436130862118     0     -6     -10
41.2100617475467     0.712617432370165     0     -6     -10
41.1968351026086     0.70820164782506     0     -6     -10
41.1836087187894     0.710692617443283     0     -6     -10
41.1703825970079     0.706066705160064     0     -6     -10
41.1571567381829     0.690442849915508     0     -6     -10
41.1439311432336     0.675382034266606     0     -6     -10
41.130705813079     0.665618811133712     0     -6     -10
41.1174807486384     0.643219460981061     0     -6     -10
41.1042559508312     0.60827474564095     0     -6     -10
41.0910314205766     0.573147630513097     0     -6     -10
41.0778071587943     0.540121231422198     0     -6     -10
41.0645831664038     0.494197265176167     0     -6     -10
41.0513594443248     0.447929335733865     0     -6     -10
41.0381359934772     0.405085779550633     0     -6     -10
41.0249128147808     0.364523564653813     0     -6     -10
41.0116899091557     0.335374976049709     0     -6     -10
40.9984672775219     0.327422118419554     0     -6     -10
40.9852449207996     0.304722255653662     0     -6     -10
40.9720228399091     0.291971265199632     0     -6     -10
40.9588010357708     0.320016755202069     0     -6     -10
40.9455795093053     0.336185513222517     0     -6     -10
40.932358261433     0.332474530480344     0     -6     -10
40.9191372930747     0.362575483613617     0     -6     -10
40.9059166051511     0.406284962427868     0     -6     -10
40.8926961985833     0.412114332896234     0     -6     -10
40.8794760742921     0.42849513638106     0     -6     -10
40.8662562331986     0.468921621119702     0     -6     -10
40.8530366762241     0.488174500596582     0     -6     -10
40.8398174042898     0.48527431271249     0     -6     -10
40.8265984183172     0.511361571378877     0     -6     -10
40.8133797192277     0.533658174354741     0     -6     -10
40.800161307943     0.527271237612276     0     -6     -10
40.7869431853848     0.531719759299728     0     -6     -10
40.7737253524748     0.551381966701349     0     -6     -10
40.7605078101351     0.550049388570169     0     -6     -10
40.7472905592876     0.53620813729736     0     -6     -10
40.7340736008544     0.541738535312458     0     -6     -10
40.7208569357578     0.546806641852376     0     -6     -10
40.7076405649202     0.530139570289852     0     -6     -10
40.6944244892639     0.514842214807034     0     -6     -10
40.6812087097115     0.515996570449374     0     -6     -10
40.6679932271857     0.501276736669027     0     -6     -10
40.6547780426093     0.475317231099062     0     -6     -10
40.6415631569051     0.46201231509292     0     -6     -10
40.628348570996     0.450275140459979     0     -6     -10
40.6151342858053     0.419900613784206     0     -6     -10
40.601920302256     0.391122658460372     0     -6     -10
40.5887066212714     0.372435748391176     0     -6     -10
40.5754932437751     0.345279742633552     0     -6     -10
40.5622801706905     0.314834731011967     0     -6     -10
40.5490674029412     0.296288360194643     0     -6     -10
40.5358549414509     0.26873468337757     0     -6     -10
40.5226427871436     0.24533019318866     0     -6     -10
40.5094309409432     0.232772055481776     0     -6     -10
40.4962194037737     0.213665113111082     0     -6     -10
40.4830081765594     0.192717331510261     0     -6     -10
40.4697972602245     0.196100088884914     0     -6     -10
40.4565866556934     0.195176164601453     0     -6     -10
40.4433763638906     0.178092462262273     0     -6     -10
40.4301663857409     0.184755648899656     0     -6     -10
40.4169567221688     0.205742418735686     0     -6     -10
40.4037473740993     0.201268742249223     0     -6     -10
40.3905383424574     0.196871081353015     0     -6     -10
40.3773296281681     0.223903973978642     0     -6     -10
40.3641212321566     0.242012072208644     0     -6     -10
