44.9867361074297     0.0745414561482688     0     10     10
44.9734722157648     0.0753879234682076     0     10     10
44.9602083259105     0.0749104739341216     0     10     10
44.9469444387722     0.0748957700648042     0     10     10
44.9336805552553     0.0750089485292544     0     10     10
44.9204166762651     0.0750876760321442     0     10     10
44.9071528027069     0.0757286637134801     0     10     10
44.8938889354862     0.0753878563485114     0     10     10
44.8806250755081     0.0756991088188769     0     10     10
44.8673612236781     0.0759180139607169     0     10     10
44.8540973809016     0.0759708644684403     0     10     10
44.8408335480838     0.0754343766721291     0     10     10
44.8275697261302     0.0759026289695484     0     10     10
44.8143059159461     0.0756671809173375     0     10     10
44.8010421184369     0.0761766941612855     0     10     10
44.7877783345079     0.0759199829851668     0     10     10
44.7745145650645     0.0762926358376464     0     10     10
44.7612508110122     0.0762180168750958     0     10     10
44.7479870732562     0.0761714805524603     0     10     10
44.7347233527021     0.0758781210445076     0     10     10
44.7214596502551     0.0760865615288379     0     10     10
44.7081959668207     0.0761839471798517     0     10     10
44.6949323033044     0.0762485131236282     0     10     10
44.6816686606115     0.076166118216561     0     10     10
44.6684050396474     0.0762470189517047     0     10     10
44.6551414413176     0.0763493304292374     0     10     10
44.6418778665275     0.0762443001801687     0     10     10
44.6286143161827     0.0761723523665999     0     10     10
44.6153507911885     0.0766613845753626     0     10     10
44.6020872924504     0.0762315600909465     0     10     10
44.5888238208739     0.0766924728364737     0     10     10
44.5755603773645     0.0765002591802297     0     10     10
44.5622969628277     0.0765285392574096     0     10     10
44.549033578169     0.0764965318388585     0     10     10
44.5357702242939     0.0760659536124292     0     10     10
44.522506902108     0.0762972812988113     0     10     10
44.5092436125167     0.0768506216371699     0     10     10
44.4959803564257     0.0767557167776366     0     10     10
44.4827171347406     0.0768981844070508     0     10     10
44.4694539483668     0.0766797700287561     0     10     10
44.45619079821     0.0771790115023368     0     10     10
44.4429276851758     0.0769084398100583     0     10     10
44.4296646101698     0.0769592739376328     0     10     10
44.4164015740977     0.077291228095935     0     10     10
44.4031385778651     0.0774175481477143     0     10     10
44.3898756223776     0.0770565746745174     0     10     10
44.376612708541     0.0772380832585228     0     10     10
44.3633498372608     0.0775884884848907     0     10     10
44.3500870094429     0.0775344152771308     0     10     10
44.336824225993     0.0776723822883879     0     10     10
44.3235614878167     0.0779336336268508     0     10     10
44.3102987958199     0.0775647555966909     0     10     10
44.2970361509082     0.0779881127800408     0     10     10
44.2837735539876     0.0777981844082313     0     10     10
44.2705110059638     0.0781865726439007     0     10     10
44.2572485077426     0.0778155550000996     0     10     10
44.2439860602298     0.077959935390238     0     10     10
44.2307236643314     0.0786699784547059     0     10     10
44.2174613209532     0.0779101485430933     0     10     10
44.2041990310011     0.0778753074175574     0     10     10
44.190936795381     0.0785045720126741     0     10     10
44.1776746149988     0.0785838644423036     0     10     10
44.1644124907606     0.0783239755971472     0     10     10
44.1511504235722     0.0782409163868117     0     10     10
44.1378884143397     0.077916547373022     0     10     10
44.1246264639691     0.0785997964405773     0     10     10
44.1113645733664     0.078485228583914     0     10     10
44.0981027434377     0.0782150523343971     0     10     10
44.0848409750891     0.0780040351898864     0     10     10
44.0715792692266     0.0783789068038393     0     10     10
44.0583176267565     0.07879250505213     0     10     10
44.0450560485848     0.0787853023638195     0     10     10
44.0317945356177     0.0788707631887669     0     10     10
44.0185330887614     0.0787643562645425     0     10     10
44.0052717089222     0.0788522862536965     0     10     10
43.9920103970062     0.0792938385423691     0     10     10
43.9787491539198     0.0785586333960438     0     10     10
43.9654879805692     0.0787121308376741     0     10     10
43.9522268778607     0.0794264290159512     0     10     10
43.9389658467008     0.0794048034180629     0     10     10
43.9257048879957     0.0791926238687088     0     10     10
43.912444002652     0.0793511131525668     0     10     10
43.8991831915758     0.0793023921469177     0     10     10
43.8859224556739     0.0792018962843053     0     10     10
43.8726617958525     0.0795264916159994     0     10     10
43.8594012130182     0.0792998625172378     0     10     10
43.8461407080776     0.0796843655920051     0     10     10
43.8328802819372     0.0798250186001994     0     10     10
43.8196199355036     0.0793937210840464     0     10     10
43.8063596696833     0.079855765817957     0     10     10
43.7930994853832     0.0800416013659762     0     10     10
43.7798393835097     0.0801521431059474     0     10     10
43.7665793649697     0.0795550378196123     0     10     10
43.7533194306699     0.0798453956689061     0     10     10
43.7400595815169     0.0799329727438736     0     10     10
43.7267998184177     0.0797813217820663     0     10     10
43.7135401422791     0.0799971973830265     0     10     10
43.7002805540078     0.0803185312097876     0     10     10
43.6870210545109     0.0807366374861991     0     10     10
43.6737616446951     0.0801593158625019     0     10     10
43.6605023254675     0.0802830797387309     0     10     10
43.6472430977351     0.0809225263569326     0     10     10
43.6339839624049     0.0803896251972685     0     10     10
43.6207249203839     0.0805165654694567     0     10     10
43.6074659725792     0.0803081586438673     0     10     10
43.5942071198979     0.0806739622094471     0     10     10
43.5809483632472     0.0807977964518345     0     10     10
43.5676897035343     0.0806938074466503     0     10     10
43.5544311416664     0.0810027471619578     0     10     10
43.5411726785508     0.0804996719307149     0     10     10
43.5279143150947     0.0807353761705328     0     10     10
43.5146560522055     0.0812118952066634     0     10     10
43.5013978907905     0.0809659770360148     0     10     10
43.4881398317573     0.0808697982170526     0     10     10
43.4748818760131     0.0809183794880561     0     10     10
43.4616240244654     0.0812605486765763     0     10     10
43.4483662780219     0.0811220038363492     0     10     10
43.43510863759     0.0816073401465225     0     10     10
43.4218511040773     0.0815330190619683     0     10     10
43.4085936783915     0.0814611413610915     0     10     10
43.3953363614402     0.0816027043454111     0     10     10
43.3820791541312     0.0816063919981705     0     10     10
43.3688220573721     0.0818371607578011     0     10     10
43.3555650720708     0.0819523381009828     0     10     10
43.3423081991352     0.0820532980075502     0     10     10
43.3290514394729     0.0814374169079068     0     10     10
43.3157947939921     0.0819704749302489     0     10     10
43.3025382636006     0.0811810034914483     0     10     10
43.2892818492064     0.0819956158429847     0     10     10
43.2760255517175     0.0820410320361729     0     10     10
43.2627693720421     0.0823951700010889     0     10     10
43.2495133110882     0.0819975416978566     0     10     10
43.236257369764     0.0817892251949295     0     10     10
43.2230015489777     0.0820769463164915     0     10     10
43.2097458496376     0.0823306280531764     0     10     10
43.1964902726519     0.0821345197302016     0     10     10
43.183234818929     0.082300790061629     0     10     10
43.1699794893773     0.0827138305287665     0     10     10
43.1567242849051     0.0821452737639873     0     10     10
43.1434692064209     0.0820922260156017     0     10     10
43.1302142548334     0.0825521395575565     0     10     10
43.1169594310509     0.0825174252025693     0     10     10
43.1037047359822     0.0825390627349869     0     10     10
43.0904501705359     0.0826928302624306     0     10     10
43.0771957356206     0.0829625684310333     0     10     10
43.0639414321452     0.0826724012796441     0     10     10
43.0506872610184     0.0828180655182468     0     10     10
43.0374332231491     0.082926228499311     0     10     10
43.0241793194461     0.0829787039380971     0     10     10
43.0109255508184     0.0830290635752023     0     10     10
42.9976719181749     0.0831922837892242     0     10     10
42.9844184224248     0.0828833002700573     0     10     10
42.9711650644771     0.0832105711724056     0     10     10
42.9579118452409     0.0831670832666814     0     10     10
42.9446587656254     0.0830793441870427     0     10     10
42.9314058265398     0.0831842440006322     0     10     10
42.9181530288935     0.0829381180094085     0     10     10
42.9049003735958     0.0829624150845527     0     10     10
42.891647861556     0.0830913173703734     0     10     10
42.8783954936836     0.0832589288949464     0     10     10
42.865143270888     0.0827863315329102     0     10     10
42.8518911940789     0.082914226361869     0     10     10
42.8386392641659     0.0833078078089313     0     10     10
42.8253874820585     0.0833871648659197     0     10     10
42.8121358486664     0.0839451867391038     0     10     10
42.7988843648995     0.0833387005688051     0     10     10
42.7856330316676     0.083935384383545     0     10     10
42.7723818498804     0.0839085878024909     0     10     10
42.759130820448     0.0838940565631156     0     10     10
42.7458799442802     0.08425111759944     0     10     10
42.7326292222872     0.0839113711723123     0     10     10
42.719378655379     0.0843507437733734     0     10     10
42.7061282444657     0.0837493772786655     0     10     10
42.6928779904575     0.0841499438708526     0     10     10
42.6796278942648     0.0841847245830118     0     10     10
42.6663779567977     0.0841135996273184     0     10     10
42.6531281789667     0.0845927042420631     0     10     10
42.6398785616822     0.0843603164361201     0     10     10
42.6266291058547     0.08467984847152     0     10     10
42.6133798123947     0.0841155949663237     0     10     10
42.6001306822128     0.0844442349860854     0     10     10
42.5868817162196     0.0848407186408538     0     10     10
42.573632915326     0.0845996912231598     0     10     10
42.5603842804426     0.0849168063427713     0     10     10
42.5471358124802     0.0844295634995628     0     10     10
42.5338875123499     0.0844118934719526     0     10     10
42.5206393809625     0.0843375973558791     0     10     10
42.5073914192291     0.0849298955294905     0     10     10
42.4941436280607     0.0849082623600736     0     10     10
42.4808960083686     0.084610162881351     0     10     10
42.4676485610637     0.084647092879614     0     10     10
42.4544012870576     0.0848594197220115     0     10     10
42.4411541872613     0.0852010093467973     0     10     10
42.4279072625865     0.0847152884780954     0     10     10
42.4146605139445     0.0853200172710637     0     10     10
42.4014139422467     0.0855165352814958     0     10     10
42.3881675484049     0.0853499589662005     0     10     10
42.3749213333306     0.0853363345455225     0     10     10
42.3616752979356     0.0856269586908384     0     10     10
42.3484294431316     0.0855090937742519     0     10     10
42.3351837698304     0.085706352207098     0     10     10
42.3219382789441     0.0859431993024696     0     10     10
42.3086929713844     0.0857010417866445     0     10     10
42.2954478480635     0.0855033716731992     0     10     10
42.2822029098935     0.0858101469660776     0     10     10
42.2689581577864     0.0855031105163179     0     10     10
42.2557135926547     0.0855766598949772     0     10     10
42.2424692154105     0.0858647444578536     0     10     10
42.2292250269662     0.0858682417352624     0     10     10
42.2159810282344     0.0863154524865322     0     10     10
42.2027372201273     0.0862465978990262     0     10     10
42.1894936035578     0.0860126552176115     0     10     10
42.1762501794383     0.0865450333033027     0     10     10
42.1630069486816     0.085904920032441     0     10     10
42.1497639122005     0.0857468756791788     0     10     10
42.1365210709078     0.0864114483771927     0     10     10
42.1232784257165     0.0862937388417278     0     10     10
42.1100359775395     0.0864702020966107     0     10     10
42.09679372729     0.0861141476038713     0     10     10
42.083551675881     0.0865175157786419     0     10     10
42.0703098242257     0.0861213698004972     0     10     10
42.0570681732375     0.0861937963147747     0     10     10
42.0438267238296     0.0867777101743974     0     10     10
42.0305854769156     0.086411340937735     0     10     10
42.0173444334088     0.0866212199799829     0     10     10
42.0041035942229     0.086818697326092     0     10     10
41.9908629602715     0.0870145873078607     0     10     10
41.9776225324684     0.0869755431762932     0     10     10
41.9643823117272     0.0864674804337625     0     10     10
41.9511422989619     0.0867393392050969     0     10     10
41.9379024950865     0.0872516674314382     0     10     10
41.9246629010149     0.0867996262387831     0     10     10
41.9114235176612     0.0869201413710998     0     10     10
41.8981843459396     0.0868576611999387     0     10     10
41.8849453867643     0.0867597022403276     0     10     10
41.8717066410497     0.0871642452403199     0     10     10
41.8584681097102     0.0870365414468178     0     10     10
41.8452297936601     0.0871045255307217     0     10     10
41.8319916938142     0.0871647364205239     0     10     10
41.8187538110869     0.0867252493895424     0     10     10
41.8055161463931     0.0870400427232404     0     10     10
41.7922787006474     0.0866014105365535     0     10     10
41.7790414747648     0.086289620558888     0     10     10
41.7658044696602     0.086967112857325     0     10     10
41.7525676862486     0.0872913355647507     0     10     10
41.7393311254452     0.0873582666827918     0     10     10
41.726094788165     0.0869655917309205     0     10     10
41.7128586753234     0.0872578504665093     0     10     10
41.6996227878358     0.087248961950471     0     10     10
41.6863871266174     0.0871766921144645     0     10     10
41.673151692584     0.0865582257512387     0     10     10
41.6599164866509     0.0870473685818558     0     10     10
41.646681509734     0.0864393396883407     0     10     10
41.6334467627489     0.0869914822171278     0     10     10
41.6202122466115     0.0866532164840198     0     10     10
41.6069779622377     0.086793292899118     0     10     10
41.5937439105435     0.0867568882152339     0     10     10
41.580510092445     0.0864046197064171     0     10     10
41.5672765088584     0.0867802037462157     0     10     10
41.5540431606999     0.0871556919661764     0     10     10
41.5408100488858     0.0868874546713881     0     10     10
41.5275771743327     0.0868370946859173     0     10     10
41.5143445379569     0.0869797361579223     0     10     10
41.5011121406751     0.0872233372957187     0     10     10
41.487879983404     0.0873219488264405     0     10     10
41.4746480670603     0.0869559684383394     0     10     10
41.4614163925608     0.0872255381116838     0     10     10
41.4481849608227     0.0871300692675453     0     10     10
41.4349537727627     0.0871314812684674     0     10     10
41.4217228292982     0.0871622961863341     0     10     10
41.4084921313462     0.0873375052985629     0     10     10
41.395261679824     0.0874778882213707     0     10     10
41.3820314756491     0.0871487891268535     0     10     10
41.368801519739     0.0876597519422572     0     10     10
41.3555718130111     0.0869209210610082     0     10     10
41.3423423563831     0.0872723998054706     0     10     10
41.3291131507728     0.0877057058396514     0     10     10
41.315884197098     0.0874675288205699     0     10     10
41.3026554962766     0.0876766614290369     0     10     10
41.2894270492266     0.087983456087674     0     10     10
41.2761988568661     0.0877148711655153     0     10     10
41.2629709201134     0.0886398033809811     0     10     10
41.2497432398867     0.0882952042440467     0     10     10
41.2365158171043     0.0882204119964566     0     10     10
41.2232886526848     0.0880107222656613     0     10     10
41.2100617475467     0.0877002644681227     0     10     10
41.1968351026086     0.0879627087417767     0     10     10
41.1836087187894     0.0883152863632583     0     10     10
41.1703825970079     0.0883324521344605     0     10     10
41.1571567381829     0.0876532004452345     0     10     10
41.1439311432336     0.0884305515124951     0     10     10
41.130705813079     0.088614368932209     0     10     10
41.1174807486384     0.0882314064386564     0     10     10
41.1042559508312     0.0882594846181373     0     10     10
41.0910314205766     0.0890088413668543     0     10     10
41.0778071587943     0.0884028863913343     0     10     10
41.0645831664038     0.0889618179276645     0     10     10
41.0513594443248     0.0888251629933487     0     10     10
41.0381359934772     0.0884112808932326     0     10     10
41.0249128147808     0.0886414564180673     0     10     10
41.0116899091557     0.0884476133229478     0     10     10
40.9984672775219     0.0886264916710831     0     10     10
40.9852449207996     0.088573136075003     0     10     10
40.9720228399091     0.0890880259549904     0     10     10
40.9588010357708     0.0890209242810224     0     10     10
40.9455795093053     0.0892325506295182     0     10     10
40.932358261433     0.0892621423456143     0     10     10
40.9191372930747     0.0893317956409555     0     10     10
40.9059166051511     0.0894387415945949     0     10     10
40.8926961985833     0.0899085501758878     0     10     10
40.8794760742921     0.0900739489198529     0     10     10
40.8662562331986     0.0896074796936091     0     10     10
40.8530366762241     0.0899930048408179     0     10     10
40.8398174042898     0.0896928290045937     0     10     10
40.8265984183172     0.0900904460480308     0     10     10
40.8133797192277     0.0900782731018493     0     10     10
40.800161307943     0.0900300024046455     0     10     10
40.7869431853848     0.0897837887030647     0     10     10
40.7737253524748     0.0895691260651212     0     10     10
40.7605078101351     0.0901491714608007     0     10     10
40.7472905592876     0.0900651820106286     0     10     10
40.7340736008544     0.0900557957624366     0     10     10
40.7208569357578     0.0900543297463432     0     10     10
40.7076405649202     0.0901595615897835     0     10     10
40.6944244892639     0.0902618394982308     0     10     10
40.6812087097115     0.0901536898612127     0     10     10
40.6679932271857     0.0900363881920176     0     10     10
40.6547780426093     0.0903306694129566     0     10     10
40.6415631569051     0.0904561145564522     0     10     10
40.628348570996     0.0900881356961703     0     10     10
40.6151342858053     0.0906581328565493     0     10     10
40.601920302256     0.0902965436477822     0     10     10
40.5887066212714     0.0905839298831596     0     10     10
40.5754932437751     0.0911326617881317     0     10     10
40.5622801706905     0.0905399985397475     0     10     10
40.5490674029412     0.0909390216102015     0     10     10
40.5358549414509     0.0909226230459502     0     10     10
40.5226427871436     0.0904796470054514     0     10     10
40.5094309409432     0.0911021650795998     0     10     10
40.4962194037737     0.0910138774605361     0     10     10
40.4830081765594     0.0909886791936143     0     10     10
40.4697972602245     0.0912004189788393     0     10     10
40.4565866556934     0.0909097081686021     0     10     10
40.4433763638906     0.0907913564597015     0     10     10
40.4301663857409     0.0910258726669634     0     10     10
40.4169567221688     0.0911220834155348     0     10     10
40.4037473740993     0.0911478719348122     0     10     10
40.3905383424574     0.0911211075925126     0     10     10
40.3773296281681     0.0910632241241997     0     10     10
40.3641212321566     0.0907941150965812     0     10     10
