44.9867361074297     0.0744280685053382     0     6     10
44.9734722157648     0.074505959450186     0     6     10
44.9602083259105     0.0745653249523571     0     6     10
44.9469444387722     0.0747420895364599     0     6     10
44.9336805552553     0.0752826903265476     0     6     10
44.9204166762651     0.0753542776742395     0     6     10
44.9071528027069     0.0751823277355253     0     6     10
44.8938889354862     0.0755773712630515     0     6     10
44.8806250755081     0.0757432502215496     0     6     10
44.8673612236781     0.0754975580483739     0     6     10
44.8540973809016     0.0756475743783098     0     6     10
44.8408335480838     0.0751526545056972     0     6     10
44.8275697261302     0.0753461330889113     0     6     10
44.8143059159461     0.0753645975751938     0     6     10
44.8010421184369     0.0751700763403437     0     6     10
44.7877783345079     0.0755029400015075     0     6     10
44.7745145650645     0.0756452222780552     0     6     10
44.7612508110122     0.0761234146978411     0     6     10
44.7479870732562     0.0758849643396495     0     6     10
44.7347233527021     0.0759621606976923     0     6     10
44.7214596502551     0.0762353506920409     0     6     10
44.7081959668207     0.076205213737855     0     6     10
44.6949323033044     0.0764933889242317     0     6     10
44.6816686606115     0.0761845399974409     0     6     10
44.6684050396474     0.0759995183681782     0     6     10
44.6551414413176     0.0759816805896773     0     6     10
44.6418778665275     0.0758557626899135     0     6     10
44.6286143161827     0.075407986147871     0     6     10
44.6153507911885     0.076254264422001     0     6     10
44.6020872924504     0.0762549131657336     0     6     10
44.5888238208739     0.076332558959333     0     6     10
44.5755603773645     0.0765619263547713     0     6     10
44.5622969628277     0.0764509009044547     0     6     10
44.549033578169     0.0765623013225386     0     6     10
44.5357702242939     0.076025751984363     0     6     10
44.522506902108     0.0764520760074123     0     6     10
44.5092436125167     0.0761938640316686     0     6     10
44.4959803564257     0.075908146324563     0     6     10
44.4827171347406     0.0758992458534855     0     6     10
44.4694539483668     0.0757707973367152     0     6     10
44.45619079821     0.0762605860802183     0     6     10
44.4429276851758     0.0762283290510772     0     6     10
44.4296646101698     0.0758582890144583     0     6     10
44.4164015740977     0.0761167238596165     0     6     10
44.4031385778651     0.0758077547370277     0     6     10
44.3898756223776     0.0763449069324107     0     6     10
44.376612708541     0.0761867694615729     0     6     10
44.3633498372608     0.0766128532127872     0     6     10
44.3500870094429     0.077368389285694     0     6     10
44.336824225993     0.0773171569585012     0     6     10
44.3235614878167     0.0775512615470252     0     6     10
44.3102987958199     0.0782343338794491     0     6     10
44.2970361509082     0.0780083138008608     0     6     10
44.2837735539876     0.0782766205226412     0     6     10
44.2705110059638     0.0778636999043622     0     6     10
44.2572485077426     0.0777806706457046     0     6     10
44.2439860602298     0.0779757307883746     0     6     10
44.2307236643314     0.0771562040622923     0     6     10
44.2174613209532     0.0776687552413388     0     6     10
44.2041990310011     0.0775243560832427     0     6     10
44.190936795381     0.0779651625888674     0     6     10
44.1776746149988     0.0779822733776227     0     6     10
44.1644124907606     0.077661282051462     0     6     10
44.1511504235722     0.0778263327770142     0     6     10
44.1378884143397     0.0774748980202333     0     6     10
44.1246264639691     0.0783719288480153     0     6     10
44.1113645733664     0.078039939343864     0     6     10
44.0981027434377     0.0782891669423324     0     6     10
44.0848409750891     0.0785253041044787     0     6     10
44.0715792692266     0.0786841160184773     0     6     10
44.0583176267565     0.0782499000318511     0     6     10
44.0450560485848     0.0787412926067919     0     6     10
44.0317945356177     0.0782124740726194     0     6     10
44.0185330887614     0.0784114986839595     0     6     10
44.0052717089222     0.0779382620397725     0     6     10
43.9920103970062     0.0782168249709027     0     6     10
43.9787491539198     0.0783622488407546     0     6     10
43.9654879805692     0.0785263527093994     0     6     10
43.9522268778607     0.0781826793635192     0     6     10
43.9389658467008     0.0787565901378632     0     6     10
43.9257048879957     0.0791551080050623     0     6     10
43.912444002652     0.0790473213867014     0     6     10
43.8991831915758     0.0790368951251413     0     6     10
43.8859224556739     0.0794254227665289     0     6     10
43.8726617958525     0.079438227729806     0     6     10
43.8594012130182     0.0787470002215544     0     6     10
43.8461407080776     0.079380818208032     0     6     10
43.8328802819372     0.0794852723077806     0     6     10
43.8196199355036     0.0793273009281913     0     6     10
43.8063596696833     0.0790374149403345     0     6     10
43.7930994853832     0.0789932677018986     0     6     10
43.7798393835097     0.0792837756628093     0     6     10
43.7665793649697     0.0790793583542788     0     6     10
43.7533194306699     0.0793046423853628     0     6     10
43.7400595815169     0.0796327722223307     0     6     10
43.7267998184177     0.0795896536646945     0     6     10
43.7135401422791     0.0796391902222171     0     6     10
43.7002805540078     0.0800563180963178     0     6     10
43.6870210545109     0.080195148247557     0     6     10
43.6737616446951     0.0800278468653515     0     6     10
43.6605023254675     0.0806099784031677     0     6     10
43.6472430977351     0.0803084990051778     0     6     10
43.6339839624049     0.0795410929931842     0     6     10
43.6207249203839     0.0800101765575196     0     6     10
43.6074659725792     0.0798717985616254     0     6     10
43.5942071198979     0.0801786423392595     0     6     10
43.5809483632472     0.0801330430888678     0     6     10
43.5676897035343     0.0804800023508062     0     6     10
43.5544311416664     0.0800856785202376     0     6     10
43.5411726785508     0.0806226113924843     0     6     10
43.5279143150947     0.0808452750066327     0     6     10
43.5146560522055     0.0805861437051501     0     6     10
43.5013978907905     0.0804597482616831     0     6     10
43.4881398317573     0.080818463836517     0     6     10
43.4748818760131     0.0807350873403349     0     6     10
43.4616240244654     0.0805854352189507     0     6     10
43.4483662780219     0.0807443530507937     0     6     10
43.43510863759     0.0804737285435166     0     6     10
43.4218511040773     0.0808279457337849     0     6     10
43.4085936783915     0.0809430926434161     0     6     10
43.3953363614402     0.0804180020554955     0     6     10
43.3820791541312     0.0802550575843863     0     6     10
43.3688220573721     0.081042097767282     0     6     10
43.3555650720708     0.0806475021605509     0     6     10
43.3423081991352     0.0811763324506472     0     6     10
43.3290514394729     0.0814679130731417     0     6     10
43.3157947939921     0.0809558270544984     0     6     10
43.3025382636006     0.0807923176857516     0     6     10
43.2892818492064     0.0815386903786568     0     6     10
43.2760255517175     0.08161375463057     0     6     10
43.2627693720421     0.0814852595967038     0     6     10
43.2495133110882     0.0816534561271466     0     6     10
43.236257369764     0.0811542033665277     0     6     10
43.2230015489777     0.0810794545232863     0     6     10
43.2097458496376     0.0809763809185652     0     6     10
43.1964902726519     0.081538764377059     0     6     10
43.183234818929     0.0815632831605899     0     6     10
43.1699794893773     0.0815098994358685     0     6     10
43.1567242849051     0.0818282439157078     0     6     10
43.1434692064209     0.0816002436634446     0     6     10
43.1302142548334     0.0814408326156156     0     6     10
43.1169594310509     0.0820486218281927     0     6     10
43.1037047359822     0.0823523275966949     0     6     10
43.0904501705359     0.0823308094598898     0     6     10
43.0771957356206     0.0822680130611197     0     6     10
43.0639414321452     0.0821174521373658     0     6     10
43.0506872610184     0.0820892036158372     0     6     10
43.0374332231491     0.0817792086136803     0     6     10
43.0241793194461     0.0818126177281423     0     6     10
43.0109255508184     0.0819088111161111     0     6     10
42.9976719181749     0.0816811793947462     0     6     10
42.9844184224248     0.0819259874935841     0     6     10
42.9711650644771     0.0820359599010686     0     6     10
42.9579118452409     0.0824152247095807     0     6     10
42.9446587656254     0.0822755131502821     0     6     10
42.9314058265398     0.0824579910704752     0     6     10
42.9181530288935     0.0825045879538635     0     6     10
42.9049003735958     0.0819771443666351     0     6     10
42.891647861556     0.0824108798092159     0     6     10
42.8783954936836     0.0822676342771106     0     6     10
42.865143270888     0.0830222395137668     0     6     10
42.8518911940789     0.0829648726535147     0     6     10
42.8386392641659     0.0824117057849979     0     6     10
42.8253874820585     0.0825195292980077     0     6     10
42.8121358486664     0.0832324658610783     0     6     10
42.7988843648995     0.0829235294091761     0     6     10
42.7856330316676     0.0827992342946437     0     6     10
42.7723818498804     0.0828351192789281     0     6     10
42.759130820448     0.0828179116483145     0     6     10
42.7458799442802     0.0830167487677864     0     6     10
42.7326292222872     0.0830369616924616     0     6     10
42.719378655379     0.0829255461824004     0     6     10
42.7061282444657     0.0827113831742667     0     6     10
42.6928779904575     0.0830812680895157     0     6     10
42.6796278942648     0.0834930187308905     0     6     10
42.6663779567977     0.083515523629432     0     6     10
42.6531281789667     0.0833617757472835     0     6     10
42.6398785616822     0.0838404441944347     0     6     10
42.6266291058547     0.0838506693121479     0     6     10
42.6133798123947     0.0833824666551928     0     6     10
42.6001306822128     0.0831563464661005     0     6     10
42.5868817162196     0.0834985068629439     0     6     10
42.573632915326     0.0832583013378135     0     6     10
42.5603842804426     0.083723057497353     0     6     10
42.5471358124802     0.0835153096539431     0     6     10
42.5338875123499     0.084245621813918     0     6     10
42.5206393809625     0.083858659836879     0     6     10
42.5073914192291     0.0841653330978385     0     6     10
42.4941436280607     0.0844112731106534     0     6     10
42.4808960083686     0.083995189173095     0     6     10
42.4676485610637     0.084709238658892     0     6     10
42.4544012870576     0.0843341555089538     0     6     10
42.4411541872613     0.0841969955704378     0     6     10
42.4279072625865     0.0844272132021304     0     6     10
42.4146605139445     0.0840049904617483     0     6     10
42.4014139422467     0.0844599919125603     0     6     10
42.3881675484049     0.0845466690869658     0     6     10
42.3749213333306     0.0846055129131325     0     6     10
42.3616752979356     0.0846163287701368     0     6     10
42.3484294431316     0.084747344460408     0     6     10
42.3351837698304     0.0846566339608707     0     6     10
42.3219382789441     0.0847707374197832     0     6     10
42.3086929713844     0.0849195982329157     0     6     10
42.2954478480635     0.0846594360298714     0     6     10
42.2822029098935     0.0849488108154265     0     6     10
42.2689581577864     0.0848390795596991     0     6     10
42.2557135926547     0.0848386487609997     0     6     10
42.2424692154105     0.0852103434791497     0     6     10
42.2292250269662     0.0853854752376472     0     6     10
42.2159810282344     0.0849533417766563     0     6     10
42.2027372201273     0.0850221582780813     0     6     10
42.1894936035578     0.0850951836608997     0     6     10
42.1762501794383     0.0851063934539973     0     6     10
42.1630069486816     0.0856837988874043     0     6     10
42.1497639122005     0.0853004692603933     0     6     10
42.1365210709078     0.0855927640859989     0     6     10
42.1232784257165     0.085178073830688     0     6     10
42.1100359775395     0.0851661139009618     0     6     10
42.09679372729     0.0857198251959792     0     6     10
42.083551675881     0.0858484565088138     0     6     10
42.0703098242257     0.0857301002419143     0     6     10
42.0570681732375     0.0860094039597045     0     6     10
42.0438267238296     0.0853123195050243     0     6     10
42.0305854769156     0.0858478402369031     0     6     10
42.0173444334088     0.0861498079558736     0     6     10
42.0041035942229     0.0861360160095455     0     6     10
41.9908629602715     0.0856424187634427     0     6     10
41.9776225324684     0.0861557800100289     0     6     10
41.9643823117272     0.0862089926264441     0     6     10
41.9511422989619     0.086140520698788     0     6     10
41.9379024950865     0.0863177251033844     0     6     10
41.9246629010149     0.0863418801779976     0     6     10
41.9114235176612     0.0860453520635935     0     6     10
41.8981843459396     0.0863228150880883     0     6     10
41.8849453867643     0.0863252882845727     0     6     10
41.8717066410497     0.0866698603246591     0     6     10
41.8584681097102     0.0865745776966389     0     6     10
41.8452297936601     0.086812527865493     0     6     10
41.8319916938142     0.0863375579114641     0     6     10
41.8187538110869     0.0865402151777844     0     6     10
41.8055161463931     0.0864295522662356     0     6     10
41.7922787006474     0.0862036254675158     0     6     10
41.7790414747648     0.0865168759201524     0     6     10
41.7658044696602     0.0865313269287545     0     6     10
41.7525676862486     0.0868754871342001     0     6     10
41.7393311254452     0.0861290065366955     0     6     10
41.726094788165     0.0866031537003878     0     6     10
41.7128586753234     0.0867219835328091     0     6     10
41.6996227878358     0.087112494332905     0     6     10
41.6863871266174     0.0870277902518115     0     6     10
41.673151692584     0.0869063071979447     0     6     10
41.6599164866509     0.0872154483619805     0     6     10
41.646681509734     0.086996175772575     0     6     10
41.6334467627489     0.087446078167962     0     6     10
41.6202122466115     0.0869848753814076     0     6     10
41.6069779622377     0.0871552190105458     0     6     10
41.5937439105435     0.0867768504243542     0     6     10
41.580510092445     0.0869937742505541     0     6     10
41.5672765088584     0.0870251170685343     0     6     10
41.5540431606999     0.087473692239049     0     6     10
41.5408100488858     0.0870480390942821     0     6     10
41.5275771743327     0.0872532785699919     0     6     10
41.5143445379569     0.0876256895281595     0     6     10
41.5011121406751     0.0873315320119434     0     6     10
41.487879983404     0.087391963169908     0     6     10
41.4746480670603     0.0875479733169165     0     6     10
41.4614163925608     0.0877066792346637     0     6     10
41.4481849608227     0.0875018921412142     0     6     10
41.4349537727627     0.0876344793471599     0     6     10
41.4217228292982     0.0881601206256575     0     6     10
41.4084921313462     0.0879383132454077     0     6     10
41.395261679824     0.087776131001422     0     6     10
41.3820314756491     0.0879373341193383     0     6     10
41.368801519739     0.088192820345654     0     6     10
41.3555718130111     0.0881357167768598     0     6     10
41.3423423563831     0.0880684463223887     0     6     10
41.3291131507728     0.0882111640847721     0     6     10
41.315884197098     0.087611811251001     0     6     10
41.3026554962766     0.0881415352101357     0     6     10
41.2894270492266     0.0884797718877251     0     6     10
41.2761988568661     0.0884925978263901     0     6     10
41.2629709201134     0.0887944505522636     0     6     10
41.2497432398867     0.0885102362672668     0     6     10
41.2365158171043     0.0882997378640362     0     6     10
41.2232886526848     0.0883813051360884     0     6     10
41.2100617475467     0.088855882378165     0     6     10
41.1968351026086     0.0888689482943835     0     6     10
41.1836087187894     0.0882699703809951     0     6     10
41.1703825970079     0.0888579725200675     0     6     10
41.1571567381829     0.0888645781928618     0     6     10
41.1439311432336     0.0886105422946595     0     6     10
41.130705813079     0.0889983529119467     0     6     10
41.1174807486384     0.0884663122781889     0     6     10
41.1042559508312     0.0884112184530753     0     6     10
41.0910314205766     0.0886765388816441     0     6     10
41.0778071587943     0.0891173142623232     0     6     10
41.0645831664038     0.0891764853960773     0     6     10
41.0513594443248     0.0894227740604385     0     6     10
41.0381359934772     0.089479049597556     0     6     10
41.0249128147808     0.0890410790002823     0     6     10
41.0116899091557     0.0897612450639964     0     6     10
40.9984672775219     0.0892114063168764     0     6     10
40.9852449207996     0.089937008252571     0     6     10
40.9720228399091     0.08949396674227     0     6     10
40.9588010357708     0.0890368578624639     0     6     10
40.9455795093053     0.0893012520888552     0     6     10
40.932358261433     0.0890790296214072     0     6     10
40.9191372930747     0.0893416947897761     0     6     10
40.9059166051511     0.0897914405195894     0     6     10
40.8926961985833     0.0900430804845446     0     6     10
40.8794760742921     0.0896589363405454     0     6     10
40.8662562331986     0.0900974329709801     0     6     10
40.8530366762241     0.0901949630903285     0     6     10
40.8398174042898     0.0905356831608632     0     6     10
40.8265984183172     0.0902329101217545     0     6     10
40.8133797192277     0.0905044791817676     0     6     10
40.800161307943     0.0900469076237198     0     6     10
40.7869431853848     0.0904283168807086     0     6     10
40.7737253524748     0.0899051397020599     0     6     10
40.7605078101351     0.0902816182850282     0     6     10
40.7472905592876     0.0903849459323351     0     6     10
40.7340736008544     0.0904757469663095     0     6     10
40.7208569357578     0.0903732166443918     0     6     10
40.7076405649202     0.0910165151274289     0     6     10
40.6944244892639     0.0905574923843932     0     6     10
40.6812087097115     0.090781530678474     0     6     10
40.6679932271857     0.0908797911240666     0     6     10
40.6547780426093     0.0911723671484929     0     6     10
40.6415631569051     0.090952534919893     0     6     10
40.628348570996     0.091096214087734     0     6     10
40.6151342858053     0.0911011961467449     0     6     10
40.601920302256     0.0904906205638861     0     6     10
40.5887066212714     0.09111788883769     0     6     10
40.5754932437751     0.0910740703062043     0     6     10
40.5622801706905     0.0912550833261812     0     6     10
40.5490674029412     0.0906576657901224     0     6     10
40.5358549414509     0.090796584294852     0     6     10
40.5226427871436     0.0907124787743478     0     6     10
40.5094309409432     0.0913737550737407     0     6     10
40.4962194037737     0.0913789327682609     0     6     10
40.4830081765594     0.0917257153163214     0     6     10
40.4697972602245     0.0914854684594151     0     6     10
40.4565866556934     0.0911949340346359     0     6     10
40.4433763638906     0.0912342260702199     0     6     10
40.4301663857409     0.0917755669323871     0     6     10
40.4169567221688     0.0915706697773371     0     6     10
40.4037473740993     0.0918630998629987     0     6     10
40.3905383424574     0.0910573336219419     0     6     10
40.3773296281681     0.091461134757517     0     6     10
40.3641212321566     0.0918348306779894     0     6     10
