44.9867361074297     0.201567630012254     0     -4     0
44.9734722157648     0.201605389485443     0     -4     0
44.9602083259105     0.201588010591604     0     -4     0
44.9469444387722     0.202136833373784     0     -4     0
44.9336805552553     0.202052871772086     0     -4     0
44.9204166762651     0.202473565621807     0     -4     0
44.9071528027069     0.203512961264818     0     -4     0
44.8938889354862     0.202507393534424     0     -4     0
44.8806250755081     0.202023279604568     0     -4     0
44.8673612236781     0.202874740823892     0     -4     0
44.8540973809016     0.204012516757255     0     -4     0
44.8408335480838     0.203600266077792     0     -4     0
44.8275697261302     0.204305661062446     0     -4     0
44.8143059159461     0.205040393163825     0     -4     0
44.8010421184369     0.205139731214727     0     -4     0
44.7877783345079     0.204330847603675     0     -4     0
44.7745145650645     0.204632999072421     0     -4     0
44.7612508110122     0.205070182347911     0     -4     0
44.7479870732562     0.204872390009716     0     -4     0
44.7347233527021     0.205496981987254     0     -4     0
44.7214596502551     0.206099676605762     0     -4     0
44.7081959668207     0.206024597530131     0     -4     0
44.6949323033044     0.205174413099081     0     -4     0
44.6816686606115     0.205465120066048     0     -4     0
44.6684050396474     0.20526014056825     0     -4     0
44.6551414413176     0.205005819251716     0     -4     0
44.6418778665275     0.205438453661795     0     -4     0
44.6286143161827     0.206210503914641     0     -4     0
44.6153507911885     0.205373798499733     0     -4     0
44.6020872924504     0.205509811610415     0     -4     0
44.5888238208739     0.205481872629734     0     -4     0
44.5755603773645     0.205560233689313     0     -4     0
44.5622969628277     0.204795448547411     0     -4     0
44.549033578169     0.204941274099228     0     -4     0
44.5357702242939     0.206139836092281     0     -4     0
44.522506902108     0.206283512216613     0     -4     0
44.5092436125167     0.205925419368576     0     -4     0
44.4959803564257     0.206229238068872     0     -4     0
44.4827171347406     0.205618310935851     0     -4     0
44.4694539483668     0.205143247832984     0     -4     0
44.45619079821     0.204992736002801     0     -4     0
44.4429276851758     0.206564203996797     0     -4     0
44.4296646101698     0.206340104143422     0     -4     0
44.4164015740977     0.205737805829991     0     -4     0
44.4031385778651     0.205492990580393     0     -4     0
44.3898756223776     0.205661316708368     0     -4     0
44.376612708541     0.205862013578538     0     -4     0
44.3633498372608     0.205630762184366     0     -4     0
44.3500870094429     0.204919018273272     0     -4     0
44.336824225993     0.206689361384435     0     -4     0
44.3235614878167     0.206174772869614     0     -4     0
44.3102987958199     0.206337485660694     0     -4     0
44.2970361509082     0.205262449724385     0     -4     0
44.2837735539876     0.206330301703664     0     -4     0
44.2705110059638     0.206437205662094     0     -4     0
44.2572485077426     0.206028950697186     0     -4     0
44.2439860602298     0.20524031670044     0     -4     0
44.2307236643314     0.206910561150388     0     -4     0
44.2174613209532     0.206851746131035     0     -4     0
44.2041990310011     0.206553392768123     0     -4     0
44.190936795381     0.206154121835997     0     -4     0
44.1776746149988     0.206777132970475     0     -4     0
44.1644124907606     0.2074188795658     0     -4     0
44.1511504235722     0.207107042852603     0     -4     0
44.1378884143397     0.207309736971022     0     -4     0
44.1246264639691     0.207633315508446     0     -4     0
44.1113645733664     0.20826415973572     0     -4     0
44.0981027434377     0.208070371127163     0     -4     0
44.0848409750891     0.206908263254945     0     -4     0
44.0715792692266     0.207936862123701     0     -4     0
44.0583176267565     0.208177926545179     0     -4     0
44.0450560485848     0.208076693008005     0     -4     0
44.0317945356177     0.208009799410655     0     -4     0
44.0185330887614     0.209334193157534     0     -4     0
44.0052717089222     0.209428668618276     0     -4     0
43.9920103970062     0.208373902293379     0     -4     0
43.9787491539198     0.208741089356377     0     -4     0
43.9654879805692     0.209583938496269     0     -4     0
43.9522268778607     0.208975746166574     0     -4     0
43.9389658467008     0.208841037783025     0     -4     0
43.9257048879957     0.210079602912106     0     -4     0
43.912444002652     0.210320070338759     0     -4     0
43.8991831915758     0.210399982016693     0     -4     0
43.8859224556739     0.209204817523288     0     -4     0
43.8726617958525     0.210012177330188     0     -4     0
43.8594012130182     0.210397269129843     0     -4     0
43.8461407080776     0.210197656517163     0     -4     0
43.8328802819372     0.209885237088162     0     -4     0
43.8196199355036     0.210924884864212     0     -4     0
43.8063596696833     0.211273127388805     0     -4     0
43.7930994853832     0.20965342166578     0     -4     0
43.7798393835097     0.210168864270807     0     -4     0
43.7665793649697     0.210891913977114     0     -4     0
43.7533194306699     0.21060126374677     0     -4     0
43.7400595815169     0.211129310116731     0     -4     0
43.7267998184177     0.212820879052775     0     -4     0
43.7135401422791     0.213011160483787     0     -4     0
43.7002805540078     0.212760151714111     0     -4     0
43.6870210545109     0.211604248610478     0     -4     0
43.6737616446951     0.212761045596331     0     -4     0
43.6605023254675     0.211787438443407     0     -4     0
43.6472430977351     0.212890371700324     0     -4     0
43.6339839624049     0.213849559316137     0     -4     0
43.6207249203839     0.213536626665361     0     -4     0
43.6074659725792     0.213118788627787     0     -4     0
43.5942071198979     0.213501279569007     0     -4     0
43.5809483632472     0.213320977376259     0     -4     0
43.5676897035343     0.213162912270991     0     -4     0
43.5544311416664     0.213434054979266     0     -4     0
43.5411726785508     0.214392015037708     0     -4     0
43.5279143150947     0.214166241261471     0     -4     0
43.5146560522055     0.21358222404533     0     -4     0
43.5013978907905     0.214417473342916     0     -4     0
43.4881398317573     0.214224295482332     0     -4     0
43.4748818760131     0.212574676685046     0     -4     0
43.4616240244654     0.21413672633607     0     -4     0
43.4483662780219     0.21531880341847     0     -4     0
43.43510863759     0.214336405323404     0     -4     0
43.4218511040773     0.214460841145739     0     -4     0
43.4085936783915     0.215904758854133     0     -4     0
43.3953363614402     0.214296360428178     0     -4     0
43.3820791541312     0.213599288325241     0     -4     0
43.3688220573721     0.214664789076007     0     -4     0
43.3555650720708     0.21536288941397     0     -4     0
43.3423081991352     0.21419581205265     0     -4     0
43.3290514394729     0.213664763400326     0     -4     0
43.3157947939921     0.215925630697426     0     -4     0
43.3025382636006     0.214218565100753     0     -4     0
43.2892818492064     0.21320839048643     0     -4     0
43.2760255517175     0.214097267366925     0     -4     0
43.2627693720421     0.215061080287535     0     -4     0
43.2495133110882     0.214033266481457     0     -4     0
43.236257369764     0.21319023782545     0     -4     0
43.2230015489777     0.214814741814405     0     -4     0
43.2097458496376     0.21506196213748     0     -4     0
43.1964902726519     0.213752646586309     0     -4     0
43.183234818929     0.213491480667828     0     -4     0
43.1699794893773     0.215676396106186     0     -4     0
43.1567242849051     0.215616401039297     0     -4     0
43.1434692064209     0.214603738509838     0     -4     0
43.1302142548334     0.214566913212354     0     -4     0
43.1169594310509     0.215657621144284     0     -4     0
43.1037047359822     0.215169753131751     0     -4     0
43.0904501705359     0.213817131608132     0     -4     0
43.0771957356206     0.213987304344495     0     -4     0
43.0639414321452     0.216133929543444     0     -4     0
43.0506872610184     0.215934929900286     0     -4     0
43.0374332231491     0.214352454677741     0     -4     0
43.0241793194461     0.214296383579057     0     -4     0
43.0109255508184     0.215558116419986     0     -4     0
42.9976719181749     0.215998414876609     0     -4     0
42.9844184224248     0.21441688141791     0     -4     0
42.9711650644771     0.213688538355239     0     -4     0
42.9579118452409     0.215733262830247     0     -4     0
42.9446587656254     0.216534479089469     0     -4     0
42.9314058265398     0.215928982020886     0     -4     0
42.9181530288935     0.213375776225651     0     -4     0
42.9049003735958     0.214503238553698     0     -4     0
42.891647861556     0.216755022493858     0     -4     0
42.8783954936836     0.215661805146211     0     -4     0
42.865143270888     0.213904082658889     0     -4     0
42.8518911940789     0.215084598693501     0     -4     0
42.8386392641659     0.217333247347305     0     -4     0
42.8253874820585     0.21690185440973     0     -4     0
42.8121358486664     0.214369727680866     0     -4     0
42.7988843648995     0.215005793495465     0     -4     0
42.7856330316676     0.217695540071924     0     -4     0
42.7723818498804     0.217699079730715     0     -4     0
42.759130820448     0.215407611438512     0     -4     0
42.7458799442802     0.216538898501032     0     -4     0
42.7326292222872     0.218056732596644     0     -4     0
42.719378655379     0.217639367697339     0     -4     0
42.7061282444657     0.215043260816184     0     -4     0
42.6928779904575     0.216142346493031     0     -4     0
42.6796278942648     0.219349557611475     0     -4     0
42.6663779567977     0.218634031899627     0     -4     0
42.6531281789667     0.215971531268867     0     -4     0
42.6398785616822     0.217787368767917     0     -4     0
42.6266291058547     0.220690018263713     0     -4     0
42.6133798123947     0.218686281040256     0     -4     0
42.6001306822128     0.216133769695662     0     -4     0
42.5868817162196     0.219292619985656     0     -4     0
42.573632915326     0.221534557956357     0     -4     0
42.5603842804426     0.219313665627473     0     -4     0
42.5471358124802     0.217458267556734     0     -4     0
42.5338875123499     0.220371586737021     0     -4     0
42.5206393809625     0.221874399988783     0     -4     0
42.5073914192291     0.218217832460278     0     -4     0
42.4941436280607     0.218842195628878     0     -4     0
42.4808960083686     0.223774429607807     0     -4     0
42.4676485610637     0.222035024871382     0     -4     0
42.4544012870576     0.21921953131999     0     -4     0
42.4411541872613     0.221168113470836     0     -4     0
42.4279072625865     0.225415776856028     0     -4     0
42.4146605139445     0.220869656700771     0     -4     0
42.4014139422467     0.220156533697816     0     -4     0
42.3881675484049     0.225529196141404     0     -4     0
42.3749213333306     0.225704355599982     0     -4     0
42.3616752979356     0.22027408942038     0     -4     0
42.3484294431316     0.223184451310383     0     -4     0
42.3351837698304     0.227425342027622     0     -4     0
42.3219382789441     0.223049699393783     0     -4     0
42.3086929713844     0.221095390827169     0     -4     0
42.2954478480635     0.228248421608057     0     -4     0
42.2822029098935     0.228042424391436     0     -4     0
42.2689581577864     0.222279954545755     0     -4     0
42.2557135926547     0.226068582533812     0     -4     0
42.2424692154105     0.231434492458735     0     -4     0
42.2292250269662     0.225785506422031     0     -4     0
42.2159810282344     0.223766889690716     0     -4     0
42.2027372201273     0.232643107607268     0     -4     0
42.1894936035578     0.232833845802187     0     -4     0
42.1762501794383     0.225401665516105     0     -4     0
42.1630069486816     0.229893732492711     0     -4     0
42.1497639122005     0.23725286476743     0     -4     0
42.1365210709078     0.2301336282925     0     -4     0
42.1232784257165     0.227491255504578     0     -4     0
42.1100359775395     0.239320110675591     0     -4     0
42.09679372729     0.239492750370147     0     -4     0
42.083551675881     0.230449292144273     0     -4     0
42.0703098242257     0.236348197231741     0     -4     0
42.0570681732375     0.246872874326842     0     -4     0
42.0438267238296     0.23887757993054     0     -4     0
42.0305854769156     0.235558000518888     0     -4     0
42.0173444334088     0.250204669929148     0     -4     0
42.0041035942229     0.252984235524948     0     -4     0
41.9908629602715     0.241134704676318     0     -4     0
41.9776225324684     0.243779677903709     0     -4     0
41.9643823117272     0.255300523484755     0     -4     0
41.9511422989619     0.245161805185502     0     -4     0
41.9379024950865     0.229401272919413     0     -4     0
41.9246629010149     0.236170323119203     0     -4     0
41.9114235176612     0.243969422214292     0     -4     0
41.8981843459396     0.231621162784658     0     -4     0
41.8849453867643     0.223532211038042     0     -4     0
41.8717066410497     0.236314933983013     0     -4     0
41.8584681097102     0.24358073131538     0     -4     0
41.8452297936601     0.232798203675831     0     -4     0
41.8319916938142     0.228983584824432     0     -4     0
41.8187538110869     0.244979012587668     0     -4     0
41.8055161463931     0.255236400495062     0     -4     0
41.7922787006474     0.247071173481483     0     -4     0
41.7790414747648     0.245649642907442     0     -4     0
41.7658044696602     0.262057560730732     0     -4     0
41.7525676862486     0.276529667273867     0     -4     0
41.7393311254452     0.271805914924499     0     -4     0
41.726094788165     0.267903536248294     0     -4     0
41.7128586753234     0.280733235099743     0     -4     0
41.6996227878358     0.296561747644367     0     -4     0
41.6863871266174     0.291362158266643     0     -4     0
41.673151692584     0.281601422233123     0     -4     0
41.6599164866509     0.287994403430312     0     -4     0
41.646681509734     0.302470086557978     0     -4     0
41.6334467627489     0.301749333902831     0     -4     0
41.6202122466115     0.288719949104057     0     -4     0
41.6069779622377     0.28641073439283     0     -4     0
41.5937439105435     0.300627275183314     0     -4     0
41.580510092445     0.30659986853543     0     -4     0
41.5672765088584     0.294478599726378     0     -4     0
41.5540431606999     0.285165218925617     0     -4     0
41.5408100488858     0.294879865378199     0     -4     0
41.5275771743327     0.305378190372711     0     -4     0
41.5143445379569     0.298963081239592     0     -4     0
41.5011121406751     0.284986855452435     0     -4     0
41.487879983404     0.28742572047671     0     -4     0
41.4746480670603     0.297738100438259     0     -4     0
41.4614163925608     0.294770096385054     0     -4     0
41.4481849608227     0.281719204197568     0     -4     0
41.4349537727627     0.277871792632435     0     -4     0
41.4217228292982     0.283747885902806     0     -4     0
41.4084921313462     0.280201973566135     0     -4     0
41.395261679824     0.270688607050281     0     -4     0
41.3820314756491     0.264336854736962     0     -4     0
41.368801519739     0.262192526387275     0     -4     0
41.3555718130111     0.257133848582866     0     -4     0
41.3423423563831     0.25151979154133     0     -4     0
41.3291131507728     0.245511262726498     0     -4     0
41.315884197098     0.234963696221483     0     -4     0
41.3026554962766     0.228188956298354     0     -4     0
41.2894270492266     0.229046478452431     0     -4     0
41.2761988568661     0.222979193741575     0     -4     0
41.2629709201134     0.208656495832905     0     -4     0
41.2497432398867     0.202154720011863     0     -4     0
41.2365158171043     0.208557659153524     0     -4     0
41.2232886526848     0.202808585721284     0     -4     0
41.2100617475467     0.18476319035713     0     -4     0
41.1968351026086     0.182458803995407     0     -4     0
41.1836087187894     0.19267198648872     0     -4     0
41.1703825970079     0.184718942532924     0     -4     0
41.1571567381829     0.165616331451069     0     -4     0
41.1439311432336     0.169659953772955     0     -4     0
41.130705813079     0.180349950277807     0     -4     0
41.1174807486384     0.167392946696259     0     -4     0
41.1042559508312     0.151778077751355     0     -4     0
41.0910314205766     0.163208406010487     0     -4     0
41.0778071587943     0.170191218268874     0     -4     0
41.0645831664038     0.150768695893553     0     -4     0
41.0513594443248     0.14411544913629     0     -4     0
41.0381359934772     0.161613159207967     0     -4     0
41.0249128147808     0.15743572423239     0     -4     0
41.0116899091557     0.137026952257806     0     -4     0
40.9984672775219     0.144162825018288     0     -4     0
40.9852449207996     0.157088044979775     0     -4     0
40.9720228399091     0.141904063746983     0     -4     0
40.9588010357708     0.131318105507713     0     -4     0
40.9455795093053     0.146355568450183     0     -4     0
40.932358261433     0.149806327063418     0     -4     0
40.9191372930747     0.131110274026783     0     -4     0
40.9059166051511     0.131602629050005     0     -4     0
40.8926961985833     0.147356679700634     0     -4     0
40.8794760742921     0.141042112938559     0     -4     0
40.8662562331986     0.124654494901321     0     -4     0
40.8530366762241     0.134292903000675     0     -4     0
40.8398174042898     0.145729892330653     0     -4     0
40.8265984183172     0.131128835139923     0     -4     0
40.8133797192277     0.121678450018026     0     -4     0
40.800161307943     0.13709664495024     0     -4     0
40.7869431853848     0.140682659233571     0     -4     0
40.7737253524748     0.122432168308811     0     -4     0
40.7605078101351     0.123149455502755     0     -4     0
40.7472905592876     0.139327122916812     0     -4     0
40.7340736008544     0.133196931092513     0     -4     0
40.7208569357578     0.117326097618362     0     -4     0
40.7076405649202     0.126157585142647     0     -4     0
40.6944244892639     0.138214486143656     0     -4     0
40.6812087097115     0.123608440062503     0     -4     0
40.6679932271857     0.116551646617059     0     -4     0
40.6547780426093     0.13076984833776     0     -4     0
40.6415631569051     0.13260736920764     0     -4     0
40.628348570996     0.117127171965429     0     -4     0
40.6151342858053     0.116503498154776     0     -4     0
40.601920302256     0.131359870635536     0     -4     0
40.5887066212714     0.128872590162514     0     -4     0
40.5754932437751     0.113539532707503     0     -4     0
40.5622801706905     0.116006054462665     0     -4     0
40.5490674029412     0.128826401794972     0     -4     0
40.5358549414509     0.125495440256373     0     -4     0
40.5226427871436     0.111501417260179     0     -4     0
40.5094309409432     0.11325947393275     0     -4     0
40.4962194037737     0.125676990499727     0     -4     0
40.4830081765594     0.125791431409918     0     -4     0
40.4697972602245     0.111703497638095     0     -4     0
40.4565866556934     0.108632057248021     0     -4     0
40.4433763638906     0.119382415181425     0     -4     0
40.4301663857409     0.124570225791106     0     -4     0
40.4169567221688     0.114456301726654     0     -4     0
40.4037473740993     0.105427197788245     0     -4     0
40.3905383424574     0.113237505620038     0     -4     0
40.3773296281681     0.122212418735932     0     -4     0
40.3641212321566     0.116050435319353     0     -4     0
