40.3773296281681     0.820916651458851     0     6     4
40.3905383424574     0.821337961617597     0     6     4
40.4037473740993     0.821653019661701     0     6     4
40.4169567221688     0.822138177317191     0     6     4
40.4301663857409     0.822374077464023     0     6     4
40.4433763638906     0.822792653186787     0     6     4
40.4565866556934     0.823176335041008     0     6     4
40.4697972602245     0.823568864649026     0     6     4
40.4830081765594     0.823965541113366     0     6     4
40.4962194037737     0.824145936783121     0     6     4
40.5094309409432     0.824625433687903     0     6     4
40.5226427871436     0.824908357673722     0     6     4
40.5358549414509     0.825338787513779     0     6     4
40.5490674029412     0.82563204208269     0     6     4
40.5622801706905     0.825997162136743     0     6     4
40.5754932437751     0.826224787090512     0     6     4
40.5887066212714     0.826562804141337     0     6     4
40.601920302256     0.826730476926767     0     6     4
40.6151342858053     0.827162800715374     0     6     4
40.628348570996     0.827415411207059     0     6     4
40.6415631569051     0.827713181816037     0     6     4
40.6547780426093     0.827980688830524     0     6     4
40.6679932271857     0.828330518361936     0     6     4
40.6812087097115     0.828419693209677     0     6     4
40.6944244892639     0.828827892670463     0     6     4
40.7076405649202     0.829066544313575     0     6     4
40.7208569357578     0.829437467992191     0     6     4
40.7340736008544     0.829853441410942     0     6     4
40.7472905592876     0.830053352292038     0     6     4
40.7605078101351     0.830156069040996     0     6     4
40.7737253524748     0.830671732406865     0     6     4
40.7869431853848     0.830610929954759     0     6     4
40.800161307943     0.831082677052878     0     6     4
40.8133797192277     0.831380614679425     0     6     4
40.8265984183172     0.831617529028012     0     6     4
40.8398174042898     0.831894661958364     0     6     4
40.8530366762241     0.832196447922638     0     6     4
40.8662562331986     0.832324578921329     0     6     4
40.8794760742921     0.832804374459196     0     6     4
40.8926961985833     0.832896590888875     0     6     4
40.9059166051511     0.833120847898735     0     6     4
40.9191372930747     0.833398181887101     0     6     4
40.932358261433     0.833864584575382     0     6     4
40.9455795093053     0.834078874017662     0     6     4
40.9588010357708     0.834191948537558     0     6     4
40.9720228399091     0.834336716197257     0     6     4
40.9852449207996     0.834641250668802     0     6     4
40.9984672775219     0.834953415713366     0     6     4
41.0116899091557     0.835073962715616     0     6     4
41.0249128147808     0.835469038671786     0     6     4
41.0381359934772     0.835525618481732     0     6     4
41.0513594443248     0.835825702807542     0     6     4
41.0645831664038     0.836054023660281     0     6     4
41.0778071587943     0.836108825931333     0     6     4
41.0910314205766     0.83656581657251     0     6     4
41.1042559508312     0.836802182593316     0     6     4
41.1174807486384     0.836887531232495     0     6     4
41.130705813079     0.837093002635312     0     6     4
41.1439311432336     0.837252800711531     0     6     4
41.1571567381829     0.837545650758499     0     6     4
41.1703825970079     0.837836398007704     0     6     4
41.1836087187894     0.837920540656144     0     6     4
41.1968351026086     0.838059701602288     0     6     4
41.2100617475467     0.838338674451216     0     6     4
41.2232886526848     0.838462831540735     0     6     4
41.2365158171043     0.83876313857546     0     6     4
41.2497432398867     0.838737630645856     0     6     4
41.2629709201134     0.839046464277711     0     6     4
41.2761988568661     0.839030668455446     0     6     4
41.2894270492266     0.839287572127662     0     6     4
41.3026554962766     0.839540804477975     0     6     4
41.315884197098     0.839703044876803     0     6     4
41.3291131507728     0.839883321830358     0     6     4
41.3423423563831     0.839836537545482     0     6     4
41.3555718130111     0.840242638433707     0     6     4
41.368801519739     0.840152277105566     0     6     4
41.3820314756491     0.840348495889863     0     6     4
41.395261679824     0.840488870658798     0     6     4
41.4084921313462     0.840373650112893     0     6     4
41.4217228292982     0.840759644738168     0     6     4
41.4349537727627     0.840862506995183     0     6     4
41.4481849608227     0.841107300352591     0     6     4
41.4614163925608     0.841069825020661     0     6     4
41.4746480670603     0.841287127514316     0     6     4
41.487879983404     0.841234484888558     0     6     4
41.5011121406751     0.841424258063964     0     6     4
41.5143445379569     0.841494517025178     0     6     4
41.5275771743327     0.841573692493633     0     6     4
41.5408100488858     0.841555454300584     0     6     4
41.5540431606999     0.841702153806711     0     6     4
41.5672765088584     0.841573451793537     0     6     4
41.580510092445     0.841767811871929     0     6     4
41.5937439105435     0.841604802942027     0     6     4
41.6069779622377     0.841853089308281     0     6     4
41.6202122466115     0.841850125939076     0     6     4
41.6334467627489     0.841955239981065     0     6     4
41.646681509734     0.841885107585902     0     6     4
41.6599164866509     0.841867479277549     0     6     4
41.673151692584     0.841727683078924     0     6     4
41.6863871266174     0.841921595555556     0     6     4
41.6996227878358     0.841809199012335     0     6     4
41.7128586753234     0.841760016366043     0     6     4
41.726094788165     0.841868999795995     0     6     4
41.7393311254452     0.841710657115217     0     6     4
41.7525676862486     0.841576120490074     0     6     4
41.7658044696602     0.841763098530583     0     6     4
41.7790414747648     0.841295079688044     0     6     4
41.7922787006474     0.841467461256677     0     6     4
41.8055161463931     0.841357246114515     0     6     4
41.8187538110869     0.841176153787151     0     6     4
41.8319916938142     0.840894155386713     0     6     4
41.8452297936601     0.84074418282329     0     6     4
41.8584681097102     0.84047333625196     0     6     4
41.8717066410497     0.840550512192707     0     6     4
41.8849453867643     0.840242699585402     0     6     4
41.8981843459396     0.8398071244365     0     6     4
41.9114235176612     0.839691454718616     0     6     4
41.9246629010149     0.839450684529669     0     6     4
41.9379024950865     0.839087743860622     0     6     4
41.9511422989619     0.83868261004125     0     6     4
41.9643823117272     0.838355990523315     0     6     4
41.9776225324684     0.837939841457878     0     6     4
41.9908629602715     0.837472551103545     0     6     4
42.0041035942229     0.837026228506524     0     6     4
42.0173444334088     0.836479678501434     0     6     4
42.0305854769156     0.835846491002056     0     6     4
42.0438267238296     0.835289590287044     0     6     4
42.0570681732375     0.834491502849255     0     6     4
42.0703098242257     0.833836900972009     0     6     4
42.083551675881     0.833054338792603     0     6     4
42.09679372729     0.832277295312635     0     6     4
42.1100359775395     0.831120515691211     0     6     4
42.1232784257165     0.830185166915036     0     6     4
42.1365210709078     0.829119192111954     0     6     4
42.1497639122005     0.827886094253285     0     6     4
42.1630069486816     0.826600975149467     0     6     4
42.1762501794383     0.825097848688801     0     6     4
42.1894936035578     0.8235199339889     0     6     4
42.2027372201273     0.821748852743397     0     6     4
42.2159810282344     0.819838711730707     0     6     4
42.2292250269662     0.817414978747881     0     6     4
42.2424692154105     0.81529980306484     0     6     4
42.2557135926547     0.812676735914517     0     6     4
42.2689581577864     0.809719122468711     0     6     4
42.2822029098935     0.806536462898017     0     6     4
42.2954478480635     0.802794586731861     0     6     4
42.3086929713844     0.798556226605655     0     6     4
42.3219382789441     0.793785148374654     0     6     4
42.3351837698304     0.788616014787212     0     6     4
42.3484294431316     0.782129241774284     0     6     4
42.3616752979356     0.775521542322238     0     6     4
42.3749213333306     0.767257750808482     0     6     4
42.3881675484049     0.758439766877446     0     6     4
42.4014139422467     0.748984883679512     0     6     4
42.4146605139445     0.737074121995845     0     6     4
42.4279072625865     0.723243559266265     0     6     4
42.4411541872613     0.706889632094188     0     6     4
42.4544012870576     0.687132846731488     0     6     4
42.4676485610637     0.663273752766886     0     6     4
42.4808960083686     0.638612358353181     0     6     4
42.4941436280607     0.60555416078396     0     6     4
42.5073914192291     0.568507792825093     0     6     4
42.5206393809625     0.523821347805751     0     6     4
42.5338875123499     0.471069185103809     0     6     4
42.5471358124802     0.412595611508949     0     6     4
42.5603842804426     0.348486081501778     0     6     4
42.573632915326     0.284017720184016     0     6     4
42.5868817162196     0.22398440973417     0     6     4
42.6001306822128     0.174807464097404     0     6     4
42.6133798123947     0.147316653509748     0     6     4
42.6266291058547     0.147357387051929     0     6     4
42.6398785616822     0.176800482342357     0     6     4
42.6531281789667     0.229193138073052     0     6     4
42.6663779567977     0.295733519164924     0     6     4
42.6796278942648     0.368297840905172     0     6     4
42.6928779904575     0.436016715563428     0     6     4
42.7061282444657     0.499208173723875     0     6     4
42.719378655379     0.552317167905109     0     6     4
42.7326292222872     0.600197325513877     0     6     4
42.7458799442802     0.638824556440921     0     6     4
42.759130820448     0.6710498643755     0     6     4
42.7723818498804     0.697475117978321     0     6     4
42.7856330316676     0.71938391152721     0     6     4
42.7988843648995     0.737324794949307     0     6     4
42.8121358486664     0.752416238476211     0     6     4
42.8253874820585     0.76549844523501     0     6     4
42.8386392641659     0.776450652644142     0     6     4
42.8518911940789     0.785920961602337     0     6     4
42.865143270888     0.794805746494789     0     6     4
42.8783954936836     0.802463907226143     0     6     4
42.891647861556     0.8091036142493     0     6     4
42.9049003735958     0.814719391596482     0     6     4
42.9181530288935     0.819588950712317     0     6     4
42.9314058265398     0.824201375608293     0     6     4
42.9446587656254     0.827926517953582     0     6     4
42.9579118452409     0.831379695937218     0     6     4
42.9711650644771     0.834288968815248     0     6     4
42.9844184224248     0.837109613161361     0     6     4
42.9976719181749     0.839263581151554     0     6     4
43.0109255508184     0.841631134199044     0     6     4
43.0241793194461     0.843333811624327     0     6     4
43.0374332231491     0.845142017635277     0     6     4
43.0506872610184     0.846580744044627     0     6     4
43.0639414321452     0.848070462355752     0     6     4
43.0771957356206     0.849273598448614     0     6     4
43.0904501705359     0.850388595769094     0     6     4
43.1037047359822     0.851412066247751     0     6     4
43.1169594310509     0.852496652892445     0     6     4
43.1302142548334     0.853231026023114     0     6     4
43.1434692064209     0.854125351016053     0     6     4
43.1567242849051     0.854768609734793     0     6     4
43.1699794893773     0.85556278488844     0     6     4
43.183234818929     0.856312155240444     0     6     4
43.1964902726519     0.856996771336998     0     6     4
43.2097458496376     0.857411531808718     0     6     4
43.2230015489777     0.857918928929955     0     6     4
43.236257369764     0.858467760069533     0     6     4
43.2495133110882     0.858806475052304     0     6     4
43.2627693720421     0.859369305512891     0     6     4
43.2760255517175     0.85964369693806     0     6     4
43.2892818492064     0.859969782672037     0     6     4
43.3025382636006     0.860337641208904     0     6     4
43.3157947939921     0.86067314299902     0     6     4
43.3290514394729     0.860969519381369     0     6     4
43.3423081991352     0.861394117695098     0     6     4
43.3555650720708     0.861576184941214     0     6     4
43.3688220573721     0.861835739839299     0     6     4
43.3820791541312     0.862151112666848     0     6     4
43.3953363614402     0.862404547381344     0     6     4
43.4085936783915     0.86255327051521     0     6     4
43.4218511040773     0.862726951977679     0     6     4
43.43510863759     0.863056107269075     0     6     4
43.4483662780219     0.863273632906117     0     6     4
43.4616240244654     0.863170285865474     0     6     4
43.4748818760131     0.863414285398329     0     6     4
43.4881398317573     0.863662122309841     0     6     4
43.5013978907905     0.863684628900525     0     6     4
43.5146560522055     0.863929455219862     0     6     4
43.5279143150947     0.864040649852697     0     6     4
43.5411726785508     0.863979261416237     0     6     4
43.5544311416664     0.864307669122106     0     6     4
43.5676897035343     0.864139557620987     0     6     4
43.5809483632472     0.864369416261793     0     6     4
43.5942071198979     0.864418698619732     0     6     4
43.6074659725792     0.864292374074804     0     6     4
43.6207249203839     0.864565813661605     0     6     4
43.6339839624049     0.864508985175957     0     6     4
43.6472430977351     0.864744430582342     0     6     4
43.6605023254675     0.864869533026677     0     6     4
43.6737616446951     0.864743872660215     0     6     4
43.6870210545109     0.864955821495861     0     6     4
43.7002805540078     0.864972280788179     0     6     4
43.7135401422791     0.865090239379753     0     6     4
43.7267998184177     0.865217290043738     0     6     4
43.7400595815169     0.86509047741147     0     6     4
43.7533194306699     0.865338505289103     0     6     4
43.7665793649697     0.865178181256864     0     6     4
43.7798393835097     0.865563814425676     0     6     4
43.7930994853832     0.865464055217231     0     6     4
43.8063596696833     0.865450698893647     0     6     4
43.8196199355036     0.865551551350879     0     6     4
43.8328802819372     0.865495684591471     0     6     4
43.8461407080776     0.865643007859624     0     6     4
43.8594012130182     0.865836821887176     0     6     4
43.8726617958525     0.865713807846748     0     6     4
43.8859224556739     0.865757904332856     0     6     4
43.8991831915758     0.865778932816517     0     6     4
43.912444002652     0.86591489668816     0     6     4
43.9257048879957     0.865917347884757     0     6     4
43.9389658467008     0.866003020770433     0     6     4
43.9522268778607     0.865908208974545     0     6     4
43.9654879805692     0.866155585566998     0     6     4
43.9787491539198     0.866082671456452     0     6     4
43.9920103970062     0.865982543832564     0     6     4
44.0052717089222     0.865951071691949     0     6     4
44.0185330887614     0.866042170703736     0     6     4
44.0317945356177     0.866144542426899     0     6     4
44.0450560485848     0.866217854157629     0     6     4
44.0583176267565     0.866084283275968     0     6     4
44.0715792692266     0.866297017324745     0     6     4
44.0848409750891     0.866120896799088     0     6     4
44.0981027434377     0.866208131305464     0     6     4
44.1113645733664     0.866347412814625     0     6     4
44.1246264639691     0.866488027550281     0     6     4
44.1378884143397     0.866377288635987     0     6     4
44.1511504235722     0.866380406959152     0     6     4
44.1644124907606     0.866535157307225     0     6     4
44.1776746149988     0.866484522306687     0     6     4
44.190936795381     0.866556555677647     0     6     4
44.2041990310011     0.866613364975957     0     6     4
44.2174613209532     0.866794448683191     0     6     4
44.2307236643314     0.866752366750879     0     6     4
44.2439860602298     0.866728623645242     0     6     4
44.2572485077426     0.866779346134099     0     6     4
44.2705110059638     0.866678348714436     0     6     4
44.2837735539876     0.866673324428497     0     6     4
44.2970361509082     0.866698728172209     0     6     4
44.3102987958199     0.866993470425118     0     6     4
44.3235614878167     0.866838524592769     0     6     4
44.336824225993     0.866982516533062     0     6     4
44.3500870094429     0.866681749182076     0     6     4
44.3633498372608     0.866838665764649     0     6     4
44.376612708541     0.86693034725881     0     6     4
44.3898756223776     0.86687619263623     0     6     4
44.4031385778651     0.86691000759699     0     6     4
44.4164015740977     0.866874699791082     0     6     4
44.4296646101698     0.866996034558598     0     6     4
44.4429276851758     0.866853444681893     0     6     4
44.45619079821     0.866704255757962     0     6     4
44.4694539483668     0.866957764089921     0     6     4
44.4827171347406     0.866881444859841     0     6     4
44.4959803564257     0.86682483404864     0     6     4
44.5092436125167     0.866905578662707     0     6     4
44.522506902108     0.866972095268518     0     6     4
44.5357702242939     0.866660741102251     0     6     4
44.549033578169     0.866745943977104     0     6     4
44.5622969628277     0.867046780875317     0     6     4
44.5755603773645     0.866849719492206     0     6     4
44.5888238208739     0.866915753971323     0     6     4
44.6020872924504     0.866897221043401     0     6     4
44.6153507911885     0.866826388856367     0     6     4
44.6286143161827     0.866754097319938     0     6     4
44.6418778665275     0.866884640962506     0     6     4
44.6551414413176     0.866928191527718     0     6     4
44.6684050396474     0.866720291551568     0     6     4
44.6816686606115     0.866993394124374     0     6     4
44.6949323033044     0.866755974847775     0     6     4
44.7081959668207     0.866924612201473     0     6     4
44.7214596502551     0.866788701006781     0     6     4
44.7347233527021     0.867033680474554     0     6     4
44.7479870732562     0.866843000674089     0     6     4
44.7612508110122     0.866748619838774     0     6     4
44.7745145650645     0.866842629135726     0     6     4
44.7877783345079     0.866780963683135     0     6     4
44.8010421184369     0.866969616111631     0     6     4
44.8143059159461     0.866891299792144     0     6     4
44.8275697261302     0.86695876456557     0     6     4
44.8408335480838     0.866881902658027     0     6     4
44.8540973809016     0.866668033700753     0     6     4
44.8673612236781     0.866944329289102     0     6     4
44.8806250755081     0.866896799513425     0     6     4
44.8938889354862     0.8667295739631     0     6     4
44.9071528027069     0.866860698531778     0     6     4
44.9204166762651     0.866673699600278     0     6     4
44.9336805552553     0.866820310879889     0     6     4
44.9469444387722     0.866780066631294     0     6     4
44.9602083259105     0.866816703974087     0     6     4
44.9734722157648     0.866808329073709     0     6     4
44.9867361074297     0.866692500686388     0     6     4
45     0.866518226460215     0     6     4
