44.9867361074297     0.863308008523752     0     -4     4
44.9734722157648     0.863346158145854     0     -4     4
44.9602083259105     0.863444108461463     0     -4     4
44.9469444387722     0.863435152456881     0     -4     4
44.9336805552553     0.863375706715539     0     -4     4
44.9204166762651     0.863404947108258     0     -4     4
44.9071528027069     0.863696111184275     0     -4     4
44.8938889354862     0.863326993549079     0     -4     4
44.8806250755081     0.863555805136191     0     -4     4
44.8673612236781     0.863377674501521     0     -4     4
44.8540973809016     0.863480211575466     0     -4     4
44.8408335480838     0.863610288208607     0     -4     4
44.8275697261302     0.863526284389248     0     -4     4
44.8143059159461     0.863658417548016     0     -4     4
44.8010421184369     0.863544166510774     0     -4     4
44.7877783345079     0.863601695839076     0     -4     4
44.7745145650645     0.863382760870789     0     -4     4
44.7612508110122     0.863507356318815     0     -4     4
44.7479870732562     0.863692982767851     0     -4     4
44.7347233527021     0.863676552526608     0     -4     4
44.7214596502551     0.863698490534991     0     -4     4
44.7081959668207     0.863714153510647     0     -4     4
44.6949323033044     0.863254140980296     0     -4     4
44.6816686606115     0.863636598895289     0     -4     4
44.6684050396474     0.863510747888334     0     -4     4
44.6551414413176     0.863539607751931     0     -4     4
44.6418778665275     0.863629145389046     0     -4     4
44.6286143161827     0.863518746014772     0     -4     4
44.6153507911885     0.863576348730318     0     -4     4
44.6020872924504     0.863554032831592     0     -4     4
44.5888238208739     0.863776739092205     0     -4     4
44.5755603773645     0.863489795755744     0     -4     4
44.5622969628277     0.863410225747549     0     -4     4
44.549033578169     0.863564387027481     0     -4     4
44.5357702242939     0.86365077472355     0     -4     4
44.522506902108     0.863571537960049     0     -4     4
44.5092436125167     0.863597042708117     0     -4     4
44.4959803564257     0.86353462527036     0     -4     4
44.4827171347406     0.863503819705788     0     -4     4
44.4694539483668     0.863606915685951     0     -4     4
44.45619079821     0.863526028748644     0     -4     4
44.4429276851758     0.863620114549239     0     -4     4
44.4296646101698     0.863776974657196     0     -4     4
44.4164015740977     0.863789502688504     0     -4     4
44.4031385778651     0.863622664624587     0     -4     4
44.3898756223776     0.863550375362533     0     -4     4
44.376612708541     0.863522113961595     0     -4     4
44.3633498372608     0.863661420524637     0     -4     4
44.3500870094429     0.863638967740843     0     -4     4
44.336824225993     0.863518433010736     0     -4     4
44.3235614878167     0.863489086152467     0     -4     4
44.3102987958199     0.863639444445034     0     -4     4
44.2970361509082     0.863796452201695     0     -4     4
44.2837735539876     0.863510160380726     0     -4     4
44.2705110059638     0.863536159519704     0     -4     4
44.2572485077426     0.863500877006874     0     -4     4
44.2439860602298     0.86371335627717     0     -4     4
44.2307236643314     0.863562954535975     0     -4     4
44.2174613209532     0.863673555486465     0     -4     4
44.2041990310011     0.863519199422257     0     -4     4
44.190936795381     0.863608611763524     0     -4     4
44.1776746149988     0.863644921946826     0     -4     4
44.1644124907606     0.863556483169137     0     -4     4
44.1511504235722     0.863520069517317     0     -4     4
44.1378884143397     0.863573919562155     0     -4     4
44.1246264639691     0.863549593980596     0     -4     4
44.1113645733664     0.863605810104955     0     -4     4
44.0981027434377     0.86354186772708     0     -4     4
44.0848409750891     0.863430346526883     0     -4     4
44.0715792692266     0.863471239482014     0     -4     4
44.0583176267565     0.863424041651468     0     -4     4
44.0450560485848     0.863516492892204     0     -4     4
44.0317945356177     0.863296783565446     0     -4     4
44.0185330887614     0.863388470380718     0     -4     4
44.0052717089222     0.863257392598789     0     -4     4
43.9920103970062     0.863352273660671     0     -4     4
43.9787491539198     0.863272862639073     0     -4     4
43.9654879805692     0.863142760507855     0     -4     4
43.9522268778607     0.863222787942007     0     -4     4
43.9389658467008     0.863319735521461     0     -4     4
43.9257048879957     0.863220101193467     0     -4     4
43.912444002652     0.863210435760051     0     -4     4
43.8991831915758     0.863139187697439     0     -4     4
43.8859224556739     0.863070155936433     0     -4     4
43.8726617958525     0.86306342800518     0     -4     4
43.8594012130182     0.862964654771871     0     -4     4
43.8461407080776     0.863034013116516     0     -4     4
43.8328802819372     0.863087372114269     0     -4     4
43.8196199355036     0.862992490475732     0     -4     4
43.8063596696833     0.863117868668821     0     -4     4
43.7930994853832     0.862938900690981     0     -4     4
43.7798393835097     0.86304871249378     0     -4     4
43.7665793649697     0.862881094328548     0     -4     4
43.7533194306699     0.862918121798075     0     -4     4
43.7400595815169     0.862831796186337     0     -4     4
43.7267998184177     0.862840519101042     0     -4     4
43.7135401422791     0.862769856654006     0     -4     4
43.7002805540078     0.862877763104256     0     -4     4
43.6870210545109     0.862925653702534     0     -4     4
43.6737616446951     0.86256936546095     0     -4     4
43.6605023254675     0.862818591372836     0     -4     4
43.6472430977351     0.862453172307172     0     -4     4
43.6339839624049     0.862599131151205     0     -4     4
43.6207249203839     0.862573290806562     0     -4     4
43.6074659725792     0.862644662519307     0     -4     4
43.5942071198979     0.862554532273244     0     -4     4
43.5809483632472     0.862594732265274     0     -4     4
43.5676897035343     0.862325407417627     0     -4     4
43.5544311416664     0.862598597890987     0     -4     4
43.5411726785508     0.862302552402637     0     -4     4
43.5279143150947     0.862485725608801     0     -4     4
43.5146560522055     0.862424099642732     0     -4     4
43.5013978907905     0.862098487741695     0     -4     4
43.4881398317573     0.862462932959432     0     -4     4
43.4748818760131     0.862312585756249     0     -4     4
43.4616240244654     0.862314831771618     0     -4     4
43.4483662780219     0.862239149142573     0     -4     4
43.43510863759     0.86213620057571     0     -4     4
43.4218511040773     0.862254510442567     0     -4     4
43.4085936783915     0.862032191421437     0     -4     4
43.3953363614402     0.862195155816201     0     -4     4
43.3820791541312     0.862179346601905     0     -4     4
43.3688220573721     0.862057161989872     0     -4     4
43.3555650720708     0.862198662277537     0     -4     4
43.3423081991352     0.861928352743703     0     -4     4
43.3290514394729     0.862175190086882     0     -4     4
43.3157947939921     0.862115205770161     0     -4     4
43.3025382636006     0.861864077634084     0     -4     4
43.2892818492064     0.861953127667668     0     -4     4
43.2760255517175     0.861863466478856     0     -4     4
43.2627693720421     0.862045724081901     0     -4     4
43.2495133110882     0.861828309475532     0     -4     4
43.236257369764     0.861799201495835     0     -4     4
43.2230015489777     0.861688034953181     0     -4     4
43.2097458496376     0.8617713614666     0     -4     4
43.1964902726519     0.861731884945595     0     -4     4
43.183234818929     0.861667887892656     0     -4     4
43.1699794893773     0.861529694669101     0     -4     4
43.1567242849051     0.861662166918918     0     -4     4
43.1434692064209     0.861634620909696     0     -4     4
43.1302142548334     0.861387396745494     0     -4     4
43.1169594310509     0.861496227289794     0     -4     4
43.1037047359822     0.861283342077031     0     -4     4
43.0904501705359     0.861286997190651     0     -4     4
43.0771957356206     0.861185986476047     0     -4     4
43.0639414321452     0.861278634408851     0     -4     4
43.0506872610184     0.861102190323222     0     -4     4
43.0374332231491     0.861090348752922     0     -4     4
43.0241793194461     0.860933603013772     0     -4     4
43.0109255508184     0.860843502303778     0     -4     4
42.9976719181749     0.860703553649382     0     -4     4
42.9844184224248     0.86080335993241     0     -4     4
42.9711650644771     0.860667961526741     0     -4     4
42.9579118452409     0.860580260794674     0     -4     4
42.9446587656254     0.860461863902098     0     -4     4
42.9314058265398     0.860292249406173     0     -4     4
42.9181530288935     0.860125289556252     0     -4     4
42.9049003735958     0.860149843259043     0     -4     4
42.891647861556     0.859941670323249     0     -4     4
42.8783954936836     0.860001344664931     0     -4     4
42.865143270888     0.859872371506454     0     -4     4
42.8518911940789     0.859876458311705     0     -4     4
42.8386392641659     0.859829059122066     0     -4     4
42.8253874820585     0.859810129856564     0     -4     4
42.8121358486664     0.85960218976282     0     -4     4
42.7988843648995     0.85960532470991     0     -4     4
42.7856330316676     0.859471642057419     0     -4     4
42.7723818498804     0.859419000487776     0     -4     4
42.759130820448     0.858935631338792     0     -4     4
42.7458799442802     0.859112996503123     0     -4     4
42.7326292222872     0.858902936513255     0     -4     4
42.719378655379     0.858607460343811     0     -4     4
42.7061282444657     0.858424185543298     0     -4     4
42.6928779904575     0.858173054503476     0     -4     4
42.6796278942648     0.858235845904968     0     -4     4
42.6663779567977     0.857946143486481     0     -4     4
42.6531281789667     0.857849926790613     0     -4     4
42.6398785616822     0.857481988644     0     -4     4
42.6266291058547     0.857405050440292     0     -4     4
42.6133798123947     0.857156807671724     0     -4     4
42.6001306822128     0.856850581973052     0     -4     4
42.5868817162196     0.856602411456526     0     -4     4
42.573632915326     0.856181069032253     0     -4     4
42.5603842804426     0.855914105319388     0     -4     4
42.5471358124802     0.855578452697899     0     -4     4
42.5338875123499     0.855259839114351     0     -4     4
42.5206393809625     0.854961875164532     0     -4     4
42.5073914192291     0.854701339368274     0     -4     4
42.4941436280607     0.854277894292744     0     -4     4
42.4808960083686     0.853655758908354     0     -4     4
42.4676485610637     0.853368529088951     0     -4     4
42.4544012870576     0.852790559651856     0     -4     4
42.4411541872613     0.852425709644935     0     -4     4
42.4279072625865     0.851861204929237     0     -4     4
42.4146605139445     0.851345449939035     0     -4     4
42.4014139422467     0.850785652012761     0     -4     4
42.3881675484049     0.850031084075424     0     -4     4
42.3749213333306     0.849515514758815     0     -4     4
42.3616752979356     0.848715941352322     0     -4     4
42.3484294431316     0.847886347565058     0     -4     4
42.3351837698304     0.847031216625933     0     -4     4
42.3219382789441     0.846243164370126     0     -4     4
42.3086929713844     0.845196539075062     0     -4     4
42.2954478480635     0.844547530199999     0     -4     4
42.2822029098935     0.843145893704166     0     -4     4
42.2689581577864     0.842241859242179     0     -4     4
42.2557135926547     0.841070631519929     0     -4     4
42.2424692154105     0.839821981214917     0     -4     4
42.2292250269662     0.838660773304495     0     -4     4
42.2159810282344     0.837238298906839     0     -4     4
42.2027372201273     0.835722271132832     0     -4     4
42.1894936035578     0.834197508263233     0     -4     4
42.1762501794383     0.832509924519417     0     -4     4
42.1630069486816     0.830869805442166     0     -4     4
42.1497639122005     0.829074576425525     0     -4     4
42.1365210709078     0.826970463218831     0     -4     4
42.1232784257165     0.824907707618079     0     -4     4
42.1100359775395     0.82267209550783     0     -4     4
42.09679372729     0.820018531951245     0     -4     4
42.083551675881     0.81747108358187     0     -4     4
42.0703098242257     0.814919440936785     0     -4     4
42.0570681732375     0.812011570179607     0     -4     4
42.0438267238296     0.809081784321355     0     -4     4
42.0305854769156     0.805695596536363     0     -4     4
42.0173444334088     0.802256501763969     0     -4     4
42.0041035942229     0.798568166746488     0     -4     4
41.9908629602715     0.794709215416072     0     -4     4
41.9776225324684     0.79099313908326     0     -4     4
41.9643823117272     0.786497116205441     0     -4     4
41.9511422989619     0.781910690160676     0     -4     4
41.9379024950865     0.777233269937423     0     -4     4
41.9246629010149     0.772224486604219     0     -4     4
41.9114235176612     0.767000786983005     0     -4     4
41.8981843459396     0.76116102672532     0     -4     4
41.8849453867643     0.755251420076367     0     -4     4
41.8717066410497     0.749228408893392     0     -4     4
41.8584681097102     0.742455664382562     0     -4     4
41.8452297936601     0.735536576581557     0     -4     4
41.8319916938142     0.728406769897375     0     -4     4
41.8187538110869     0.720980076259203     0     -4     4
41.8055161463931     0.713092273681568     0     -4     4
41.7922787006474     0.705336970873114     0     -4     4
41.7790414747648     0.69698365016902     0     -4     4
41.7658044696602     0.68807912838539     0     -4     4
41.7525676862486     0.678662545187216     0     -4     4
41.7393311254452     0.669421999067859     0     -4     4
41.726094788165     0.658805425382423     0     -4     4
41.7128586753234     0.648443595336537     0     -4     4
41.6996227878358     0.637648954993854     0     -4     4
41.6863871266174     0.626814312366185     0     -4     4
41.673151692584     0.614634859368811     0     -4     4
41.6599164866509     0.602573082402473     0     -4     4
41.646681509734     0.59019219847467     0     -4     4
41.6334467627489     0.57712600067516     0     -4     4
41.6202122466115     0.56358279174134     0     -4     4
41.6069779622377     0.549708756064283     0     -4     4
41.5937439105435     0.534458550898501     0     -4     4
41.580510092445     0.519979274800516     0     -4     4
41.5672765088584     0.504463170138946     0     -4     4
41.5540431606999     0.489630794126295     0     -4     4
41.5408100488858     0.473614464712412     0     -4     4
41.5275771743327     0.457676793853119     0     -4     4
41.5143445379569     0.441015467762027     0     -4     4
41.5011121406751     0.424593928536508     0     -4     4
41.487879983404     0.406590576747374     0     -4     4
41.4746480670603     0.389942614914186     0     -4     4
41.4614163925608     0.372439102208439     0     -4     4
41.4481849608227     0.355203030958239     0     -4     4
41.4349537727627     0.337536363680803     0     -4     4
41.4217228292982     0.321050495342219     0     -4     4
41.4084921313462     0.303479485829094     0     -4     4
41.395261679824     0.286963935088124     0     -4     4
41.3820314756491     0.269900762198217     0     -4     4
41.368801519739     0.254226716427191     0     -4     4
41.3555718130111     0.238202041176733     0     -4     4
41.3423423563831     0.224192906227182     0     -4     4
41.3291131507728     0.208731586734266     0     -4     4
41.315884197098     0.195827628931492     0     -4     4
41.3026554962766     0.181940835515538     0     -4     4
41.2894270492266     0.170711241179493     0     -4     4
41.2761988568661     0.15904507527671     0     -4     4
41.2629709201134     0.149147985284554     0     -4     4
41.2497432398867     0.13877741054102     0     -4     4
41.2365158171043     0.130470025663345     0     -4     4
41.2232886526848     0.12227422880727     0     -4     4
41.2100617475467     0.115831907752763     0     -4     4
41.1968351026086     0.109369035959241     0     -4     4
41.1836087187894     0.1042101365817     0     -4     4
41.1703825970079     0.0992105441157894     0     -4     4
41.1571567381829     0.0958529933982531     0     -4     4
41.1439311432336     0.0926776229454765     0     -4     4
41.130705813079     0.090153860189482     0     -4     4
41.1174807486384     0.0883172291942265     0     -4     4
41.1042559508312     0.0874883143872197     0     -4     4
41.0910314205766     0.0868684306025103     0     -4     4
41.0778071587943     0.0867402340449339     0     -4     4
41.0645831664038     0.08712587401712     0     -4     4
41.0513594443248     0.0881365800884973     0     -4     4
41.0381359934772     0.0893355303818791     0     -4     4
41.0249128147808     0.0906475369120746     0     -4     4
41.0116899091557     0.0924650072513216     0     -4     4
40.9984672775219     0.0943525379844936     0     -4     4
40.9852449207996     0.0961407960125091     0     -4     4
40.9720228399091     0.0979956412044135     0     -4     4
40.9588010357708     0.100401644624516     0     -4     4
40.9455795093053     0.102350459620115     0     -4     4
40.932358261433     0.104289331045322     0     -4     4
40.9191372930747     0.106309439361849     0     -4     4
40.9059166051511     0.108473349340757     0     -4     4
40.8926961985833     0.110372341812174     0     -4     4
40.8794760742921     0.112288638986923     0     -4     4
40.8662562331986     0.114147960474151     0     -4     4
40.8530366762241     0.116018066130081     0     -4     4
40.8398174042898     0.117748874946238     0     -4     4
40.8265984183172     0.119530221747273     0     -4     4
40.8133797192277     0.121279043208264     0     -4     4
40.800161307943     0.122811216760264     0     -4     4
40.7869431853848     0.123916329742354     0     -4     4
40.7737253524748     0.125393258384923     0     -4     4
40.7605078101351     0.126384513066944     0     -4     4
40.7472905592876     0.127353051999371     0     -4     4
40.7340736008544     0.128137425078417     0     -4     4
40.7208569357578     0.128851305340057     0     -4     4
40.7076405649202     0.129533170579706     0     -4     4
40.6944244892639     0.130450472165089     0     -4     4
40.6812087097115     0.13073783169902     0     -4     4
40.6679932271857     0.131334605762771     0     -4     4
40.6547780426093     0.131376621452641     0     -4     4
40.6415631569051     0.131612259410557     0     -4     4
40.628348570996     0.131675121474058     0     -4     4
40.6151342858053     0.131586697413749     0     -4     4
40.601920302256     0.131732193407765     0     -4     4
40.5887066212714     0.131415935477162     0     -4     4
40.5754932437751     0.131002185847381     0     -4     4
40.5622801706905     0.130693735211854     0     -4     4
40.5490674029412     0.130025838956253     0     -4     4
40.5358549414509     0.12950460257158     0     -4     4
40.5226427871436     0.128994172366295     0     -4     4
40.5094309409432     0.128668719995917     0     -4     4
40.4962194037737     0.127967959164183     0     -4     4
40.4830081765594     0.127166553878629     0     -4     4
40.4697972602245     0.12652199629438     0     -4     4
40.4565866556934     0.126086997129166     0     -4     4
40.4433763638906     0.125259790461795     0     -4     4
40.4301663857409     0.124286531444078     0     -4     4
40.4169567221688     0.123583788418778     0     -4     4
40.4037473740993     0.122711413013134     0     -4     4
40.3905383424574     0.121901427036875     0     -4     4
40.3773296281681     0.120831040209794     0     -4     4
40.3641212321566     0.119664515286081     0     -4     4
