40.3773296281681     0.102538070088259     0     0     -6
40.3905383424574     0.102341812564433     0     0     -6
40.4037473740993     0.103242745915188     0     0     -6
40.4169567221688     0.10232023743569     0     0     -6
40.4301663857409     0.101248822079529     0     0     -6
40.4433763638906     0.100831262414176     0     0     -6
40.4565866556934     0.101335944081872     0     0     -6
40.4697972602245     0.101215881102662     0     0     -6
40.4830081765594     0.0997028177120243     0     0     -6
40.4962194037737     0.0995821141928048     0     0     -6
40.5094309409432     0.0998906120438564     0     0     -6
40.5226427871436     0.0996926674672096     0     0     -6
40.5358549414509     0.0986545436045789     0     0     -6
40.5490674029412     0.0989585577169162     0     0     -6
40.5622801706905     0.0983552031540426     0     0     -6
40.5754932437751     0.0974515144931108     0     0     -6
40.5887066212714     0.0972202192977149     0     0     -6
40.601920302256     0.0973137813293405     0     0     -6
40.6151342858053     0.0977728665358592     0     0     -6
40.628348570996     0.0964445834175349     0     0     -6
40.6415631569051     0.0970303354868804     0     0     -6
40.6547780426093     0.0980189771324853     0     0     -6
40.6679932271857     0.0981863137885115     0     0     -6
40.6812087097115     0.0988321583801243     0     0     -6
40.6944244892639     0.101109992375415     0     0     -6
40.7076405649202     0.102164306663574     0     0     -6
40.7208569357578     0.102827341959057     0     0     -6
40.7340736008544     0.104365157651338     0     0     -6
40.7472905592876     0.107320015661051     0     0     -6
40.7605078101351     0.109897940067583     0     0     -6
40.7737253524748     0.111495046366447     0     0     -6
40.7869431853848     0.114941169445144     0     0     -6
40.800161307943     0.120094668380706     0     0     -6
40.8133797192277     0.122592637165048     0     0     -6
40.8265984183172     0.12678968274847     0     0     -6
40.8398174042898     0.132012881045724     0     0     -6
40.8530366762241     0.13755936596463     0     0     -6
40.8662562331986     0.142207084668872     0     0     -6
40.8794760742921     0.14841956602138     0     0     -6
40.8926961985833     0.156101129115004     0     0     -6
40.9059166051511     0.162762134408808     0     0     -6
40.9191372930747     0.170452972214297     0     0     -6
40.932358261433     0.178506502146287     0     0     -6
40.9455795093053     0.186577311738508     0     0     -6
40.9588010357708     0.194714284087233     0     0     -6
40.9720228399091     0.204172327286399     0     0     -6
40.9852449207996     0.213912400815471     0     0     -6
40.9984672775219     0.224436343263995     0     0     -6
41.0116899091557     0.234481006890825     0     0     -6
41.0249128147808     0.246304891124386     0     0     -6
41.0381359934772     0.257151994689954     0     0     -6
41.0513594443248     0.268938998634473     0     0     -6
41.0645831664038     0.279996537472782     0     0     -6
41.0778071587943     0.291879744682577     0     0     -6
41.0910314205766     0.303996283913654     0     0     -6
41.1042559508312     0.316045030161789     0     0     -6
41.1174807486384     0.328130309856544     0     0     -6
41.130705813079     0.340901468929701     0     0     -6
41.1439311432336     0.353233203686598     0     0     -6
41.1571567381829     0.365746108763533     0     0     -6
41.1703825970079     0.377532031656054     0     0     -6
41.1836087187894     0.389947467676323     0     0     -6
41.1968351026086     0.401594952619358     0     0     -6
41.2100617475467     0.412883035014069     0     0     -6
41.2232886526848     0.424348799447703     0     0     -6
41.2365158171043     0.436439808125787     0     0     -6
41.2497432398867     0.446781952231844     0     0     -6
41.2629709201134     0.456806373830702     0     0     -6
41.2761988568661     0.467526480594344     0     0     -6
41.2894270492266     0.478684268667925     0     0     -6
41.3026554962766     0.489500524658006     0     0     -6
41.315884197098     0.498621765547266     0     0     -6
41.3291131507728     0.508516410907526     0     0     -6
41.3423423563831     0.518704594214028     0     0     -6
41.3555718130111     0.528189782436049     0     0     -6
41.368801519739     0.5369473005766     0     0     -6
41.3820314756491     0.544329514535587     0     0     -6
41.395261679824     0.553787446450839     0     0     -6
41.4084921313462     0.562014393386506     0     0     -6
41.4217228292982     0.56931241633556     0     0     -6
41.4349537727627     0.57594980987004     0     0     -6
41.4481849608227     0.582796906634513     0     0     -6
41.4614163925608     0.589275445438293     0     0     -6
41.4746480670603     0.595478150096275     0     0     -6
41.487879983404     0.600730788605226     0     0     -6
41.5011121406751     0.60569709485328     0     0     -6
41.5143445379569     0.611173999898471     0     0     -6
41.5275771743327     0.615127144495657     0     0     -6
41.5408100488858     0.618128262526074     0     0     -6
41.5540431606999     0.621703007745293     0     0     -6
41.5672765088584     0.627333993389859     0     0     -6
41.580510092445     0.632536446310516     0     0     -6
41.5937439105435     0.63530729517105     0     0     -6
41.6069779622377     0.638105463784738     0     0     -6
41.6202122466115     0.643512742371694     0     0     -6
41.6334467627489     0.646964874781253     0     0     -6
41.646681509734     0.650502031969212     0     0     -6
41.6599164866509     0.655801654816619     0     0     -6
41.673151692584     0.659415076986     0     0     -6
41.6863871266174     0.664520631334819     0     0     -6
41.6996227878358     0.666751205345366     0     0     -6
41.7128586753234     0.669025342131003     0     0     -6
41.726094788165     0.6738203472127     0     0     -6
41.7393311254452     0.676726334920743     0     0     -6
41.7525676862486     0.679979057637555     0     0     -6
41.7658044696602     0.682869633574695     0     0     -6
41.7790414747648     0.686678448913821     0     0     -6
41.7922787006474     0.688914197071525     0     0     -6
41.8055161463931     0.692874685166714     0     0     -6
41.8187538110869     0.694764026730463     0     0     -6
41.8319916938142     0.696977128953132     0     0     -6
41.8452297936601     0.701719999313848     0     0     -6
41.8584681097102     0.70312156410062     0     0     -6
41.8717066410497     0.705891071165158     0     0     -6
41.8849453867643     0.708331350032447     0     0     -6
41.8981843459396     0.709509140432678     0     0     -6
41.9114235176612     0.710628537498434     0     0     -6
41.9246629010149     0.712099536052791     0     0     -6
41.9379024950865     0.717498057965001     0     0     -6
41.9511422989619     0.718573481064624     0     0     -6
41.9643823117272     0.717891167962017     0     0     -6
41.9776225324684     0.721312622962186     0     0     -6
41.9908629602715     0.720162889637785     0     0     -6
42.0041035942229     0.722077052062785     0     0     -6
42.0173444334088     0.72338405657175     0     0     -6
42.0305854769156     0.722673020440389     0     0     -6
42.0438267238296     0.726919187957226     0     0     -6
42.0570681732375     0.728065785093025     0     0     -6
42.0703098242257     0.727414157578955     0     0     -6
42.083551675881     0.727326489121256     0     0     -6
42.09679372729     0.729982772077348     0     0     -6
42.1100359775395     0.728269612652629     0     0     -6
42.1232784257165     0.728196578026248     0     0     -6
42.1365210709078     0.732435592967637     0     0     -6
42.1497639122005     0.730631866323987     0     0     -6
42.1630069486816     0.732560175181174     0     0     -6
42.1762501794383     0.733833076496496     0     0     -6
42.1894936035578     0.731219659735101     0     0     -6
42.2027372201273     0.732014784399201     0     0     -6
42.2159810282344     0.72949389271969     0     0     -6
42.2292250269662     0.73235601677625     0     0     -6
42.2424692154105     0.733833363732615     0     0     -6
42.2557135926547     0.731583070105641     0     0     -6
42.2689581577864     0.729192706749204     0     0     -6
42.2822029098935     0.728606872061421     0     0     -6
42.2954478480635     0.729317513011887     0     0     -6
42.3086929713844     0.72947379428374     0     0     -6
42.3219382789441     0.730973674809367     0     0     -6
42.3351837698304     0.730447639465743     0     0     -6
42.3484294431316     0.726915575875628     0     0     -6
42.3616752979356     0.725299091197734     0     0     -6
42.3749213333306     0.72486170134633     0     0     -6
42.3881675484049     0.723165561995593     0     0     -6
42.4014139422467     0.723897141757816     0     0     -6
42.4146605139445     0.725772304970277     0     0     -6
42.4279072625865     0.72770375064853     0     0     -6
42.4411541872613     0.7258236020982     0     0     -6
42.4544012870576     0.725476029536849     0     0     -6
42.4676485610637     0.724313402913979     0     0     -6
42.4808960083686     0.725027607045048     0     0     -6
42.4941436280607     0.723830768473435     0     0     -6
42.5073914192291     0.727331477350169     0     0     -6
42.5206393809625     0.727633752690045     0     0     -6
42.5338875123499     0.726360084771874     0     0     -6
42.5471358124802     0.726956576970453     0     0     -6
42.5603842804426     0.72705173027982     0     0     -6
42.573632915326     0.72359483038989     0     0     -6
42.5868817162196     0.72340242889987     0     0     -6
42.6001306822128     0.72902475289472     0     0     -6
42.6133798123947     0.728925052424019     0     0     -6
42.6266291058547     0.72867158383724     0     0     -6
42.6398785616822     0.729688421295682     0     0     -6
42.6531281789667     0.726424417596023     0     0     -6
42.6663779567977     0.728076619083638     0     0     -6
42.6796278942648     0.726167972913647     0     0     -6
42.6928779904575     0.729174841810204     0     0     -6
42.7061282444657     0.72746694549008     0     0     -6
42.719378655379     0.727236682495016     0     0     -6
42.7326292222872     0.728437550681905     0     0     -6
42.7458799442802     0.725529662886615     0     0     -6
42.759130820448     0.724243418178978     0     0     -6
42.7723818498804     0.726719754611188     0     0     -6
42.7856330316676     0.728300070642204     0     0     -6
42.7988843648995     0.729635005966689     0     0     -6
42.8121358486664     0.726786252742503     0     0     -6
42.8253874820585     0.72551930518508     0     0     -6
42.8386392641659     0.723372335979849     0     0     -6
42.8518911940789     0.724949824470617     0     0     -6
42.865143270888     0.725887595557489     0     0     -6
42.8783954936836     0.723399871417924     0     0     -6
42.891647861556     0.727280545344041     0     0     -6
42.9049003735958     0.725816309205293     0     0     -6
42.9181530288935     0.724073270874755     0     0     -6
42.9314058265398     0.725467904249499     0     0     -6
42.9446587656254     0.724617376467044     0     0     -6
42.9579118452409     0.722903653682693     0     0     -6
42.9711650644771     0.722242133109456     0     0     -6
42.9844184224248     0.728174902299236     0     0     -6
42.9976719181749     0.725628641104187     0     0     -6
43.0109255508184     0.724940559329643     0     0     -6
43.0241793194461     0.725548179959539     0     0     -6
43.0374332231491     0.723124483412409     0     0     -6
43.0506872610184     0.722445093621515     0     0     -6
43.0639414321452     0.72215743544022     0     0     -6
43.0771957356206     0.728372411571644     0     0     -6
43.0904501705359     0.72546289239969     0     0     -6
43.1037047359822     0.722808557321135     0     0     -6
43.1169594310509     0.722440540751501     0     0     -6
43.1302142548334     0.723170100861267     0     0     -6
43.1434692064209     0.720616380329892     0     0     -6
43.1567242849051     0.722112135470516     0     0     -6
43.1699794893773     0.725113978036655     0     0     -6
43.183234818929     0.725376906038471     0     0     -6
43.1964902726519     0.726229670442825     0     0     -6
43.2097458496376     0.72436311968018     0     0     -6
43.2230015489777     0.721888805631473     0     0     -6
43.236257369764     0.720085277741024     0     0     -6
43.2495133110882     0.719545481619679     0     0     -6
43.2627693720421     0.725080995477565     0     0     -6
43.2760255517175     0.723869007264196     0     0     -6
43.2892818492064     0.72075991600908     0     0     -6
43.3025382636006     0.722963981764311     0     0     -6
43.3157947939921     0.719737780064922     0     0     -6
43.3290514394729     0.718076711492567     0     0     -6
43.3423081991352     0.718569925289484     0     0     -6
43.3555650720708     0.716695275254542     0     0     -6
43.3688220573721     0.719556008427586     0     0     -6
43.3820791541312     0.716968345118943     0     0     -6
43.3953363614402     0.715733022510024     0     0     -6
43.4085936783915     0.714058731155188     0     0     -6
43.4218511040773     0.717672186402965     0     0     -6
43.43510863759     0.714844698484991     0     0     -6
43.4483662780219     0.711178655555022     0     0     -6
43.4616240244654     0.715763920029764     0     0     -6
43.4748818760131     0.714939537636505     0     0     -6
43.4881398317573     0.712200653122065     0     0     -6
43.5013978907905     0.712197081344784     0     0     -6
43.5146560522055     0.709632293270453     0     0     -6
43.5279143150947     0.707894115021896     0     0     -6
43.5411726785508     0.70641672230259     0     0     -6
43.5544311416664     0.713222561630591     0     0     -6
43.5676897035343     0.710317907678287     0     0     -6
43.5809483632472     0.710224583238673     0     0     -6
43.5942071198979     0.707724685113291     0     0     -6
43.6074659725792     0.705765497193119     0     0     -6
43.6207249203839     0.701873757943336     0     0     -6
43.6339839624049     0.699682893656671     0     0     -6
43.6472430977351     0.700416453736727     0     0     -6
43.6605023254675     0.70361789815144     0     0     -6
43.6737616446951     0.7047576718522     0     0     -6
43.6870210545109     0.701402116344022     0     0     -6
43.7002805540078     0.699197072968187     0     0     -6
43.7135401422791     0.699673094291047     0     0     -6
43.7267998184177     0.694270644743948     0     0     -6
43.7400595815169     0.695181645219077     0     0     -6
43.7533194306699     0.700751077050709     0     0     -6
43.7665793649697     0.699288616679474     0     0     -6
43.7798393835097     0.698209044696487     0     0     -6
43.7930994853832     0.695816782273937     0     0     -6
43.8063596696833     0.69309416310441     0     0     -6
43.8196199355036     0.693556212313406     0     0     -6
43.8328802819372     0.692181640470399     0     0     -6
43.8461407080776     0.690388841671319     0     0     -6
43.8594012130182     0.695839940304973     0     0     -6
43.8726617958525     0.694264509832293     0     0     -6
43.8859224556739     0.692031420619955     0     0     -6
43.8991831915758     0.694380724620367     0     0     -6
43.912444002652     0.689245848713405     0     0     -6
43.9257048879957     0.690626588405317     0     0     -6
43.9389658467008     0.689812282780518     0     0     -6
43.9522268778607     0.692351870547731     0     0     -6
43.9654879805692     0.693662081745447     0     0     -6
43.9787491539198     0.691724632446965     0     0     -6
43.9920103970062     0.691498030081766     0     0     -6
44.0052717089222     0.688176786264825     0     0     -6
44.0185330887614     0.688286728982689     0     0     -6
44.0317945356177     0.687260848788316     0     0     -6
44.0450560485848     0.690916856673356     0     0     -6
44.0583176267565     0.693311360801221     0     0     -6
44.0715792692266     0.689157538236985     0     0     -6
44.0848409750891     0.687449078050202     0     0     -6
44.0981027434377     0.685988179981527     0     0     -6
44.1113645733664     0.684516356904561     0     0     -6
44.1246264639691     0.677974092605918     0     0     -6
44.1378884143397     0.679530488037307     0     0     -6
44.1511504235722     0.68871464716979     0     0     -6
44.1644124907606     0.68634169888961     0     0     -6
44.1776746149988     0.68588361646241     0     0     -6
44.190936795381     0.687586502177984     0     0     -6
44.2041990310011     0.689986009399282     0     0     -6
44.2174613209532     0.684785162328977     0     0     -6
44.2307236643314     0.685555421866826     0     0     -6
44.2439860602298     0.693880025541802     0     0     -6
44.2572485077426     0.69070478300762     0     0     -6
44.2705110059638     0.689158136361931     0     0     -6
44.2837735539876     0.688714825825544     0     0     -6
44.2970361509082     0.687795506294725     0     0     -6
44.3102987958199     0.685897326909215     0     0     -6
44.3235614878167     0.686280618438512     0     0     -6
44.336824225993     0.681359339458139     0     0     -6
44.3500870094429     0.687527512235788     0     0     -6
44.3633498372608     0.688985641010634     0     0     -6
44.376612708541     0.687696688282899     0     0     -6
44.3898756223776     0.68701512475644     0     0     -6
44.4031385778651     0.68640638713314     0     0     -6
44.4164015740977     0.684505208872858     0     0     -6
44.4296646101698     0.682626483381397     0     0     -6
44.4429276851758     0.680612569954181     0     0     -6
44.45619079821     0.68908639666888     0     0     -6
44.4694539483668     0.686270552544504     0     0     -6
44.4827171347406     0.687174471382193     0     0     -6
44.4959803564257     0.681946899685041     0     0     -6
44.5092436125167     0.682933390071451     0     0     -6
44.522506902108     0.685351518868837     0     0     -6
44.5357702242939     0.680874996166353     0     0     -6
44.549033578169     0.683357249864389     0     0     -6
44.5622969628277     0.684525681769087     0     0     -6
44.5755603773645     0.684417062663783     0     0     -6
44.5888238208739     0.679017051914736     0     0     -6
44.6020872924504     0.680485454143507     0     0     -6
44.6153507911885     0.676570191537966     0     0     -6
44.6286143161827     0.679643311058821     0     0     -6
44.6418778665275     0.674527152842174     0     0     -6
44.6551414413176     0.681431538510245     0     0     -6
44.6684050396474     0.67688694857042     0     0     -6
44.6816686606115     0.675967098091287     0     0     -6
44.6949323033044     0.674264396509139     0     0     -6
44.7081959668207     0.676771304259905     0     0     -6
44.7214596502551     0.671740179861985     0     0     -6
44.7347233527021     0.670405631408873     0     0     -6
44.7479870732562     0.668884443464281     0     0     -6
44.7612508110122     0.673132672714816     0     0     -6
44.7745145650645     0.674629015817987     0     0     -6
44.7877783345079     0.67305419778617     0     0     -6
44.8010421184369     0.66928230414508     0     0     -6
44.8143059159461     0.665427328153555     0     0     -6
44.8275697261302     0.665395317923825     0     0     -6
44.8408335480838     0.665095750126126     0     0     -6
44.8540973809016     0.668308421936927     0     0     -6
44.8673612236781     0.667588069242548     0     0     -6
44.8806250755081     0.669125919910449     0     0     -6
44.8938889354862     0.667089277231398     0     0     -6
44.9071528027069     0.662177438454853     0     0     -6
44.9204166762651     0.662796558826188     0     0     -6
44.9336805552553     0.658050486753382     0     0     -6
44.9469444387722     0.655493044336961     0     0     -6
44.9602083259105     0.661037732321147     0     0     -6
44.9734722157648     0.655298163074432     0     0     -6
44.9867361074297     0.654176166253351     0     0     -6
45     0.651218734190103     0     0     -6
