44.9867361074297     0.114917837049954     0     10     -10
44.9734722157648     0.115471628866993     0     10     -10
44.9602083259105     0.115945654405234     0     10     -10
44.9469444387722     0.116173912509543     0     10     -10
44.9336805552553     0.116043728959475     0     10     -10
44.9204166762651     0.116845115853165     0     10     -10
44.9071528027069     0.116695642089682     0     10     -10
44.8938889354862     0.116598863996443     0     10     -10
44.8806250755081     0.116913171161107     0     10     -10
44.8673612236781     0.116939816666813     0     10     -10
44.8540973809016     0.117677919269778     0     10     -10
44.8408335480838     0.117983637043283     0     10     -10
44.8275697261302     0.117937129852883     0     10     -10
44.8143059159461     0.118049069574799     0     10     -10
44.8010421184369     0.119223376478229     0     10     -10
44.7877783345079     0.118932342661843     0     10     -10
44.7745145650645     0.118510742616503     0     10     -10
44.7612508110122     0.118748864686658     0     10     -10
44.7479870732562     0.120098644899691     0     10     -10
44.7347233527021     0.119769369676322     0     10     -10
44.7214596502551     0.120461094631592     0     10     -10
44.7081959668207     0.121026590424455     0     10     -10
44.6949323033044     0.119799039919801     0     10     -10
44.6816686606115     0.120429542611776     0     10     -10
44.6684050396474     0.120810298111851     0     10     -10
44.6551414413176     0.120820461247004     0     10     -10
44.6418778665275     0.121458708353302     0     10     -10
44.6286143161827     0.122276142008839     0     10     -10
44.6153507911885     0.122290912588398     0     10     -10
44.6020872924504     0.12252858907488     0     10     -10
44.5888238208739     0.121730331383803     0     10     -10
44.5755603773645     0.122072895707169     0     10     -10
44.5622969628277     0.122417464219929     0     10     -10
44.549033578169     0.122374556327268     0     10     -10
44.5357702242939     0.12330650097837     0     10     -10
44.522506902108     0.123913765570191     0     10     -10
44.5092436125167     0.123868882898539     0     10     -10
44.4959803564257     0.123611769152281     0     10     -10
44.4827171347406     0.122955551859922     0     10     -10
44.4694539483668     0.123115747539855     0     10     -10
44.45619079821     0.122902613299917     0     10     -10
44.4429276851758     0.124554362141525     0     10     -10
44.4296646101698     0.125386940540599     0     10     -10
44.4164015740977     0.125060097950109     0     10     -10
44.4031385778651     0.125475131233183     0     10     -10
44.3898756223776     0.125071444194934     0     10     -10
44.376612708541     0.124773723625937     0     10     -10
44.3633498372608     0.125403832120723     0     10     -10
44.3500870094429     0.125372292989871     0     10     -10
44.336824225993     0.126066909058332     0     10     -10
44.3235614878167     0.126272653027017     0     10     -10
44.3102987958199     0.127069572204209     0     10     -10
44.2970361509082     0.126927688287284     0     10     -10
44.2837735539876     0.125850990958156     0     10     -10
44.2705110059638     0.126724999169031     0     10     -10
44.2572485077426     0.126659872399152     0     10     -10
44.2439860602298     0.126509978429193     0     10     -10
44.2307236643314     0.127139524645232     0     10     -10
44.2174613209532     0.127252401914976     0     10     -10
44.2041990310011     0.127522125351504     0     10     -10
44.190936795381     0.12595919878008     0     10     -10
44.1776746149988     0.127023107630142     0     10     -10
44.1644124907606     0.127314234715216     0     10     -10
44.1511504235722     0.127502381996308     0     10     -10
44.1378884143397     0.127915124431574     0     10     -10
44.1246264639691     0.128426471986311     0     10     -10
44.1113645733664     0.128731934078557     0     10     -10
44.0981027434377     0.129116861793911     0     10     -10
44.0848409750891     0.128064919588324     0     10     -10
44.0715792692266     0.128254675993756     0     10     -10
44.0583176267565     0.128486451330741     0     10     -10
44.0450560485848     0.12869596922071     0     10     -10
44.0317945356177     0.129231160451607     0     10     -10
44.0185330887614     0.129899210877192     0     10     -10
44.0052717089222     0.12973121516989     0     10     -10
43.9920103970062     0.129218124782358     0     10     -10
43.9787491539198     0.129233541423143     0     10     -10
43.9654879805692     0.129872712062749     0     10     -10
43.9522268778607     0.129436636173045     0     10     -10
43.9389658467008     0.130235281749636     0     10     -10
43.9257048879957     0.130330313485441     0     10     -10
43.912444002652     0.131159860078718     0     10     -10
43.8991831915758     0.131072498077462     0     10     -10
43.8859224556739     0.130406448039638     0     10     -10
43.8726617958525     0.130848632469794     0     10     -10
43.8594012130182     0.131474222734293     0     10     -10
43.8461407080776     0.132004508038019     0     10     -10
43.8328802819372     0.132586057936636     0     10     -10
43.8196199355036     0.132597112482904     0     10     -10
43.8063596696833     0.133066513370749     0     10     -10
43.7930994853832     0.131971301988935     0     10     -10
43.7798393835097     0.132943725878152     0     10     -10
43.7665793649697     0.132760164962638     0     10     -10
43.7533194306699     0.133327383688423     0     10     -10
43.7400595815169     0.133508785673811     0     10     -10
43.7267998184177     0.134046462717091     0     10     -10
43.7135401422791     0.134426727423089     0     10     -10
43.7002805540078     0.134613933307497     0     10     -10
43.6870210545109     0.133579837414009     0     10     -10
43.6737616446951     0.134436909192006     0     10     -10
43.6605023254675     0.134669550292903     0     10     -10
43.6472430977351     0.135498912178946     0     10     -10
43.6339839624049     0.136039943209438     0     10     -10
43.6207249203839     0.137354503343061     0     10     -10
43.6074659725792     0.137525342340728     0     10     -10
43.5942071198979     0.136271368204406     0     10     -10
43.5809483632472     0.136733169907004     0     10     -10
43.5676897035343     0.136508926463652     0     10     -10
43.5544311416664     0.136796312082965     0     10     -10
43.5411726785508     0.138199569634224     0     10     -10
43.5279143150947     0.138573070368498     0     10     -10
43.5146560522055     0.138718758050071     0     10     -10
43.5013978907905     0.138252271034111     0     10     -10
43.4881398317573     0.13870548900881     0     10     -10
43.4748818760131     0.139161563329543     0     10     -10
43.4616240244654     0.139277338284508     0     10     -10
43.4483662780219     0.140559183337516     0     10     -10
43.43510863759     0.141011980043653     0     10     -10
43.4218511040773     0.141131685367623     0     10     -10
43.4085936783915     0.141405729671741     0     10     -10
43.3953363614402     0.140991443292083     0     10     -10
43.3820791541312     0.141169709750719     0     10     -10
43.3688220573721     0.141264978026141     0     10     -10
43.3555650720708     0.14228206067375     0     10     -10
43.3423081991352     0.142622325544311     0     10     -10
43.3290514394729     0.142887506829246     0     10     -10
43.3157947939921     0.142706544917708     0     10     -10
43.3025382636006     0.143378001451157     0     10     -10
43.2892818492064     0.143215193459948     0     10     -10
43.2760255517175     0.143805445360166     0     10     -10
43.2627693720421     0.144354178887824     0     10     -10
43.2495133110882     0.145466533329257     0     10     -10
43.236257369764     0.145939620149616     0     10     -10
43.2230015489777     0.146377007055982     0     10     -10
43.2097458496376     0.144944006575733     0     10     -10
43.1964902726519     0.145395477718565     0     10     -10
43.183234818929     0.145427779127698     0     10     -10
43.1699794893773     0.146161704715454     0     10     -10
43.1567242849051     0.146395813692383     0     10     -10
43.1434692064209     0.147224892195247     0     10     -10
43.1302142548334     0.147350348095461     0     10     -10
43.1169594310509     0.146122561708783     0     10     -10
43.1037047359822     0.14694830514089     0     10     -10
43.0904501705359     0.147009257764839     0     10     -10
43.0771957356206     0.147313471952419     0     10     -10
43.0639414321452     0.148147610793405     0     10     -10
43.0506872610184     0.148767022185899     0     10     -10
43.0374332231491     0.148878814956487     0     10     -10
43.0241793194461     0.149052894672983     0     10     -10
43.0109255508184     0.148084995696356     0     10     -10
42.9976719181749     0.148773570458737     0     10     -10
42.9844184224248     0.148549481963094     0     10     -10
42.9711650644771     0.149078623147877     0     10     -10
42.9579118452409     0.149425635070106     0     10     -10
42.9446587656254     0.149638037275998     0     10     -10
42.9314058265398     0.149871259752415     0     10     -10
42.9181530288935     0.148404302401433     0     10     -10
42.9049003735958     0.149044800819507     0     10     -10
42.891647861556     0.149365903018168     0     10     -10
42.8783954936836     0.150468498466528     0     10     -10
42.865143270888     0.150593358426583     0     10     -10
42.8518911940789     0.150806925660431     0     10     -10
42.8386392641659     0.151462129048423     0     10     -10
42.8253874820585     0.150392842193578     0     10     -10
42.8121358486664     0.150016472396581     0     10     -10
42.7988843648995     0.150696591527062     0     10     -10
42.7856330316676     0.150745180007207     0     10     -10
42.7723818498804     0.151961950474101     0     10     -10
42.759130820448     0.15252115983668     0     10     -10
42.7458799442802     0.152766937260484     0     10     -10
42.7326292222872     0.15114399832544     0     10     -10
42.719378655379     0.15237288817192     0     10     -10
42.7061282444657     0.152459203583369     0     10     -10
42.6928779904575     0.152663821126949     0     10     -10
42.6796278942648     0.152771110319578     0     10     -10
42.6663779567977     0.154172789889527     0     10     -10
42.6531281789667     0.153861601143709     0     10     -10
42.6398785616822     0.153023388612672     0     10     -10
42.6266291058547     0.153671671052792     0     10     -10
42.6133798123947     0.154182511944082     0     10     -10
42.6001306822128     0.154404370151405     0     10     -10
42.5868817162196     0.15494792186361     0     10     -10
42.573632915326     0.15539015161327     0     10     -10
42.5603842804426     0.156261127615611     0     10     -10
42.5471358124802     0.156405203248563     0     10     -10
42.5338875123499     0.155582105796066     0     10     -10
42.5206393809625     0.156043927178029     0     10     -10
42.5073914192291     0.156472856950259     0     10     -10
42.4941436280607     0.157158417600901     0     10     -10
42.4808960083686     0.157719717600096     0     10     -10
42.4676485610637     0.157680524794168     0     10     -10
42.4544012870576     0.15868689794042     0     10     -10
42.4411541872613     0.157563005488798     0     10     -10
42.4279072625865     0.157735526172149     0     10     -10
42.4146605139445     0.158381772247305     0     10     -10
42.4014139422467     0.158948020474872     0     10     -10
42.3881675484049     0.158977950735299     0     10     -10
42.3749213333306     0.159877465956526     0     10     -10
42.3616752979356     0.159832508439192     0     10     -10
42.3484294431316     0.158725562141813     0     10     -10
42.3351837698304     0.159449984882295     0     10     -10
42.3219382789441     0.159761387737411     0     10     -10
42.3086929713844     0.160140131138985     0     10     -10
42.2954478480635     0.160961551120143     0     10     -10
42.2822029098935     0.161340574947133     0     10     -10
42.2689581577864     0.162316991032606     0     10     -10
42.2557135926547     0.161954154476544     0     10     -10
42.2424692154105     0.161823550512309     0     10     -10
42.2292250269662     0.162543381129074     0     10     -10
42.2159810282344     0.163097181768124     0     10     -10
42.2027372201273     0.163766742429634     0     10     -10
42.1894936035578     0.164950563687256     0     10     -10
42.1762501794383     0.16466634239398     0     10     -10
42.1630069486816     0.163996946998828     0     10     -10
42.1497639122005     0.164417086385944     0     10     -10
42.1365210709078     0.165155211720155     0     10     -10
42.1232784257165     0.165447150554755     0     10     -10
42.1100359775395     0.166238653725508     0     10     -10
42.09679372729     0.166516546825062     0     10     -10
42.083551675881     0.1668157239444     0     10     -10
42.0703098242257     0.165681328638368     0     10     -10
42.0570681732375     0.16669953198103     0     10     -10
42.0438267238296     0.166835008618639     0     10     -10
42.0305854769156     0.167405050631247     0     10     -10
42.0173444334088     0.167891365925482     0     10     -10
42.0041035942229     0.168320778884222     0     10     -10
41.9908629602715     0.168247940904384     0     10     -10
41.9776225324684     0.168275733270092     0     10     -10
41.9643823117272     0.167533673067089     0     10     -10
41.9511422989619     0.168277344484423     0     10     -10
41.9379024950865     0.167659672356938     0     10     -10
41.9246629010149     0.168931747795916     0     10     -10
41.9114235176612     0.169521492172805     0     10     -10
41.8981843459396     0.169931505643691     0     10     -10
41.8849453867643     0.168599185398881     0     10     -10
41.8717066410497     0.169047795584755     0     10     -10
41.8584681097102     0.169629096234712     0     10     -10
41.8452297936601     0.169256959958462     0     10     -10
41.8319916938142     0.169055901466248     0     10     -10
41.8187538110869     0.169049583001705     0     10     -10
41.8055161463931     0.168828805642815     0     10     -10
41.7922787006474     0.167872789200507     0     10     -10
41.7790414747648     0.167533177861385     0     10     -10
41.7658044696602     0.16677867365715     0     10     -10
41.7525676862486     0.166317501399858     0     10     -10
41.7393311254452     0.16694361610184     0     10     -10
41.726094788165     0.166200777754663     0     10     -10
41.7128586753234     0.165856119394135     0     10     -10
41.6996227878358     0.163889164580773     0     10     -10
41.6863871266174     0.163855837696879     0     10     -10
41.673151692584     0.162619467899159     0     10     -10
41.6599164866509     0.16213559706606     0     10     -10
41.646681509734     0.161201736255822     0     10     -10
41.6334467627489     0.16047147289507     0     10     -10
41.6202122466115     0.158821174830009     0     10     -10
41.6069779622377     0.157238659018367     0     10     -10
41.5937439105435     0.15522378121447     0     10     -10
41.580510092445     0.154767638641141     0     10     -10
41.5672765088584     0.152945473566615     0     10     -10
41.5540431606999     0.151354602058482     0     10     -10
41.5408100488858     0.149518875061707     0     10     -10
41.5275771743327     0.147629172844762     0     10     -10
41.5143445379569     0.144710295560802     0     10     -10
41.5011121406751     0.142362734499043     0     10     -10
41.487879983404     0.140630456090188     0     10     -10
41.4746480670603     0.138160153966283     0     10     -10
41.4614163925608     0.135400490299741     0     10     -10
41.4481849608227     0.133070765747177     0     10     -10
41.4349537727627     0.130300421515292     0     10     -10
41.4217228292982     0.12766388911481     0     10     -10
41.4084921313462     0.124542269706283     0     10     -10
41.395261679824     0.121817286061449     0     10     -10
41.3820314756491     0.118863466109231     0     10     -10
41.368801519739     0.116586821073909     0     10     -10
41.3555718130111     0.113357166197636     0     10     -10
41.3423423563831     0.110839312262116     0     10     -10
41.3291131507728     0.107898080151186     0     10     -10
41.315884197098     0.10594922346029     0     10     -10
41.3026554962766     0.103558881662264     0     10     -10
41.2894270492266     0.101428026139728     0     10     -10
41.2761988568661     0.0997385801305356     0     10     -10
41.2629709201134     0.0982673675863897     0     10     -10
41.2497432398867     0.0972670323469538     0     10     -10
41.2365158171043     0.0963818851930393     0     10     -10
41.2232886526848     0.0954956850776747     0     10     -10
41.2100617475467     0.0952819283536834     0     10     -10
41.1968351026086     0.0956921223247596     0     10     -10
41.1836087187894     0.096138472149936     0     10     -10
41.1703825970079     0.0967722997883354     0     10     -10
41.1571567381829     0.0975777457724001     0     10     -10
41.1439311432336     0.09856574112603     0     10     -10
41.130705813079     0.0998873711745793     0     10     -10
41.1174807486384     0.101606658628486     0     10     -10
41.1042559508312     0.103021237740005     0     10     -10
41.0910314205766     0.105110470435834     0     10     -10
41.0778071587943     0.106923824549683     0     10     -10
41.0645831664038     0.108493679379306     0     10     -10
41.0513594443248     0.110184430988665     0     10     -10
41.0381359934772     0.111717359383323     0     10     -10
41.0249128147808     0.113952580215114     0     10     -10
41.0116899091557     0.115626004927429     0     10     -10
40.9984672775219     0.117515530831377     0     10     -10
40.9852449207996     0.11939721786523     0     10     -10
40.9720228399091     0.121758405296073     0     10     -10
40.9588010357708     0.122523824823351     0     10     -10
40.9455795093053     0.12435159750633     0     10     -10
40.932358261433     0.12575774405019     0     10     -10
40.9191372930747     0.127349099906011     0     10     -10
40.9059166051511     0.128644502137913     0     10     -10
40.8926961985833     0.129218693706295     0     10     -10
40.8794760742921     0.130471785935299     0     10     -10
40.8662562331986     0.132024127769992     0     10     -10
40.8530366762241     0.132709734726324     0     10     -10
40.8398174042898     0.134255565866665     0     10     -10
40.8265984183172     0.135209435118979     0     10     -10
40.8133797192277     0.135776820805084     0     10     -10
40.800161307943     0.136591425296923     0     10     -10
40.7869431853848     0.137009973361202     0     10     -10
40.7737253524748     0.137735672547001     0     10     -10
40.7605078101351     0.138500542985191     0     10     -10
40.7472905592876     0.138323116997175     0     10     -10
40.7340736008544     0.140137556526424     0     10     -10
40.7208569357578     0.140333222985016     0     10     -10
40.7076405649202     0.140775544231078     0     10     -10
40.6944244892639     0.140237604892124     0     10     -10
40.6812087097115     0.140547808539791     0     10     -10
40.6679932271857     0.14113786298236     0     10     -10
40.6547780426093     0.141281448215871     0     10     -10
40.6415631569051     0.141422378996056     0     10     -10
40.628348570996     0.142235371768305     0     10     -10
40.6151342858053     0.141975117095077     0     10     -10
40.601920302256     0.141452428485244     0     10     -10
40.5887066212714     0.141233849853033     0     10     -10
40.5754932437751     0.141476467938464     0     10     -10
40.5622801706905     0.141049811145449     0     10     -10
40.5490674029412     0.14147046684073     0     10     -10
40.5358549414509     0.141664729467018     0     10     -10
40.5226427871436     0.141332511707674     0     10     -10
40.5094309409432     0.139806035373342     0     10     -10
40.4962194037737     0.139828957146523     0     10     -10
40.4830081765594     0.139725796485291     0     10     -10
40.4697972602245     0.138847060786737     0     10     -10
40.4565866556934     0.139375211107826     0     10     -10
40.4433763638906     0.138931436532108     0     10     -10
40.4301663857409     0.138541403135965     0     10     -10
40.4169567221688     0.13712288147298     0     10     -10
40.4037473740993     0.136708831655235     0     10     -10
40.3905383424574     0.136725201124004     0     10     -10
40.3773296281681     0.135722211980277     0     10     -10
40.3641212321566     0.135180459391225     0     10     -10
