40.3773296281681     0.0912686374884643     0     4     10
40.3905383424574     0.0911046371006858     0     4     10
40.4037473740993     0.0911132006961178     0     4     10
40.4169567221688     0.0907790832324151     0     4     10
40.4301663857409     0.0914441587044684     0     4     10
40.4433763638906     0.0904923979741627     0     4     10
40.4565866556934     0.0903341190232278     0     4     10
40.4697972602245     0.090582171388059     0     4     10
40.4830081765594     0.0909074452988448     0     4     10
40.4962194037737     0.0908533461167304     0     4     10
40.5094309409432     0.0907429575186189     0     4     10
40.5226427871436     0.0904224537572846     0     4     10
40.5358549414509     0.0907604906627376     0     4     10
40.5490674029412     0.0902912642829892     0     4     10
40.5622801706905     0.0905642388429164     0     4     10
40.5754932437751     0.0902218610512075     0     4     10
40.5887066212714     0.090328546275022     0     4     10
40.601920302256     0.0899804540373682     0     4     10
40.6151342858053     0.0899301411933532     0     4     10
40.628348570996     0.0899966601126275     0     4     10
40.6415631569051     0.0898502565994965     0     4     10
40.6547780426093     0.0902616453893083     0     4     10
40.6679932271857     0.0897920186552598     0     4     10
40.6812087097115     0.0901095354996258     0     4     10
40.6944244892639     0.0895523509166914     0     4     10
40.7076405649202     0.0898306960098566     0     4     10
40.7208569357578     0.0900146609502936     0     4     10
40.7340736008544     0.0899882263948276     0     4     10
40.7472905592876     0.0898136075298467     0     4     10
40.7605078101351     0.0898900241468562     0     4     10
40.7737253524748     0.0900283433250617     0     4     10
40.7869431853848     0.0900157700015815     0     4     10
40.800161307943     0.0897398638609433     0     4     10
40.8133797192277     0.0895586100346643     0     4     10
40.8265984183172     0.0896681986523122     0     4     10
40.8398174042898     0.0895368099492249     0     4     10
40.8530366762241     0.0893009938503858     0     4     10
40.8662562331986     0.0895132064700203     0     4     10
40.8794760742921     0.0894843498570784     0     4     10
40.8926961985833     0.0891566207724567     0     4     10
40.9059166051511     0.0892352553966408     0     4     10
40.9191372930747     0.0887671603151261     0     4     10
40.932358261433     0.0893518307916063     0     4     10
40.9455795093053     0.0892457063905395     0     4     10
40.9588010357708     0.0890128553256976     0     4     10
40.9720228399091     0.089157925204102     0     4     10
40.9852449207996     0.0893834301486047     0     4     10
40.9984672775219     0.0889228034035418     0     4     10
41.0116899091557     0.0891533614918849     0     4     10
41.0249128147808     0.0884982540357667     0     4     10
41.0381359934772     0.0888874923527853     0     4     10
41.0513594443248     0.0884146249362775     0     4     10
41.0645831664038     0.0885841901534537     0     4     10
41.0778071587943     0.088492194886991     0     4     10
41.0910314205766     0.088655317540156     0     4     10
41.1042559508312     0.0884536685779773     0     4     10
41.1174807486384     0.0883605627093621     0     4     10
41.130705813079     0.088221855277983     0     4     10
41.1439311432336     0.0884304918661303     0     4     10
41.1571567381829     0.0882154574929489     0     4     10
41.1703825970079     0.0880786946150045     0     4     10
41.1836087187894     0.088606472431228     0     4     10
41.1968351026086     0.0885083265942264     0     4     10
41.2100617475467     0.0878767995119592     0     4     10
41.2232886526848     0.0881592674758532     0     4     10
41.2365158171043     0.0885006079143556     0     4     10
41.2497432398867     0.0877720812055277     0     4     10
41.2629709201134     0.0880832025163072     0     4     10
41.2761988568661     0.0877563616867744     0     4     10
41.2894270492266     0.0877685071941323     0     4     10
41.3026554962766     0.0876502658003424     0     4     10
41.315884197098     0.0874547914651482     0     4     10
41.3291131507728     0.087956284397885     0     4     10
41.3423423563831     0.0879733031207606     0     4     10
41.3555718130111     0.0875023934632732     0     4     10
41.368801519739     0.0875805186417887     0     4     10
41.3820314756491     0.0879571142617109     0     4     10
41.395261679824     0.0878595723009357     0     4     10
41.4084921313462     0.0876886192853795     0     4     10
41.4217228292982     0.0879284376765522     0     4     10
41.4349537727627     0.0875342633568431     0     4     10
41.4481849608227     0.0872672883443484     0     4     10
41.4614163925608     0.0872098083927045     0     4     10
41.4746480670603     0.0873488880816448     0     4     10
41.487879983404     0.0873061524532445     0     4     10
41.5011121406751     0.087478172970559     0     4     10
41.5143445379569     0.0869759580369852     0     4     10
41.5275771743327     0.0874779185829425     0     4     10
41.5408100488858     0.0873014387006261     0     4     10
41.5540431606999     0.0869083817870761     0     4     10
41.5672765088584     0.0869773063775985     0     4     10
41.580510092445     0.0875593904122093     0     4     10
41.5937439105435     0.0871130948656849     0     4     10
41.6069779622377     0.0872854187261605     0     4     10
41.6202122466115     0.0876610019522279     0     4     10
41.6334467627489     0.0872019058874127     0     4     10
41.646681509734     0.0872974496419588     0     4     10
41.6599164866509     0.0868740189502233     0     4     10
41.673151692584     0.0869863653607397     0     4     10
41.6863871266174     0.0871800310233368     0     4     10
41.6996227878358     0.0869907558452253     0     4     10
41.7128586753234     0.0867612671060438     0     4     10
41.726094788165     0.086259606779831     0     4     10
41.7393311254452     0.0868632502466508     0     4     10
41.7525676862486     0.0865676736640786     0     4     10
41.7658044696602     0.0870191615484739     0     4     10
41.7790414747648     0.0867702974565981     0     4     10
41.7922787006474     0.0866968155122765     0     4     10
41.8055161463931     0.0867910597184203     0     4     10
41.8187538110869     0.0864846285934078     0     4     10
41.8319916938142     0.0867487488913888     0     4     10
41.8452297936601     0.0862636955834709     0     4     10
41.8584681097102     0.0864375420732583     0     4     10
41.8717066410497     0.0861626193823199     0     4     10
41.8849453867643     0.0863324118537961     0     4     10
41.8981843459396     0.0859427254987239     0     4     10
41.9114235176612     0.086589296156629     0     4     10
41.9246629010149     0.0859815819713853     0     4     10
41.9379024950865     0.08574580460128     0     4     10
41.9511422989619     0.0862965807950802     0     4     10
41.9643823117272     0.0859346411021012     0     4     10
41.9776225324684     0.0861195017383947     0     4     10
41.9908629602715     0.0856973409038874     0     4     10
42.0041035942229     0.0861415779154796     0     4     10
42.0173444334088     0.0863319782670775     0     4     10
42.0305854769156     0.0860564909785723     0     4     10
42.0438267238296     0.0860248421214931     0     4     10
42.0570681732375     0.0855416496807278     0     4     10
42.0703098242257     0.085769138840035     0     4     10
42.083551675881     0.0858142396408379     0     4     10
42.09679372729     0.0859517821060014     0     4     10
42.1100359775395     0.085267091351116     0     4     10
42.1232784257165     0.0854278616317759     0     4     10
42.1365210709078     0.0854239280432892     0     4     10
42.1497639122005     0.0852975407849873     0     4     10
42.1630069486816     0.0847459911242329     0     4     10
42.1762501794383     0.0851434610070682     0     4     10
42.1894936035578     0.0851906129496014     0     4     10
42.2027372201273     0.0854562842501319     0     4     10
42.2159810282344     0.0852019857139525     0     4     10
42.2292250269662     0.0853356972218454     0     4     10
42.2424692154105     0.0850986528911506     0     4     10
42.2557135926547     0.0855759578185658     0     4     10
42.2689581577864     0.0854063596221249     0     4     10
42.2822029098935     0.0848126081247551     0     4     10
42.2954478480635     0.0853390089678041     0     4     10
42.3086929713844     0.0847826307646337     0     4     10
42.3219382789441     0.0848334259956903     0     4     10
42.3351837698304     0.0848878586017992     0     4     10
42.3484294431316     0.0847363561343585     0     4     10
42.3616752979356     0.0846501829246595     0     4     10
42.3749213333306     0.0853291939320181     0     4     10
42.3881675484049     0.0846424031102761     0     4     10
42.4014139422467     0.0848049955811617     0     4     10
42.4146605139445     0.0850121803731307     0     4     10
42.4279072625865     0.0847872227636632     0     4     10
42.4411541872613     0.084904715178638     0     4     10
42.4544012870576     0.0845421286186072     0     4     10
42.4676485610637     0.0843873809270708     0     4     10
42.4808960083686     0.0846059414721525     0     4     10
42.4941436280607     0.0847726997353032     0     4     10
42.5073914192291     0.0843049821930528     0     4     10
42.5206393809625     0.0840924933038429     0     4     10
42.5338875123499     0.0841683682063856     0     4     10
42.5471358124802     0.0845948076362769     0     4     10
42.5603842804426     0.0844529905063123     0     4     10
42.573632915326     0.0842219510404704     0     4     10
42.5868817162196     0.084529787100924     0     4     10
42.6001306822128     0.0840121960397088     0     4     10
42.6133798123947     0.0846136455637042     0     4     10
42.6266291058547     0.0840014947829491     0     4     10
42.6398785616822     0.0841422986430426     0     4     10
42.6531281789667     0.0840791704828113     0     4     10
42.6663779567977     0.0839005376366892     0     4     10
42.6796278942648     0.0838395504466465     0     4     10
42.6928779904575     0.0839656689425361     0     4     10
42.7061282444657     0.0836105039929521     0     4     10
42.719378655379     0.0835707598609721     0     4     10
42.7326292222872     0.0835853424219794     0     4     10
42.7458799442802     0.0836555405055442     0     4     10
42.759130820448     0.0833453687276287     0     4     10
42.7723818498804     0.083154976434098     0     4     10
42.7856330316676     0.0831182201451372     0     4     10
42.7988843648995     0.083671085707998     0     4     10
42.8121358486664     0.0838177193291517     0     4     10
42.8253874820585     0.0834089882098175     0     4     10
42.8386392641659     0.0835842944917594     0     4     10
42.8518911940789     0.0838236304585168     0     4     10
42.865143270888     0.0838186909567006     0     4     10
42.8783954936836     0.083304348872107     0     4     10
42.891647861556     0.083660782726527     0     4     10
42.9049003735958     0.083337038438869     0     4     10
42.9181530288935     0.0834036805129234     0     4     10
42.9314058265398     0.0828697400928505     0     4     10
42.9446587656254     0.0830448035689553     0     4     10
42.9579118452409     0.0829480032211933     0     4     10
42.9711650644771     0.0835251944123122     0     4     10
42.9844184224248     0.0828343096584833     0     4     10
42.9976719181749     0.0830940915062345     0     4     10
43.0109255508184     0.0831092467162356     0     4     10
43.0241793194461     0.0830590168757331     0     4     10
43.0374332231491     0.0831023924272767     0     4     10
43.0506872610184     0.083251213139141     0     4     10
43.0639414321452     0.0834902733137993     0     4     10
43.0771957356206     0.0835131035486852     0     4     10
43.0904501705359     0.0835288551316019     0     4     10
43.1037047359822     0.0828032327217201     0     4     10
43.1169594310509     0.0829861374671987     0     4     10
43.1302142548334     0.0825719566243053     0     4     10
43.1434692064209     0.0828280963022255     0     4     10
43.1567242849051     0.0826864296757328     0     4     10
43.1699794893773     0.0824699680943387     0     4     10
43.183234818929     0.0823672827429286     0     4     10
43.1964902726519     0.0824560399604342     0     4     10
43.2097458496376     0.0826145924497866     0     4     10
43.2230015489777     0.0825808684890652     0     4     10
43.236257369764     0.0819613812242951     0     4     10
43.2495133110882     0.0827882123560134     0     4     10
43.2627693720421     0.0824838790877106     0     4     10
43.2760255517175     0.0825286393250047     0     4     10
43.2892818492064     0.0825409897015723     0     4     10
43.3025382636006     0.0822505340350723     0     4     10
43.3157947939921     0.0821735247782232     0     4     10
43.3290514394729     0.0820003050404628     0     4     10
43.3423081991352     0.0819714753761766     0     4     10
43.3555650720708     0.0821943131423459     0     4     10
43.3688220573721     0.0819394866238666     0     4     10
43.3820791541312     0.081853231092615     0     4     10
43.3953363614402     0.0820865077825331     0     4     10
43.4085936783915     0.0818523294837816     0     4     10
43.4218511040773     0.0819474218703177     0     4     10
43.43510863759     0.0820076346169648     0     4     10
43.4483662780219     0.0817667725308975     0     4     10
43.4616240244654     0.0821082438566488     0     4     10
43.4748818760131     0.0821412000564683     0     4     10
43.4881398317573     0.0816949347563023     0     4     10
43.5013978907905     0.081438781845004     0     4     10
43.5146560522055     0.0816188648141025     0     4     10
43.5279143150947     0.0815036940553409     0     4     10
43.5411726785508     0.081552875278621     0     4     10
43.5544311416664     0.0810759182271984     0     4     10
43.5676897035343     0.0809862118544345     0     4     10
43.5809483632472     0.0813834802381874     0     4     10
43.5942071198979     0.0813892363122805     0     4     10
43.6074659725792     0.081469901799418     0     4     10
43.6207249203839     0.0815598979439309     0     4     10
43.6339839624049     0.0816326030953174     0     4     10
43.6472430977351     0.0816347368658713     0     4     10
43.6605023254675     0.0815868732782406     0     4     10
43.6737616446951     0.081112425397796     0     4     10
43.6870210545109     0.0811591326496786     0     4     10
43.7002805540078     0.0809629013816203     0     4     10
43.7135401422791     0.0813666301130981     0     4     10
43.7267998184177     0.0815002878919309     0     4     10
43.7400595815169     0.0807830183334722     0     4     10
43.7533194306699     0.0807205036516963     0     4     10
43.7665793649697     0.0808714103397412     0     4     10
43.7798393835097     0.0812944293112183     0     4     10
43.7930994853832     0.0812059827230005     0     4     10
43.8063596696833     0.0813172333191936     0     4     10
43.8196199355036     0.0813856409148799     0     4     10
43.8328802819372     0.0815680656400408     0     4     10
43.8461407080776     0.0814058302411077     0     4     10
43.8594012130182     0.0810202164506812     0     4     10
43.8726617958525     0.0809239758160861     0     4     10
43.8859224556739     0.0807911312633936     0     4     10
43.8991831915758     0.0809503135610371     0     4     10
43.912444002652     0.08080322728654     0     4     10
43.9257048879957     0.0805257677224233     0     4     10
43.9389658467008     0.0810903465511892     0     4     10
43.9522268778607     0.0808273043611059     0     4     10
43.9654879805692     0.0805186282373382     0     4     10
43.9787491539198     0.0806987927334973     0     4     10
43.9920103970062     0.080963765439038     0     4     10
44.0052717089222     0.0807435055817806     0     4     10
44.0185330887614     0.0805059256839703     0     4     10
44.0317945356177     0.0809653652108713     0     4     10
44.0450560485848     0.0809817437298048     0     4     10
44.0583176267565     0.0811665389541816     0     4     10
44.0715792692266     0.0807863176867886     0     4     10
44.0848409750891     0.0804861149521042     0     4     10
44.0981027434377     0.0804676969126508     0     4     10
44.1113645733664     0.0803968274258209     0     4     10
44.1246264639691     0.0808737966465178     0     4     10
44.1378884143397     0.0798864555772227     0     4     10
44.1511504235722     0.0804590371297961     0     4     10
44.1644124907606     0.0802891812481368     0     4     10
44.1776746149988     0.0803143308069646     0     4     10
44.190936795381     0.0803867579547628     0     4     10
44.2041990310011     0.0803829383441258     0     4     10
44.2174613209532     0.080571051351365     0     4     10
44.2307236643314     0.0803882484873145     0     4     10
44.2439860602298     0.0808114387708968     0     4     10
44.2572485077426     0.0804136241455711     0     4     10
44.2705110059638     0.0804729396246823     0     4     10
44.2837735539876     0.0806308744995286     0     4     10
44.2970361509082     0.0800194547080036     0     4     10
44.3102987958199     0.0803993634726173     0     4     10
44.3235614878167     0.0801005498845939     0     4     10
44.336824225993     0.0799826402943476     0     4     10
44.3500870094429     0.0798577595407849     0     4     10
44.3633498372608     0.0795293319654391     0     4     10
44.376612708541     0.0798723229918366     0     4     10
44.3898756223776     0.0794947018990513     0     4     10
44.4031385778651     0.0795920865553362     0     4     10
44.4164015740977     0.0795597548672076     0     4     10
44.4296646101698     0.0792220431630036     0     4     10
44.4429276851758     0.0793029845615795     0     4     10
44.45619079821     0.0795066005660656     0     4     10
44.4694539483668     0.0792577101137621     0     4     10
44.4827171347406     0.0799601185690787     0     4     10
44.4959803564257     0.0798479582576531     0     4     10
44.5092436125167     0.0793550082026752     0     4     10
44.522506902108     0.0796682576296424     0     4     10
44.5357702242939     0.0798197695474435     0     4     10
44.549033578169     0.0793915813217855     0     4     10
44.5622969628277     0.0791731236322728     0     4     10
44.5755603773645     0.0796879632646928     0     4     10
44.5888238208739     0.0792103670819275     0     4     10
44.6020872924504     0.0791012926537692     0     4     10
44.6153507911885     0.0796612131286093     0     4     10
44.6286143161827     0.078928530658995     0     4     10
44.6418778665275     0.0790082307304285     0     4     10
44.6551414413176     0.0792747519745423     0     4     10
44.6684050396474     0.0796401480740181     0     4     10
44.6816686606115     0.0791946582720955     0     4     10
44.6949323033044     0.0793476693265965     0     4     10
44.7081959668207     0.079120455337149     0     4     10
44.7214596502551     0.0790418198788045     0     4     10
44.7347233527021     0.0791388410920009     0     4     10
44.7479870732562     0.0792985146536201     0     4     10
44.7612508110122     0.0789599218380758     0     4     10
44.7745145650645     0.0787822928198865     0     4     10
44.7877783345079     0.0789210493848169     0     4     10
44.8010421184369     0.0785857931647108     0     4     10
44.8143059159461     0.0784179171858341     0     4     10
44.8275697261302     0.0787049779681522     0     4     10
44.8408335480838     0.078571578507069     0     4     10
44.8540973809016     0.078798910206842     0     4     10
44.8673612236781     0.0785107588722481     0     4     10
44.8806250755081     0.0790231412934486     0     4     10
44.8938889354862     0.078781960269652     0     4     10
44.9071528027069     0.0790605859253103     0     4     10
44.9204166762651     0.0785929158330168     0     4     10
44.9336805552553     0.078668028864812     0     4     10
44.9469444387722     0.0785464460528765     0     4     10
44.9602083259105     0.0784738132141308     0     4     10
44.9734722157648     0.0779454601091559     0     4     10
44.9867361074297     0.0784172211921195     0     4     10
45     0.0782204307164544     0     4     10
