44.9867361074297     0.0962501756381898     0     -6     10
44.9734722157648     0.0956583690175772     0     -6     10
44.9602083259105     0.0949793005141097     0     -6     10
44.9469444387722     0.0944956123224576     0     -6     10
44.9336805552553     0.0946753609667689     0     -6     10
44.9204166762651     0.0939751028545471     0     -6     10
44.9071528027069     0.0940169375278866     0     -6     10
44.8938889354862     0.0947630820234422     0     -6     10
44.8806250755081     0.0943840562958159     0     -6     10
44.8673612236781     0.0939803208045813     0     -6     10
44.8540973809016     0.0935038207503332     0     -6     10
44.8408335480838     0.0938010632572652     0     -6     10
44.8275697261302     0.0938126251284701     0     -6     10
44.8143059159461     0.0928626227971064     0     -6     10
44.8010421184369     0.0928102635744894     0     -6     10
44.7877783345079     0.0955984686949017     0     -6     10
44.7745145650645     0.0954561541847905     0     -6     10
44.7612508110122     0.0933093187886672     0     -6     10
44.7479870732562     0.0935680239557881     0     -6     10
44.7347233527021     0.0931256466433552     0     -6     10
44.7214596502551     0.0935359588673743     0     -6     10
44.7081959668207     0.0933391880091722     0     -6     10
44.6949323033044     0.0960659519506427     0     -6     10
44.6816686606115     0.0959660162047689     0     -6     10
44.6684050396474     0.0963702703490496     0     -6     10
44.6551414413176     0.0966306269850215     0     -6     10
44.6418778665275     0.0964599387835597     0     -6     10
44.6286143161827     0.0962409492639918     0     -6     10
44.6153507911885     0.0958956030769589     0     -6     10
44.6020872924504     0.0949042952888824     0     -6     10
44.5888238208739     0.0981722511721007     0     -6     10
44.5755603773645     0.0982745914989685     0     -6     10
44.5622969628277     0.0982492405230932     0     -6     10
44.549033578169     0.0973059322692174     0     -6     10
44.5357702242939     0.0970070641643039     0     -6     10
44.522506902108     0.0967302310972451     0     -6     10
44.5092436125167     0.0970334986404983     0     -6     10
44.4959803564257     0.0961875314567463     0     -6     10
44.4827171347406     0.0993451670644723     0     -6     10
44.4694539483668     0.0978926682179776     0     -6     10
44.45619079821     0.0981521693828815     0     -6     10
44.4429276851758     0.0984801081017341     0     -6     10
44.4296646101698     0.0980170505840156     0     -6     10
44.4164015740977     0.09717040072189     0     -6     10
44.4031385778651     0.0963560483607153     0     -6     10
44.3898756223776     0.0997720364137761     0     -6     10
44.376612708541     0.0990872066894557     0     -6     10
44.3633498372608     0.0985062042923671     0     -6     10
44.3500870094429     0.0986856806252514     0     -6     10
44.336824225993     0.0981211586041259     0     -6     10
44.3235614878167     0.0979976335341055     0     -6     10
44.3102987958199     0.0966780458904992     0     -6     10
44.2970361509082     0.0963826672640499     0     -6     10
44.2837735539876     0.0990619256130703     0     -6     10
44.2705110059638     0.0991089089812433     0     -6     10
44.2572485077426     0.0985121865074402     0     -6     10
44.2439860602298     0.0966686747798801     0     -6     10
44.2307236643314     0.0975721772998729     0     -6     10
44.2174613209532     0.0968189685372221     0     -6     10
44.2041990310011     0.0955909702429875     0     -6     10
44.190936795381     0.0982371368609773     0     -6     10
44.1776746149988     0.0972859485833769     0     -6     10
44.1644124907606     0.0980856534014013     0     -6     10
44.1511504235722     0.0987922643739141     0     -6     10
44.1378884143397     0.098833372077694     0     -6     10
44.1246264639691     0.0976156953004575     0     -6     10
44.1113645733664     0.0984375371589782     0     -6     10
44.0981027434377     0.0976784764628222     0     -6     10
44.0848409750891     0.100614356490691     0     -6     10
44.0715792692266     0.0997695797433885     0     -6     10
44.0583176267565     0.0983615231526217     0     -6     10
44.0450560485848     0.0972677101268921     0     -6     10
44.0317945356177     0.0976873847184453     0     -6     10
44.0185330887614     0.09625732140664     0     -6     10
44.0052717089222     0.0964826678237249     0     -6     10
43.9920103970062     0.100153552057479     0     -6     10
43.9787491539198     0.0986883240784933     0     -6     10
43.9654879805692     0.0979075340025773     0     -6     10
43.9522268778607     0.0987245331200093     0     -6     10
43.9389658467008     0.0986891325239492     0     -6     10
43.9257048879957     0.0984537038946037     0     -6     10
43.912444002652     0.0974245701370774     0     -6     10
43.8991831915758     0.0973806947468283     0     -6     10
43.8859224556739     0.100777703191901     0     -6     10
43.8726617958525     0.100439566204733     0     -6     10
43.8594012130182     0.0987330585943259     0     -6     10
43.8461407080776     0.0998882086014437     0     -6     10
43.8328802819372     0.0985059089121192     0     -6     10
43.8196199355036     0.0975667798554788     0     -6     10
43.8063596696833     0.0964920709382114     0     -6     10
43.7930994853832     0.0994191071642992     0     -6     10
43.7798393835097     0.099600889809921     0     -6     10
43.7665793649697     0.0987980863538875     0     -6     10
43.7533194306699     0.0976323001393445     0     -6     10
43.7400595815169     0.0987383468750445     0     -6     10
43.7267998184177     0.0973886922515904     0     -6     10
43.7135401422791     0.0958947072817482     0     -6     10
43.7002805540078     0.0947974500345247     0     -6     10
43.6870210545109     0.098505078847962     0     -6     10
43.6737616446951     0.0971860884032119     0     -6     10
43.6605023254675     0.095886436235838     0     -6     10
43.6472430977351     0.0972649026423578     0     -6     10
43.6339839624049     0.0960048155354022     0     -6     10
43.6207249203839     0.0974470462085621     0     -6     10
43.6074659725792     0.0957926163172633     0     -6     10
43.5942071198979     0.09964810943004     0     -6     10
43.5809483632472     0.0989508680149616     0     -6     10
43.5676897035343     0.0997494590278973     0     -6     10
43.5544311416664     0.0987813935829583     0     -6     10
43.5411726785508     0.099426385663219     0     -6     10
43.5279143150947     0.0988144665115516     0     -6     10
43.5146560522055     0.0974033791355627     0     -6     10
43.5013978907905     0.101251248763962     0     -6     10
43.4881398317573     0.100065058004679     0     -6     10
43.4748818760131     0.0993138441801211     0     -6     10
43.4616240244654     0.100056498772353     0     -6     10
43.4483662780219     0.100655925080499     0     -6     10
43.43510863759     0.100165810986904     0     -6     10
43.4218511040773     0.0993840740790458     0     -6     10
43.4085936783915     0.0997724676402975     0     -6     10
43.3953363614402     0.103062829880311     0     -6     10
43.3820791541312     0.10259242798722     0     -6     10
43.3688220573721     0.102160918219006     0     -6     10
43.3555650720708     0.102743707685427     0     -6     10
43.3423081991352     0.102577083891988     0     -6     10
43.3290514394729     0.101737025527623     0     -6     10
43.3157947939921     0.10298889012866     0     -6     10
43.3025382636006     0.106127424575037     0     -6     10
43.2892818492064     0.105460037575558     0     -6     10
43.2760255517175     0.104072505857681     0     -6     10
43.2627693720421     0.103708630478063     0     -6     10
43.2495133110882     0.104006606806981     0     -6     10
43.236257369764     0.104379729205501     0     -6     10
43.2230015489777     0.102603615992164     0     -6     10
43.2097458496376     0.106899749650352     0     -6     10
43.1964902726519     0.106673047818912     0     -6     10
43.183234818929     0.106535864399716     0     -6     10
43.1699794893773     0.106335013930213     0     -6     10
43.1567242849051     0.107905818747642     0     -6     10
43.1434692064209     0.106610453972538     0     -6     10
43.1302142548334     0.106674955354448     0     -6     10
43.1169594310509     0.109450588209157     0     -6     10
43.1037047359822     0.109015632088013     0     -6     10
43.0904501705359     0.109025599643047     0     -6     10
43.0771957356206     0.108793196435476     0     -6     10
43.0639414321452     0.108639024412397     0     -6     10
43.0506872610184     0.108454487576152     0     -6     10
43.0374332231491     0.107334982261934     0     -6     10
43.0241793194461     0.107916140360635     0     -6     10
43.0109255508184     0.11068950316542     0     -6     10
42.9976719181749     0.11021911124339     0     -6     10
42.9844184224248     0.109421069675989     0     -6     10
42.9711650644771     0.110109140744852     0     -6     10
42.9579118452409     0.108543212841508     0     -6     10
42.9446587656254     0.109049979078208     0     -6     10
42.9314058265398     0.108310992100285     0     -6     10
42.9181530288935     0.111544276940515     0     -6     10
42.9049003735958     0.110458888418103     0     -6     10
42.891647861556     0.110212758353934     0     -6     10
42.8783954936836     0.11112412915072     0     -6     10
42.865143270888     0.109719275067261     0     -6     10
42.8518911940789     0.107986887503407     0     -6     10
42.8386392641659     0.106673795686279     0     -6     10
42.8253874820585     0.110273911134682     0     -6     10
42.8121358486664     0.11135714112282     0     -6     10
42.7988843648995     0.111303353078386     0     -6     10
42.7856330316676     0.110344656347834     0     -6     10
42.7723818498804     0.111270728540513     0     -6     10
42.759130820448     0.110324738805283     0     -6     10
42.7458799442802     0.109117941990163     0     -6     10
42.7326292222872     0.112580793435632     0     -6     10
42.719378655379     0.112894919249703     0     -6     10
42.7061282444657     0.111288845187914     0     -6     10
42.6928779904575     0.110118860608635     0     -6     10
42.6796278942648     0.110931221928253     0     -6     10
42.6663779567977     0.109801073684527     0     -6     10
42.6531281789667     0.109303973570522     0     -6     10
42.6398785616822     0.111498360105768     0     -6     10
42.6266291058547     0.109820727319075     0     -6     10
42.6133798123947     0.109896194196725     0     -6     10
42.6001306822128     0.110541624178042     0     -6     10
42.5868817162196     0.111063533006009     0     -6     10
42.573632915326     0.110801316608554     0     -6     10
42.5603842804426     0.109220067066019     0     -6     10
42.5471358124802     0.107619592390763     0     -6     10
42.5338875123499     0.110317904869666     0     -6     10
42.5206393809625     0.111443888522663     0     -6     10
42.5073914192291     0.110722772135129     0     -6     10
42.4941436280607     0.111148457452206     0     -6     10
42.4808960083686     0.109498823132347     0     -6     10
42.4676485610637     0.11141834602954     0     -6     10
42.4544012870576     0.110132893523506     0     -6     10
42.4411541872613     0.113022513393564     0     -6     10
42.4279072625865     0.11084705245597     0     -6     10
42.4146605139445     0.11118855970084     0     -6     10
42.4014139422467     0.111282865451088     0     -6     10
42.3881675484049     0.109805311502877     0     -6     10
42.3749213333306     0.109021669307604     0     -6     10
42.3616752979356     0.10857476800623     0     -6     10
42.3484294431316     0.110760382139502     0     -6     10
42.3351837698304     0.110762503765534     0     -6     10
42.3219382789441     0.10940141986029     0     -6     10
42.3086929713844     0.11155124136293     0     -6     10
42.2954478480635     0.1082415538773     0     -6     10
42.2822029098935     0.111358247457127     0     -6     10
42.2689581577864     0.110036734083837     0     -6     10
42.2557135926547     0.112104948375935     0     -6     10
42.2424692154105     0.110846171888727     0     -6     10
42.2292250269662     0.11160785821357     0     -6     10
42.2159810282344     0.111629724139023     0     -6     10
42.2027372201273     0.109666275970535     0     -6     10
42.1894936035578     0.109788094791098     0     -6     10
42.1762501794383     0.112116658759854     0     -6     10
42.1630069486816     0.113015841178605     0     -6     10
42.1497639122005     0.112163791491975     0     -6     10
42.1365210709078     0.114235232522314     0     -6     10
42.1232784257165     0.115472443624143     0     -6     10
42.1100359775395     0.111464462563225     0     -6     10
42.09679372729     0.112829331413074     0     -6     10
42.083551675881     0.113036586318551     0     -6     10
42.0703098242257     0.11484268277276     0     -6     10
42.0570681732375     0.112378834763314     0     -6     10
42.0438267238296     0.114756129981302     0     -6     10
42.0305854769156     0.115843595511737     0     -6     10
42.0173444334088     0.112393799891434     0     -6     10
42.0041035942229     0.111320530206239     0     -6     10
41.9908629602715     0.113842851500493     0     -6     10
41.9776225324684     0.115093712232018     0     -6     10
41.9643823117272     0.112975659741332     0     -6     10
41.9511422989619     0.114855089266185     0     -6     10
41.9379024950865     0.116146282292482     0     -6     10
41.9246629010149     0.113704678449879     0     -6     10
41.9114235176612     0.112615432254143     0     -6     10
41.8981843459396     0.11562994701033     0     -6     10
41.8849453867643     0.119630282241549     0     -6     10
41.8717066410497     0.112969585650944     0     -6     10
41.8584681097102     0.113291994277961     0     -6     10
41.8452297936601     0.118611590421005     0     -6     10
41.8319916938142     0.119319381206775     0     -6     10
41.8187538110869     0.111638517080797     0     -6     10
41.8055161463931     0.111899560060787     0     -6     10
41.7922787006474     0.120186343416797     0     -6     10
41.7790414747648     0.120990276946776     0     -6     10
41.7658044696602     0.112215788718361     0     -6     10
41.7525676862486     0.111565954052925     0     -6     10
41.7393311254452     0.119614802245481     0     -6     10
41.726094788165     0.121954758895106     0     -6     10
41.7128586753234     0.112846321646756     0     -6     10
41.6996227878358     0.110737590751257     0     -6     10
41.6863871266174     0.117171710126013     0     -6     10
41.673151692584     0.123960384105866     0     -6     10
41.6599164866509     0.116076142355828     0     -6     10
41.646681509734     0.107449892232216     0     -6     10
41.6334467627489     0.109020907094854     0     -6     10
41.6202122466115     0.118183540967998     0     -6     10
41.6069779622377     0.115392445382985     0     -6     10
41.5937439105435     0.104025426937428     0     -6     10
41.580510092445     0.101658133144372     0     -6     10
41.5672765088584     0.109046104947995     0     -6     10
41.5540431606999     0.108326903092916     0     -6     10
41.5408100488858     0.100638203483739     0     -6     10
41.5275771743327     0.094947786215642     0     -6     10
41.5143445379569     0.0961913952747607     0     -6     10
41.5011121406751     0.0960605335075989     0     -6     10
41.487879983404     0.0931636959126787     0     -6     10
41.4746480670603     0.0898640684856457     0     -6     10
41.4614163925608     0.0859820935269425     0     -6     10
41.4481849608227     0.0827102773820239     0     -6     10
41.4349537727627     0.0846269741500486     0     -6     10
41.4217228292982     0.0875488808080641     0     -6     10
41.4084921313462     0.0829539753394312     0     -6     10
41.395261679824     0.0769951182909733     0     -6     10
41.3820314756491     0.0818805394548898     0     -6     10
41.368801519739     0.0888772967294314     0     -6     10
41.3555718130111     0.0844969894341602     0     -6     10
41.3423423563831     0.0773718267936416     0     -6     10
41.3291131507728     0.084555071040268     0     -6     10
41.315884197098     0.0945601159606091     0     -6     10
41.3026554962766     0.0895478028166623     0     -6     10
41.2894270492266     0.0814229969174179     0     -6     10
41.2761988568661     0.090436818035301     0     -6     10
41.2629709201134     0.0999017243471384     0     -6     10
41.2497432398867     0.0926538949924656     0     -6     10
41.2365158171043     0.0867051343113583     0     -6     10
41.2232886526848     0.0980416268391898     0     -6     10
41.2100617475467     0.105765823884929     0     -6     10
41.1968351026086     0.0965398978370737     0     -6     10
41.1836087187894     0.0902949090876926     0     -6     10
41.1703825970079     0.103116301319598     0     -6     10
41.1571567381829     0.108081268411069     0     -6     10
41.1439311432336     0.0980648967601981     0     -6     10
41.130705813079     0.0955786211827242     0     -6     10
41.1174807486384     0.109329263447435     0     -6     10
41.1042559508312     0.109651170696335     0     -6     10
41.0910314205766     0.0972122980159955     0     -6     10
41.0778071587943     0.0996726261848272     0     -6     10
41.0645831664038     0.11274288527577     0     -6     10
41.0513594443248     0.10780895472337     0     -6     10
41.0381359934772     0.098090382518958     0     -6     10
41.0249128147808     0.108364722006136     0     -6     10
41.0116899091557     0.115689888020545     0     -6     10
40.9984672775219     0.102434933148628     0     -6     10
40.9852449207996     0.100384486171737     0     -6     10
40.9720228399091     0.113736289829124     0     -6     10
40.9588010357708     0.114204023651665     0     -6     10
40.9455795093053     0.101181686012856     0     -6     10
40.932358261433     0.107935352642498     0     -6     10
40.9191372930747     0.119045886676911     0     -6     10
40.9059166051511     0.110592492063612     0     -6     10
40.8926961985833     0.100254961181609     0     -6     10
40.8794760742921     0.113974329235229     0     -6     10
40.8662562331986     0.12003934110765     0     -6     10
40.8530366762241     0.106917407947776     0     -6     10
40.8398174042898     0.104192977921161     0     -6     10
40.8265984183172     0.118001310106509     0     -6     10
40.8133797192277     0.116727387578871     0     -6     10
40.800161307943     0.104024623958712     0     -6     10
40.7869431853848     0.109953255498197     0     -6     10
40.7737253524748     0.121520005763203     0     -6     10
40.7605078101351     0.112451628553692     0     -6     10
40.7472905592876     0.104435904948325     0     -6     10
40.7340736008544     0.115093241248646     0     -6     10
40.7208569357578     0.12019811066024     0     -6     10
40.7076405649202     0.109035273757696     0     -6     10
40.6944244892639     0.108593964423114     0     -6     10
40.6812087097115     0.119830679102196     0     -6     10
40.6679932271857     0.117747470090395     0     -6     10
40.6547780426093     0.106106420309497     0     -6     10
40.6415631569051     0.111533742710714     0     -6     10
40.628348570996     0.11969722962782     0     -6     10
40.6151342858053     0.113482140249308     0     -6     10
40.601920302256     0.10657771802849     0     -6     10
40.5887066212714     0.1130791065749     0     -6     10
40.5754932437751     0.119529457802392     0     -6     10
40.5622801706905     0.112308197568758     0     -6     10
40.5490674029412     0.105618561078454     0     -6     10
40.5358549414509     0.111491250389579     0     -6     10
40.5226427871436     0.117673525557689     0     -6     10
40.5094309409432     0.113274655256495     0     -6     10
40.4962194037737     0.106006065235137     0     -6     10
40.4830081765594     0.109625640863376     0     -6     10
40.4697972602245     0.115176480884784     0     -6     10
40.4565866556934     0.112730443291009     0     -6     10
40.4433763638906     0.105739225460797     0     -6     10
40.4301663857409     0.104943190827874     0     -6     10
40.4169567221688     0.110877503331961     0     -6     10
40.4037473740993     0.111965615478811     0     -6     10
40.3905383424574     0.105646614765042     0     -6     10
40.3773296281681     0.102725930963233     0     -6     10
40.3641212321566     0.105807004459591     0     -6     10
