44.9867361074297     0.27793822492103     0     -6     6
44.9734722157648     0.27998675828477     0     -6     6
44.9602083259105     0.275480268907052     0     -6     6
44.9469444387722     0.284994052167523     0     -6     6
44.9336805552553     0.283429203683165     0     -6     6
44.9204166762651     0.283694775972224     0     -6     6
44.9071528027069     0.284282781821125     0     -6     6
44.8938889354862     0.274519538427563     0     -6     6
44.8806250755081     0.275092039772721     0     -6     6
44.8673612236781     0.27589706245152     0     -6     6
44.8540973809016     0.275755881868701     0     -6     6
44.8408335480838     0.28011472582202     0     -6     6
44.8275697261302     0.279205162394214     0     -6     6
44.8143059159461     0.27904841467958     0     -6     6
44.8010421184369     0.281609929458318     0     -6     6
44.7877783345079     0.272063260519593     0     -6     6
44.7745145650645     0.271731674655667     0     -6     6
44.7612508110122     0.274565906466141     0     -6     6
44.7479870732562     0.276463260767999     0     -6     6
44.7347233527021     0.279924541172358     0     -6     6
44.7214596502551     0.27851505561291     0     -6     6
44.7081959668207     0.278262074658656     0     -6     6
44.6949323033044     0.268254590532137     0     -6     6
44.6816686606115     0.268021793203581     0     -6     6
44.6684050396474     0.268216493545125     0     -6     6
44.6551414413176     0.269218732296673     0     -6     6
44.6418778665275     0.271349010176564     0     -6     6
44.6286143161827     0.274170752927525     0     -6     6
44.6153507911885     0.278106705874576     0     -6     6
44.6020872924504     0.275001766769204     0     -6     6
44.5888238208739     0.266046690103561     0     -6     6
44.5755603773645     0.266681895531762     0     -6     6
44.5622969628277     0.270803441804086     0     -6     6
44.549033578169     0.270425506347857     0     -6     6
44.5357702242939     0.269779156621347     0     -6     6
44.522506902108     0.271512610870148     0     -6     6
44.5092436125167     0.272267821424743     0     -6     6
44.4959803564257     0.272167158292442     0     -6     6
44.4827171347406     0.262374788545346     0     -6     6
44.4694539483668     0.264465120986478     0     -6     6
44.45619079821     0.263836014352158     0     -6     6
44.4429276851758     0.267680592361541     0     -6     6
44.4296646101698     0.26455048273835     0     -6     6
44.4164015740977     0.266272695277733     0     -6     6
44.4031385778651     0.265510686764203     0     -6     6
44.3898756223776     0.258756481789017     0     -6     6
44.376612708541     0.25675456886151     0     -6     6
44.3633498372608     0.260648776287099     0     -6     6
44.3500870094429     0.260279571735527     0     -6     6
44.336824225993     0.260452522079706     0     -6     6
44.3235614878167     0.26069251535186     0     -6     6
44.3102987958199     0.263216169786103     0     -6     6
44.2970361509082     0.260861431097538     0     -6     6
44.2837735539876     0.255155375895877     0     -6     6
44.2705110059638     0.255413328393541     0     -6     6
44.2572485077426     0.257925932555627     0     -6     6
44.2439860602298     0.255183476310633     0     -6     6
44.2307236643314     0.259161390937819     0     -6     6
44.2174613209532     0.259490998604902     0     -6     6
44.2041990310011     0.262177876517096     0     -6     6
44.190936795381     0.25376442877305     0     -6     6
44.1776746149988     0.254234442841087     0     -6     6
44.1644124907606     0.25661083156847     0     -6     6
44.1511504235722     0.25679068530473     0     -6     6
44.1378884143397     0.257562130288186     0     -6     6
44.1246264639691     0.2581532432707     0     -6     6
44.1113645733664     0.260349220249403     0     -6     6
44.0981027434377     0.26307755900497     0     -6     6
44.0848409750891     0.254042120409847     0     -6     6
44.0715792692266     0.256454430863212     0     -6     6
44.0583176267565     0.256516894384835     0     -6     6
44.0450560485848     0.258304605903579     0     -6     6
44.0317945356177     0.261592735576535     0     -6     6
44.0185330887614     0.261650768057984     0     -6     6
44.0052717089222     0.262581391688822     0     -6     6
43.9920103970062     0.258419134637987     0     -6     6
43.9787491539198     0.256469442169233     0     -6     6
43.9654879805692     0.26048146772789     0     -6     6
43.9522268778607     0.25997513718223     0     -6     6
43.9389658467008     0.263218805628062     0     -6     6
43.9257048879957     0.263558360901117     0     -6     6
43.912444002652     0.266737571033166     0     -6     6
43.8991831915758     0.264258226903034     0     -6     6
43.8859224556739     0.258154082302573     0     -6     6
43.8726617958525     0.259081128392205     0     -6     6
43.8594012130182     0.261352950706601     0     -6     6
43.8461407080776     0.264914854242623     0     -6     6
43.8328802819372     0.266422427587794     0     -6     6
43.8196199355036     0.266548781902994     0     -6     6
43.8063596696833     0.269215427367703     0     -6     6
43.7930994853832     0.26184424452624     0     -6     6
43.7798393835097     0.262604993386377     0     -6     6
43.7665793649697     0.263127477732235     0     -6     6
43.7533194306699     0.264766173640312     0     -6     6
43.7400595815169     0.267230311693693     0     -6     6
43.7267998184177     0.268785335932999     0     -6     6
43.7135401422791     0.271250349930055     0     -6     6
43.7002805540078     0.271037904987255     0     -6     6
43.6870210545109     0.263154393999181     0     -6     6
43.6737616446951     0.266663302199969     0     -6     6
43.6605023254675     0.265781396603663     0     -6     6
43.6472430977351     0.27068824475221     0     -6     6
43.6339839624049     0.27142879463303     0     -6     6
43.6207249203839     0.273672575731644     0     -6     6
43.6074659725792     0.273784361014299     0     -6     6
43.5942071198979     0.266432575385069     0     -6     6
43.5809483632472     0.267235812077736     0     -6     6
43.5676897035343     0.26925772947251     0     -6     6
43.5544311416664     0.267956060148749     0     -6     6
43.5411726785508     0.270360341355457     0     -6     6
43.5279143150947     0.271576526802434     0     -6     6
43.5146560522055     0.275163258989787     0     -6     6
43.5013978907905     0.264995259489982     0     -6     6
43.4881398317573     0.268269569700774     0     -6     6
43.4748818760131     0.266690461767782     0     -6     6
43.4616240244654     0.269891672580611     0     -6     6
43.4483662780219     0.268763428449323     0     -6     6
43.43510863759     0.271026039781878     0     -6     6
43.4218511040773     0.271664676495117     0     -6     6
43.4085936783915     0.272724927891093     0     -6     6
43.3953363614402     0.265112714718536     0     -6     6
43.3820791541312     0.263406213794192     0     -6     6
43.3688220573721     0.26489983428586     0     -6     6
43.3555650720708     0.268850430474578     0     -6     6
43.3423081991352     0.268166352612056     0     -6     6
43.3290514394729     0.268167078690549     0     -6     6
43.3157947939921     0.268052816461656     0     -6     6
43.3025382636006     0.261256397585092     0     -6     6
43.2892818492064     0.260645355127387     0     -6     6
43.2760255517175     0.261790208196455     0     -6     6
43.2627693720421     0.260379515803242     0     -6     6
43.2495133110882     0.262934374041927     0     -6     6
43.236257369764     0.262773629127506     0     -6     6
43.2230015489777     0.263793491112517     0     -6     6
43.2097458496376     0.255057216278854     0     -6     6
43.1964902726519     0.257180281484262     0     -6     6
43.183234818929     0.256148664075833     0     -6     6
43.1699794893773     0.257578772181407     0     -6     6
43.1567242849051     0.258901623875267     0     -6     6
43.1434692064209     0.260425549862073     0     -6     6
43.1302142548334     0.25919391040109     0     -6     6
43.1169594310509     0.253535357199572     0     -6     6
43.1037047359822     0.252142020714153     0     -6     6
43.0904501705359     0.253457941493364     0     -6     6
43.0771957356206     0.253615918030978     0     -6     6
43.0639414321452     0.256088181538298     0     -6     6
43.0506872610184     0.255688019356003     0     -6     6
43.0374332231491     0.257936647619036     0     -6     6
43.0241793194461     0.257290496798438     0     -6     6
43.0109255508184     0.252351130718741     0     -6     6
42.9976719181749     0.253070672533411     0     -6     6
42.9844184224248     0.253473702671529     0     -6     6
42.9711650644771     0.253352934971282     0     -6     6
42.9579118452409     0.255045317563975     0     -6     6
42.9446587656254     0.254998526196615     0     -6     6
42.9314058265398     0.256451025262659     0     -6     6
42.9181530288935     0.24872184720608     0     -6     6
42.9049003735958     0.250440319370414     0     -6     6
42.891647861556     0.250576838340241     0     -6     6
42.8783954936836     0.2509292357952     0     -6     6
42.865143270888     0.251315956881933     0     -6     6
42.8518911940789     0.253717879350976     0     -6     6
42.8386392641659     0.253940499592835     0     -6     6
42.8253874820585     0.248227505447149     0     -6     6
42.8121358486664     0.248728472458223     0     -6     6
42.7988843648995     0.2515653988427     0     -6     6
42.7856330316676     0.251743293510747     0     -6     6
42.7723818498804     0.255534186734127     0     -6     6
42.759130820448     0.255478655968241     0     -6     6
42.7458799442802     0.257897021486011     0     -6     6
42.7326292222872     0.251054938727559     0     -6     6
42.719378655379     0.253819612524913     0     -6     6
42.7061282444657     0.25246635233615     0     -6     6
42.6928779904575     0.253528207352034     0     -6     6
42.6796278942648     0.255964963738026     0     -6     6
42.6663779567977     0.258487208451884     0     -6     6
42.6531281789667     0.257502379201039     0     -6     6
42.6398785616822     0.25240213490886     0     -6     6
42.6266291058547     0.253605667254846     0     -6     6
42.6133798123947     0.255620426095718     0     -6     6
42.6001306822128     0.255687672379186     0     -6     6
42.5868817162196     0.257777719264476     0     -6     6
42.573632915326     0.257880725713129     0     -6     6
42.5603842804426     0.258027507986272     0     -6     6
42.5471358124802     0.25924495512141     0     -6     6
42.5338875123499     0.254322273398608     0     -6     6
42.5206393809625     0.255687470339864     0     -6     6
42.5073914192291     0.257320190874612     0     -6     6
42.4941436280607     0.259476615159099     0     -6     6
42.4808960083686     0.261130611743373     0     -6     6
42.4676485610637     0.262405747530723     0     -6     6
42.4544012870576     0.265489596845223     0     -6     6
42.4411541872613     0.257843890251164     0     -6     6
42.4279072625865     0.262350350178049     0     -6     6
42.4146605139445     0.263697525759816     0     -6     6
42.4014139422467     0.262795080888025     0     -6     6
42.3881675484049     0.263153468109948     0     -6     6
42.3749213333306     0.266578669916088     0     -6     6
42.3616752979356     0.267163017482042     0     -6     6
42.3484294431316     0.262371538549452     0     -6     6
42.3351837698304     0.262361611852053     0     -6     6
42.3219382789441     0.264806429289999     0     -6     6
42.3086929713844     0.263171637861904     0     -6     6
42.2954478480635     0.265748867359039     0     -6     6
42.2822029098935     0.265648640877838     0     -6     6
42.2689581577864     0.266758043571347     0     -6     6
42.2557135926547     0.26097023132152     0     -6     6
42.2424692154105     0.2621665348529     0     -6     6
42.2292250269662     0.263166556228204     0     -6     6
42.2159810282344     0.26413147379196     0     -6     6
42.2027372201273     0.26334048950073     0     -6     6
42.1894936035578     0.265726165015621     0     -6     6
42.1762501794383     0.267162364895784     0     -6     6
42.1630069486816     0.26069536521832     0     -6     6
42.1497639122005     0.262204935320713     0     -6     6
42.1365210709078     0.262451733708224     0     -6     6
42.1232784257165     0.263425894393586     0     -6     6
42.1100359775395     0.264756259866943     0     -6     6
42.09679372729     0.265745677972201     0     -6     6
42.083551675881     0.268166932887574     0     -6     6
42.0703098242257     0.260690814951491     0     -6     6
42.0570681732375     0.262399375658069     0     -6     6
42.0438267238296     0.264966785022017     0     -6     6
42.0305854769156     0.264989715160652     0     -6     6
42.0173444334088     0.264767501075247     0     -6     6
42.0041035942229     0.266348044198856     0     -6     6
41.9908629602715     0.268964645088651     0     -6     6
41.9776225324684     0.264652959559027     0     -6     6
41.9643823117272     0.263433334043783     0     -6     6
41.9511422989619     0.265759247644708     0     -6     6
41.9379024950865     0.266695834068899     0     -6     6
41.9246629010149     0.268517109838626     0     -6     6
41.9114235176612     0.269370647831779     0     -6     6
41.8981843459396     0.273001301798292     0     -6     6
41.8849453867643     0.268536792369104     0     -6     6
41.8717066410497     0.270627725294985     0     -6     6
41.8584681097102     0.273470174453881     0     -6     6
41.8452297936601     0.277307591481485     0     -6     6
41.8319916938142     0.27875339589387     0     -6     6
41.8187538110869     0.282162502332128     0     -6     6
41.8055161463931     0.286251008875831     0     -6     6
41.7922787006474     0.286532059409257     0     -6     6
41.7790414747648     0.290465013110825     0     -6     6
41.7658044696602     0.295878042446525     0     -6     6
41.7525676862486     0.301257005906073     0     -6     6
41.7393311254452     0.309779503711908     0     -6     6
41.726094788165     0.315087474169911     0     -6     6
41.7128586753234     0.322040803136525     0     -6     6
41.6996227878358     0.325168855675669     0     -6     6
41.6863871266174     0.333704869687178     0     -6     6
41.673151692584     0.33765114049603     0     -6     6
41.6599164866509     0.340649602934085     0     -6     6
41.646681509734     0.342471876137654     0     -6     6
41.6334467627489     0.346221224645859     0     -6     6
41.6202122466115     0.347338793353023     0     -6     6
41.6069779622377     0.344661359945108     0     -6     6
41.5937439105435     0.342874051494769     0     -6     6
41.580510092445     0.343144804807401     0     -6     6
41.5672765088584     0.341497298778495     0     -6     6
41.5540431606999     0.337744693830357     0     -6     6
41.5408100488858     0.332577823247211     0     -6     6
41.5275771743327     0.328121474466144     0     -6     6
41.5143445379569     0.321730699108039     0     -6     6
41.5011121406751     0.314257201326296     0     -6     6
41.487879983404     0.305375686378412     0     -6     6
41.4746480670603     0.295996447844603     0     -6     6
41.4614163925608     0.287433978476863     0     -6     6
41.4481849608227     0.275920000726981     0     -6     6
41.4349537727627     0.263659025220978     0     -6     6
41.4217228292982     0.250220583927416     0     -6     6
41.4084921313462     0.238533906640362     0     -6     6
41.395261679824     0.226333133441876     0     -6     6
41.3820314756491     0.210941986227406     0     -6     6
41.368801519739     0.198677755859908     0     -6     6
41.3555718130111     0.185374359102291     0     -6     6
41.3423423563831     0.173862621386426     0     -6     6
41.3291131507728     0.160545497964897     0     -6     6
41.315884197098     0.149580038152017     0     -6     6
41.3026554962766     0.139295227670103     0     -6     6
41.2894270492266     0.129990281397073     0     -6     6
41.2761988568661     0.121456845327069     0     -6     6
41.2629709201134     0.114139309699807     0     -6     6
41.2497432398867     0.107858081457834     0     -6     6
41.2365158171043     0.102199019107213     0     -6     6
41.2232886526848     0.0976819487559883     0     -6     6
41.2100617475467     0.0941851130562357     0     -6     6
41.1968351026086     0.0908606489218405     0     -6     6
41.1836087187894     0.0881155495862051     0     -6     6
41.1703825970079     0.0873206465575538     0     -6     6
41.1571567381829     0.0868844052342497     0     -6     6
41.1439311432336     0.0865009772275472     0     -6     6
41.130705813079     0.0866435201056941     0     -6     6
41.1174807486384     0.0876723462857493     0     -6     6
41.1042559508312     0.0887033506227019     0     -6     6
41.0910314205766     0.0889764296325666     0     -6     6
41.0778071587943     0.0899322192541637     0     -6     6
41.0645831664038     0.0919282294133019     0     -6     6
41.0513594443248     0.0940545812460116     0     -6     6
41.0381359934772     0.0949682319601214     0     -6     6
41.0249128147808     0.0973221047890081     0     -6     6
41.0116899091557     0.0993731546868834     0     -6     6
40.9984672775219     0.10104350557725     0     -6     6
40.9852449207996     0.102179370355892     0     -6     6
40.9720228399091     0.104114759035574     0     -6     6
40.9588010357708     0.106123327780861     0     -6     6
40.9455795093053     0.106665492210021     0     -6     6
40.932358261433     0.107852915786017     0     -6     6
40.9191372930747     0.110192371274025     0     -6     6
40.9059166051511     0.111609792909699     0     -6     6
40.8926961985833     0.111245369942115     0     -6     6
40.8794760742921     0.112931884689892     0     -6     6
40.8662562331986     0.115777315690306     0     -6     6
40.8530366762241     0.11586568238108     0     -6     6
40.8398174042898     0.115929646038398     0     -6     6
40.8265984183172     0.117372043437987     0     -6     6
40.8133797192277     0.119040530420721     0     -6     6
40.800161307943     0.11890666536146     0     -6     6
40.7869431853848     0.119032839565781     0     -6     6
40.7737253524748     0.121252896437279     0     -6     6
40.7605078101351     0.12187225226467     0     -6     6
40.7472905592876     0.120893435884885     0     -6     6
40.7340736008544     0.121270587329382     0     -6     6
40.7208569357578     0.123212481698608     0     -6     6
40.7076405649202     0.122180150412555     0     -6     6
40.6944244892639     0.121422149082078     0     -6     6
40.6812087097115     0.122309080063207     0     -6     6
40.6679932271857     0.123173534328942     0     -6     6
40.6547780426093     0.121743715297085     0     -6     6
40.6415631569051     0.122646671248383     0     -6     6
40.628348570996     0.122857149452036     0     -6     6
40.6151342858053     0.12329234465862     0     -6     6
40.601920302256     0.12201835751212     0     -6     6
40.5887066212714     0.121825235863442     0     -6     6
40.5754932437751     0.122843748428883     0     -6     6
40.5622801706905     0.122173861535525     0     -6     6
40.5490674029412     0.120260876661367     0     -6     6
40.5358549414509     0.119573567900033     0     -6     6
40.5226427871436     0.120394296409329     0     -6     6
40.5094309409432     0.119902478329858     0     -6     6
40.4962194037737     0.118220284589826     0     -6     6
40.4830081765594     0.117613722488891     0     -6     6
40.4697972602245     0.118986773627585     0     -6     6
40.4565866556934     0.118348061046888     0     -6     6
40.4433763638906     0.117089085911785     0     -6     6
40.4301663857409     0.11626547090975     0     -6     6
40.4169567221688     0.116667736853125     0     -6     6
40.4037473740993     0.116684101328358     0     -6     6
40.3905383424574     0.115175771159127     0     -6     6
40.3773296281681     0.113115732907556     0     -6     6
40.3641212321566     0.113138096297821     0     -6     6
