40.3773296281681     0.817360414173431     0     6     0
40.3905383424574     0.818021737334952     0     6     0
40.4037473740993     0.818779025225102     0     6     0
40.4169567221688     0.819711326096989     0     6     0
40.4301663857409     0.820487396170681     0     6     0
40.4433763638906     0.82119657534804     0     6     0
40.4565866556934     0.821947968890344     0     6     0
40.4697972602245     0.822897532473365     0     6     0
40.4830081765594     0.8234344227168     0     6     0
40.4962194037737     0.824525340349125     0     6     0
40.5094309409432     0.825131547005654     0     6     0
40.5226427871436     0.825915992174827     0     6     0
40.5358549414509     0.826781764782044     0     6     0
40.5490674029412     0.827781199622936     0     6     0
40.5622801706905     0.828469633185948     0     6     0
40.5754932437751     0.82896856566185     0     6     0
40.5887066212714     0.829927719959201     0     6     0
40.601920302256     0.830426234760543     0     6     0
40.6151342858053     0.83130172338696     0     6     0
40.628348570996     0.832085527496577     0     6     0
40.6415631569051     0.832703092680146     0     6     0
40.6547780426093     0.83330975989792     0     6     0
40.6679932271857     0.833800394572382     0     6     0
40.6812087097115     0.834743364061749     0     6     0
40.6944244892639     0.83543154005427     0     6     0
40.7076405649202     0.83597050794378     0     6     0
40.7208569357578     0.836699585977185     0     6     0
40.7340736008544     0.837261097417278     0     6     0
40.7472905592876     0.837782000008306     0     6     0
40.7605078101351     0.838322540533337     0     6     0
40.7737253524748     0.83901326658253     0     6     0
40.7869431853848     0.839697951074398     0     6     0
40.800161307943     0.840081039201514     0     6     0
40.8133797192277     0.84023537165881     0     6     0
40.8265984183172     0.84109218895918     0     6     0
40.8398174042898     0.841491582336161     0     6     0
40.8530366762241     0.842070975893397     0     6     0
40.8662562331986     0.842576332872163     0     6     0
40.8794760742921     0.842963517680459     0     6     0
40.8926961985833     0.843524731590949     0     6     0
40.9059166051511     0.843765933535906     0     6     0
40.9191372930747     0.844215833985939     0     6     0
40.932358261433     0.844799399458401     0     6     0
40.9455795093053     0.844960341482281     0     6     0
40.9588010357708     0.845292832364355     0     6     0
40.9720228399091     0.845832580672997     0     6     0
40.9852449207996     0.846184508685742     0     6     0
40.9984672775219     0.846387835410058     0     6     0
41.0116899091557     0.846838501975467     0     6     0
41.0249128147808     0.847315103598216     0     6     0
41.0381359934772     0.847670127203572     0     6     0
41.0513594443248     0.847933209621446     0     6     0
41.0645831664038     0.848155824685815     0     6     0
41.0778071587943     0.848361822074179     0     6     0
41.0910314205766     0.848755463972266     0     6     0
41.1042559508312     0.849013224216314     0     6     0
41.1174807486384     0.849402456581947     0     6     0
41.130705813079     0.849329596427045     0     6     0
41.1439311432336     0.849640902521063     0     6     0
41.1571567381829     0.85002673093911     0     6     0
41.1703825970079     0.850238752636964     0     6     0
41.1836087187894     0.850407513716395     0     6     0
41.1968351026086     0.850596533725291     0     6     0
41.2100617475467     0.850751816951418     0     6     0
41.2232886526848     0.850886319907008     0     6     0
41.2365158171043     0.850868105194285     0     6     0
41.2497432398867     0.851153224710688     0     6     0
41.2629709201134     0.851285561787707     0     6     0
41.2761988568661     0.851465632124449     0     6     0
41.2894270492266     0.851513166882532     0     6     0
41.3026554962766     0.851835605280496     0     6     0
41.315884197098     0.8517946084617     0     6     0
41.3291131507728     0.851935441689657     0     6     0
41.3423423563831     0.852112318804214     0     6     0
41.3555718130111     0.85206311084294     0     6     0
41.368801519739     0.852248750540301     0     6     0
41.3820314756491     0.852374513362758     0     6     0
41.395261679824     0.852351098879013     0     6     0
41.4084921313462     0.852617827389862     0     6     0
41.4217228292982     0.852624061926072     0     6     0
41.4349537727627     0.852545908227974     0     6     0
41.4481849608227     0.852691315181345     0     6     0
41.4614163925608     0.852465586980509     0     6     0
41.4746480670603     0.852737165384414     0     6     0
41.487879983404     0.852902402833356     0     6     0
41.5011121406751     0.852785374336803     0     6     0
41.5143445379569     0.852686950795717     0     6     0
41.5275771743327     0.852990001746706     0     6     0
41.5408100488858     0.852931710372395     0     6     0
41.5540431606999     0.852809103525371     0     6     0
41.5672765088584     0.853108255671265     0     6     0
41.580510092445     0.852726874604422     0     6     0
41.5937439105435     0.852808026908279     0     6     0
41.6069779622377     0.852907785666157     0     6     0
41.6202122466115     0.852894219600568     0     6     0
41.6334467627489     0.85299997569986     0     6     0
41.646681509734     0.853044853594059     0     6     0
41.6599164866509     0.852617171566438     0     6     0
41.673151692584     0.852961154638312     0     6     0
41.6863871266174     0.8529391144243     0     6     0
41.6996227878358     0.852693130370676     0     6     0
41.7128586753234     0.852835554155293     0     6     0
41.726094788165     0.852639520197263     0     6     0
41.7393311254452     0.852539342835933     0     6     0
41.7525676862486     0.852488431199369     0     6     0
41.7658044696602     0.852546314466452     0     6     0
41.7790414747648     0.852553320244937     0     6     0
41.7922787006474     0.852418728283314     0     6     0
41.8055161463931     0.852300827551679     0     6     0
41.8187538110869     0.852250276156201     0     6     0
41.8319916938142     0.852101928698026     0     6     0
41.8452297936601     0.85184200944961     0     6     0
41.8584681097102     0.851894662890411     0     6     0
41.8717066410497     0.85160360599805     0     6     0
41.8849453867643     0.851370824487585     0     6     0
41.8981843459396     0.851105268172024     0     6     0
41.9114235176612     0.851000085905567     0     6     0
41.9246629010149     0.850879482384764     0     6     0
41.9379024950865     0.850839416339215     0     6     0
41.9511422989619     0.85061003663923     0     6     0
41.9643823117272     0.850129427227709     0     6     0
41.9776225324684     0.84992838633927     0     6     0
41.9908629602715     0.849779054320422     0     6     0
42.0041035942229     0.849437563815383     0     6     0
42.0173444334088     0.848994300441382     0     6     0
42.0305854769156     0.848397139372131     0     6     0
42.0438267238296     0.848032237432715     0     6     0
42.0570681732375     0.847768449025956     0     6     0
42.0703098242257     0.847318978613615     0     6     0
42.083551675881     0.846887966795862     0     6     0
42.09679372729     0.8463280118871     0     6     0
42.1100359775395     0.845503408813042     0     6     0
42.1232784257165     0.845107051868922     0     6     0
42.1365210709078     0.844281013293025     0     6     0
42.1497639122005     0.843653212177804     0     6     0
42.1630069486816     0.842947170654275     0     6     0
42.1762501794383     0.841845363427915     0     6     0
42.1894936035578     0.841048763590449     0     6     0
42.2027372201273     0.839834559538006     0     6     0
42.2159810282344     0.838570871618783     0     6     0
42.2292250269662     0.837398153812116     0     6     0
42.2424692154105     0.835721540971819     0     6     0
42.2557135926547     0.834285222192359     0     6     0
42.2689581577864     0.832514720845425     0     6     0
42.2822029098935     0.830473019830713     0     6     0
42.2954478480635     0.828159586914533     0     6     0
42.3086929713844     0.825859345607338     0     6     0
42.3219382789441     0.822781987649341     0     6     0
42.3351837698304     0.819789411432073     0     6     0
42.3484294431316     0.816246682229402     0     6     0
42.3616752979356     0.811563558257279     0     6     0
42.3749213333306     0.806871546949659     0     6     0
42.3881675484049     0.801753913760809     0     6     0
42.4014139422467     0.795860739752949     0     6     0
42.4146605139445     0.789107714224453     0     6     0
42.4279072625865     0.780620533430954     0     6     0
42.4411541872613     0.770980686930268     0     6     0
42.4544012870576     0.758719411452942     0     6     0
42.4676485610637     0.744742611539992     0     6     0
42.4808960083686     0.72844457612911     0     6     0
42.4941436280607     0.709419464534833     0     6     0
42.5073914192291     0.686044995823983     0     6     0
42.5206393809625     0.657606881842332     0     6     0
42.5338875123499     0.622816728171647     0     6     0
42.5471358124802     0.58150586085235     0     6     0
42.5603842804426     0.533324593012965     0     6     0
42.573632915326     0.478364226856428     0     6     0
42.5868817162196     0.418965859135456     0     6     0
42.6001306822128     0.357573159854712     0     6     0
42.6133798123947     0.306411545111337     0     6     0
42.6266291058547     0.274150116197655     0     6     0
42.6398785616822     0.269143123699743     0     6     0
42.6531281789667     0.294257222485099     0     6     0
42.6663779567977     0.344600248897699     0     6     0
42.6796278942648     0.408505026132839     0     6     0
42.6928779904575     0.477170199284406     0     6     0
42.7061282444657     0.539959790423178     0     6     0
42.719378655379     0.594591677627086     0     6     0
42.7326292222872     0.640173374418306     0     6     0
42.7458799442802     0.677952208232372     0     6     0
42.759130820448     0.706701819883037     0     6     0
42.7723818498804     0.731049625254985     0     6     0
42.7856330316676     0.751156045621214     0     6     0
42.7988843648995     0.767255982426459     0     6     0
42.8121358486664     0.780448330423273     0     6     0
42.8253874820585     0.791438538617965     0     6     0
42.8386392641659     0.800879343492497     0     6     0
42.8518911940789     0.808721024815177     0     6     0
42.865143270888     0.815855762599161     0     6     0
42.8783954936836     0.821859011711813     0     6     0
42.891647861556     0.827245643896087     0     6     0
42.9049003735958     0.831940866430849     0     6     0
42.9181530288935     0.8356860088596     0     6     0
42.9314058265398     0.838729384980996     0     6     0
42.9446587656254     0.841785319903321     0     6     0
42.9579118452409     0.844527021414734     0     6     0
42.9711650644771     0.846748911375663     0     6     0
42.9844184224248     0.848926378189125     0     6     0
42.9976719181749     0.850553569478074     0     6     0
43.0109255508184     0.85205574967748     0     6     0
43.0241793194461     0.853665929902297     0     6     0
43.0374332231491     0.854659694568897     0     6     0
43.0506872610184     0.855815874339929     0     6     0
43.0639414321452     0.85706595177213     0     6     0
43.0771957356206     0.857673714519348     0     6     0
43.0904501705359     0.858547863665252     0     6     0
43.1037047359822     0.859409733463654     0     6     0
43.1169594310509     0.860167767421385     0     6     0
43.1302142548334     0.860713478764938     0     6     0
43.1434692064209     0.86119224990363     0     6     0
43.1567242849051     0.861797876391081     0     6     0
43.1699794893773     0.862274825262079     0     6     0
43.183234818929     0.86260672943161     0     6     0
43.1964902726519     0.863215545929339     0     6     0
43.2097458496376     0.863287287571102     0     6     0
43.2230015489777     0.863916995798017     0     6     0
43.236257369764     0.864188688546009     0     6     0
43.2495133110882     0.864232149172567     0     6     0
43.2627693720421     0.864721350368708     0     6     0
43.2760255517175     0.864896818128597     0     6     0
43.2892818492064     0.864981003354937     0     6     0
43.3025382636006     0.865087824911703     0     6     0
43.3157947939921     0.865480183471628     0     6     0
43.3290514394729     0.865659472256182     0     6     0
43.3423081991352     0.865885221759723     0     6     0
43.3555650720708     0.866065295344363     0     6     0
43.3688220573721     0.86604461693724     0     6     0
43.3820791541312     0.866202811361679     0     6     0
43.3953363614402     0.866143468669645     0     6     0
43.4085936783915     0.866401974444465     0     6     0
43.4218511040773     0.866538149460362     0     6     0
43.43510863759     0.866524621601237     0     6     0
43.4483662780219     0.866701055114491     0     6     0
43.4616240244654     0.8668322852859     0     6     0
43.4748818760131     0.866497414058599     0     6     0
43.4881398317573     0.866895699480392     0     6     0
43.5013978907905     0.866990387272347     0     6     0
43.5146560522055     0.867019480353751     0     6     0
43.5279143150947     0.867257971382892     0     6     0
43.5411726785508     0.867168973077196     0     6     0
43.5544311416664     0.867029960846481     0     6     0
43.5676897035343     0.867309664820011     0     6     0
43.5809483632472     0.86722062609272     0     6     0
43.5942071198979     0.867165897106684     0     6     0
43.6074659725792     0.867017570381423     0     6     0
43.6207249203839     0.867175548197377     0     6     0
43.6339839624049     0.867149347712605     0     6     0
43.6472430977351     0.867268398260789     0     6     0
43.6605023254675     0.867302313289494     0     6     0
43.6737616446951     0.867321972331355     0     6     0
43.6870210545109     0.867307275790792     0     6     0
43.7002805540078     0.867301437956176     0     6     0
43.7135401422791     0.867163702055788     0     6     0
43.7267998184177     0.867268576985269     0     6     0
43.7400595815169     0.867039597749633     0     6     0
43.7533194306699     0.867191207452469     0     6     0
43.7665793649697     0.867411032027642     0     6     0
43.7798393835097     0.867384394572647     0     6     0
43.7930994853832     0.86732204113331     0     6     0
43.8063596696833     0.867238119498577     0     6     0
43.8196199355036     0.867399602996549     0     6     0
43.8328802819372     0.867460810281925     0     6     0
43.8461407080776     0.867542066137826     0     6     0
43.8594012130182     0.867454916484809     0     6     0
43.8726617958525     0.867439644367361     0     6     0
43.8859224556739     0.867426485145608     0     6     0
43.8991831915758     0.867363925168303     0     6     0
43.912444002652     0.867485248603096     0     6     0
43.9257048879957     0.867367535728804     0     6     0
43.9389658467008     0.867439383219857     0     6     0
43.9522268778607     0.867363142626027     0     6     0
43.9654879805692     0.867243980079127     0     6     0
43.9787491539198     0.867323038519757     0     6     0
43.9920103970062     0.867359442832677     0     6     0
44.0052717089222     0.867200118837323     0     6     0
44.0185330887614     0.867323159490618     0     6     0
44.0317945356177     0.867210760249354     0     6     0
44.0450560485848     0.867292903234763     0     6     0
44.0583176267565     0.867227717539907     0     6     0
44.0715792692266     0.867160880901701     0     6     0
44.0848409750891     0.867075161023705     0     6     0
44.0981027434377     0.866926397908132     0     6     0
44.1113645733664     0.867073263154471     0     6     0
44.1246264639691     0.867152701298454     0     6     0
44.1378884143397     0.866951782740401     0     6     0
44.1511504235722     0.867122140583682     0     6     0
44.1644124907606     0.866768311625557     0     6     0
44.1776746149988     0.867004524532673     0     6     0
44.190936795381     0.866958560620253     0     6     0
44.2041990310011     0.866762081863861     0     6     0
44.2174613209532     0.866821402164902     0     6     0
44.2307236643314     0.86694550899988     0     6     0
44.2439860602298     0.867110348372666     0     6     0
44.2572485077426     0.86695772077624     0     6     0
44.2705110059638     0.866887438421807     0     6     0
44.2837735539876     0.867012137160485     0     6     0
44.2970361509082     0.867025994929332     0     6     0
44.3102987958199     0.866759358448021     0     6     0
44.3235614878167     0.866949668140178     0     6     0
44.336824225993     0.867160387568394     0     6     0
44.3500870094429     0.866865429923198     0     6     0
44.3633498372608     0.866832329135284     0     6     0
44.376612708541     0.866798865526426     0     6     0
44.3898756223776     0.866894720270467     0     6     0
44.4031385778651     0.866969997097074     0     6     0
44.4164015740977     0.866857656640852     0     6     0
44.4296646101698     0.866806664041967     0     6     0
44.4429276851758     0.866866289003141     0     6     0
44.45619079821     0.866808992693526     0     6     0
44.4694539483668     0.866856350118248     0     6     0
44.4827171347406     0.866708703698951     0     6     0
44.4959803564257     0.866866966711666     0     6     0
44.5092436125167     0.866770610839704     0     6     0
44.522506902108     0.866867722602933     0     6     0
44.5357702242939     0.866880045157901     0     6     0
44.549033578169     0.86675260730105     0     6     0
44.5622969628277     0.86662728871614     0     6     0
44.5755603773645     0.866656465251776     0     6     0
44.5888238208739     0.866838764975284     0     6     0
44.6020872924504     0.866493495410667     0     6     0
44.6153507911885     0.866714813396928     0     6     0
44.6286143161827     0.866403821657505     0     6     0
44.6418778665275     0.86623770054717     0     6     0
44.6551414413176     0.866514570767339     0     6     0
44.6684050396474     0.86655624282352     0     6     0
44.6816686606115     0.866412045627733     0     6     0
44.6949323033044     0.866544390583382     0     6     0
44.7081959668207     0.866475704950919     0     6     0
44.7214596502551     0.866179815022975     0     6     0
44.7347233527021     0.866200993346891     0     6     0
44.7479870732562     0.866183726489772     0     6     0
44.7612508110122     0.866118430560012     0     6     0
44.7745145650645     0.86629933736075     0     6     0
44.7877783345079     0.866355152446487     0     6     0
44.8010421184369     0.86611862588882     0     6     0
44.8143059159461     0.866116940482567     0     6     0
44.8275697261302     0.866147278689847     0     6     0
44.8408335480838     0.866280093017168     0     6     0
44.8540973809016     0.866294228236376     0     6     0
44.8673612236781     0.866112792099653     0     6     0
44.8806250755081     0.866277123713318     0     6     0
44.8938889354862     0.866182903911377     0     6     0
44.9071528027069     0.866201509555008     0     6     0
44.9204166762651     0.866290261132708     0     6     0
44.9336805552553     0.866268757971259     0     6     0
44.9469444387722     0.866260404896397     0     6     0
44.9602083259105     0.866388582468485     0     6     0
44.9734722157648     0.866089794596323     0     6     0
44.9867361074297     0.866185458982167     0     6     0
45     0.866082607170144     0     6     0
