40.3773296281681     0.828865424342623     0     2     -4
40.3905383424574     0.828966058827787     0     2     -4
40.4037473740993     0.829666771147558     0     2     -4
40.4169567221688     0.82994695617685     0     2     -4
40.4301663857409     0.830357535102884     0     2     -4
40.4433763638906     0.830658074257291     0     2     -4
40.4565866556934     0.831032223781724     0     2     -4
40.4697972602245     0.831431637791132     0     2     -4
40.4830081765594     0.831750300442796     0     2     -4
40.4962194037737     0.832148585071393     0     2     -4
40.5094309409432     0.832473976148813     0     2     -4
40.5226427871436     0.832782434533121     0     2     -4
40.5358549414509     0.833257292256581     0     2     -4
40.5490674029412     0.833456775307833     0     2     -4
40.5622801706905     0.833875219159685     0     2     -4
40.5754932437751     0.834132168670308     0     2     -4
40.5887066212714     0.834521103442818     0     2     -4
40.601920302256     0.834705254010678     0     2     -4
40.6151342858053     0.835029612530314     0     2     -4
40.628348570996     0.835352818153916     0     2     -4
40.6415631569051     0.835645424040486     0     2     -4
40.6547780426093     0.835941478188411     0     2     -4
40.6679932271857     0.836235817848899     0     2     -4
40.6812087097115     0.836567428916095     0     2     -4
40.6944244892639     0.83681659640575     0     2     -4
40.7076405649202     0.837118745025482     0     2     -4
40.7208569357578     0.837277833894991     0     2     -4
40.7340736008544     0.837533870866413     0     2     -4
40.7472905592876     0.837901619166356     0     2     -4
40.7605078101351     0.838088238664707     0     2     -4
40.7737253524748     0.838275769125332     0     2     -4
40.7869431853848     0.838560378069772     0     2     -4
40.800161307943     0.838763373485282     0     2     -4
40.8133797192277     0.83902057217346     0     2     -4
40.8265984183172     0.83920726570148     0     2     -4
40.8398174042898     0.839452283045324     0     2     -4
40.8530366762241     0.839650709285974     0     2     -4
40.8662562331986     0.839876168086978     0     2     -4
40.8794760742921     0.84010264675233     0     2     -4
40.8926961985833     0.840315570467292     0     2     -4
40.9059166051511     0.840381917355188     0     2     -4
40.9191372930747     0.840531047478181     0     2     -4
40.932358261433     0.840737410007798     0     2     -4
40.9455795093053     0.841181069438601     0     2     -4
40.9588010357708     0.841036911301834     0     2     -4
40.9720228399091     0.841290381177114     0     2     -4
40.9852449207996     0.841505697621509     0     2     -4
40.9984672775219     0.841585752656385     0     2     -4
41.0116899091557     0.841685008241983     0     2     -4
41.0249128147808     0.841924861395085     0     2     -4
41.0381359934772     0.841951118046729     0     2     -4
41.0513594443248     0.842109652812269     0     2     -4
41.0645831664038     0.842175166132778     0     2     -4
41.0778071587943     0.84229081384233     0     2     -4
41.0910314205766     0.842451426656424     0     2     -4
41.1042559508312     0.842539408544016     0     2     -4
41.1174807486384     0.842556950957467     0     2     -4
41.130705813079     0.842653132744582     0     2     -4
41.1439311432336     0.842830365751443     0     2     -4
41.1571567381829     0.842885737036596     0     2     -4
41.1703825970079     0.842956476629599     0     2     -4
41.1836087187894     0.84307819104689     0     2     -4
41.1968351026086     0.843065540411424     0     2     -4
41.2100617475467     0.843171062962533     0     2     -4
41.2232886526848     0.843322661844563     0     2     -4
41.2365158171043     0.843239063462733     0     2     -4
41.2497432398867     0.84334335566739     0     2     -4
41.2629709201134     0.843357002608267     0     2     -4
41.2761988568661     0.843508873012248     0     2     -4
41.2894270492266     0.843522954733288     0     2     -4
41.3026554962766     0.843574724843319     0     2     -4
41.315884197098     0.843442638838091     0     2     -4
41.3291131507728     0.843586070819125     0     2     -4
41.3423423563831     0.843568375636961     0     2     -4
41.3555718130111     0.843594829354651     0     2     -4
41.368801519739     0.843575870623961     0     2     -4
41.3820314756491     0.843664414610081     0     2     -4
41.395261679824     0.843568537852823     0     2     -4
41.4084921313462     0.843534283569502     0     2     -4
41.4217228292982     0.843651620857671     0     2     -4
41.4349537727627     0.843600894966521     0     2     -4
41.4481849608227     0.843584069693958     0     2     -4
41.4614163925608     0.843447712557908     0     2     -4
41.4746480670603     0.84336621844089     0     2     -4
41.487879983404     0.843333428918713     0     2     -4
41.5011121406751     0.843295366648677     0     2     -4
41.5143445379569     0.843242701594422     0     2     -4
41.5275771743327     0.843203785882041     0     2     -4
41.5408100488858     0.843116326741533     0     2     -4
41.5540431606999     0.842908816255539     0     2     -4
41.5672765088584     0.842872791899304     0     2     -4
41.580510092445     0.842904603808494     0     2     -4
41.5937439105435     0.842677088085637     0     2     -4
41.6069779622377     0.842533479683971     0     2     -4
41.6202122466115     0.842370050045825     0     2     -4
41.6334467627489     0.842193110861435     0     2     -4
41.646681509734     0.842112679910795     0     2     -4
41.6599164866509     0.841834121443787     0     2     -4
41.673151692584     0.841631305047552     0     2     -4
41.6863871266174     0.841302291046994     0     2     -4
41.6996227878358     0.841216781953694     0     2     -4
41.7128586753234     0.840949368000993     0     2     -4
41.726094788165     0.840736493580358     0     2     -4
41.7393311254452     0.840347720033947     0     2     -4
41.7525676862486     0.84003870799156     0     2     -4
41.7658044696602     0.839785685287997     0     2     -4
41.7790414747648     0.839185062752976     0     2     -4
41.7922787006474     0.83885043301726     0     2     -4
41.8055161463931     0.838328426770559     0     2     -4
41.8187538110869     0.837899638443062     0     2     -4
41.8319916938142     0.83740421513304     0     2     -4
41.8452297936601     0.836875178149717     0     2     -4
41.8584681097102     0.836243024477188     0     2     -4
41.8717066410497     0.835485754687907     0     2     -4
41.8849453867643     0.83478635266738     0     2     -4
41.8981843459396     0.833968603281143     0     2     -4
41.9114235176612     0.832978259711297     0     2     -4
41.9246629010149     0.832155839446676     0     2     -4
41.9379024950865     0.831045286790104     0     2     -4
41.9511422989619     0.829832163216906     0     2     -4
41.9643823117272     0.828667456124422     0     2     -4
41.9776225324684     0.827216761535161     0     2     -4
41.9908629602715     0.825718908798149     0     2     -4
42.0041035942229     0.824127499909964     0     2     -4
42.0173444334088     0.822322895737409     0     2     -4
42.0305854769156     0.820168930934628     0     2     -4
42.0438267238296     0.817925090246023     0     2     -4
42.0570681732375     0.815391185698338     0     2     -4
42.0703098242257     0.812580326776066     0     2     -4
42.083551675881     0.809378341149851     0     2     -4
42.09679372729     0.80584389074887     0     2     -4
42.1100359775395     0.801856467419533     0     2     -4
42.1232784257165     0.797117389707186     0     2     -4
42.1365210709078     0.79194555644866     0     2     -4
42.1497639122005     0.785953529420686     0     2     -4
42.1630069486816     0.77961394005134     0     2     -4
42.1762501794383     0.772104717171388     0     2     -4
42.1894936035578     0.76284101455167     0     2     -4
42.2027372201273     0.751892217579509     0     2     -4
42.2159810282344     0.738907261320902     0     2     -4
42.2292250269662     0.723557287519403     0     2     -4
42.2424692154105     0.705966085360407     0     2     -4
42.2557135926547     0.68467392690429     0     2     -4
42.2689581577864     0.660000018744803     0     2     -4
42.2822029098935     0.629770719678611     0     2     -4
42.2954478480635     0.591785934307706     0     2     -4
42.3086929713844     0.546913612155405     0     2     -4
42.3219382789441     0.493370018948809     0     2     -4
42.3351837698304     0.433708094879973     0     2     -4
42.3484294431316     0.369980079910465     0     2     -4
42.3616752979356     0.303255191192768     0     2     -4
42.3749213333306     0.244524065257639     0     2     -4
42.3881675484049     0.203801544188896     0     2     -4
42.4014139422467     0.19089281513079     0     2     -4
42.4146605139445     0.209926070861768     0     2     -4
42.4279072625865     0.256788430914354     0     2     -4
42.4411541872613     0.322688920908898     0     2     -4
42.4544012870576     0.394602728884429     0     2     -4
42.4676485610637     0.465324910617257     0     2     -4
42.4808960083686     0.529090973676133     0     2     -4
42.4941436280607     0.582404739656478     0     2     -4
42.5073914192291     0.627479841780491     0     2     -4
42.5206393809625     0.664183067813451     0     2     -4
42.5338875123499     0.693786681901447     0     2     -4
42.5471358124802     0.717924609090765     0     2     -4
42.5603842804426     0.737697600869393     0     2     -4
42.573632915326     0.753871086025431     0     2     -4
42.5868817162196     0.767540821779475     0     2     -4
42.6001306822128     0.778944271595804     0     2     -4
42.6133798123947     0.788514939401702     0     2     -4
42.6266291058547     0.797087047153004     0     2     -4
42.6398785616822     0.804372334276689     0     2     -4
42.6531281789667     0.81068838958845     0     2     -4
42.6663779567977     0.816145778198988     0     2     -4
42.6796278942648     0.820912321992081     0     2     -4
42.6928779904575     0.825101908461107     0     2     -4
42.7061282444657     0.82857303414345     0     2     -4
42.719378655379     0.831502292871128     0     2     -4
42.7326292222872     0.83443771359073     0     2     -4
42.7458799442802     0.836733601188061     0     2     -4
42.759130820448     0.838883404543094     0     2     -4
42.7723818498804     0.840774259480224     0     2     -4
42.7856330316676     0.842332768002685     0     2     -4
42.7988843648995     0.843944504902635     0     2     -4
42.8121358486664     0.845203782131724     0     2     -4
42.8253874820585     0.846483118826559     0     2     -4
42.8386392641659     0.847639411735645     0     2     -4
42.8518911940789     0.848541157491046     0     2     -4
42.865143270888     0.849369522535452     0     2     -4
42.8783954936836     0.850159344544292     0     2     -4
42.891647861556     0.850885868364061     0     2     -4
42.9049003735958     0.851677106647407     0     2     -4
42.9181530288935     0.852135531115183     0     2     -4
42.9314058265398     0.852794810834009     0     2     -4
42.9446587656254     0.853274378147246     0     2     -4
42.9579118452409     0.853767632892598     0     2     -4
42.9711650644771     0.85413145096891     0     2     -4
42.9844184224248     0.854544208282854     0     2     -4
42.9976719181749     0.854980048205748     0     2     -4
43.0109255508184     0.855276280606028     0     2     -4
43.0241793194461     0.85563008141659     0     2     -4
43.0374332231491     0.855884399157446     0     2     -4
43.0506872610184     0.856089203979535     0     2     -4
43.0639414321452     0.856368271691418     0     2     -4
43.0771957356206     0.856633654312745     0     2     -4
43.0904501705359     0.856767205133482     0     2     -4
43.1037047359822     0.857045993837388     0     2     -4
43.1169594310509     0.857108214284116     0     2     -4
43.1302142548334     0.857414540812603     0     2     -4
43.1434692064209     0.857558423500797     0     2     -4
43.1567242849051     0.857740482557036     0     2     -4
43.1699794893773     0.857766903407968     0     2     -4
43.183234818929     0.857973853453119     0     2     -4
43.1964902726519     0.8581562242015     0     2     -4
43.2097458496376     0.858218045446023     0     2     -4
43.2230015489777     0.858352212230576     0     2     -4
43.236257369764     0.858530753694524     0     2     -4
43.2495133110882     0.858475749286287     0     2     -4
43.2627693720421     0.858707548474323     0     2     -4
43.2760255517175     0.858679692570234     0     2     -4
43.2892818492064     0.858801721207969     0     2     -4
43.3025382636006     0.858904670874955     0     2     -4
43.3157947939921     0.858936069850334     0     2     -4
43.3290514394729     0.859005017529393     0     2     -4
43.3423081991352     0.8590723220859     0     2     -4
43.3555650720708     0.859148106749542     0     2     -4
43.3688220573721     0.859249681493365     0     2     -4
43.3820791541312     0.859233479301966     0     2     -4
43.3953363614402     0.859341890120318     0     2     -4
43.4085936783915     0.859382170855758     0     2     -4
43.4218511040773     0.85951102132873     0     2     -4
43.43510863759     0.859604699355572     0     2     -4
43.4483662780219     0.859530581812467     0     2     -4
43.4616240244654     0.859713468908989     0     2     -4
43.4748818760131     0.859696950649536     0     2     -4
43.4881398317573     0.859736671534483     0     2     -4
43.5013978907905     0.859815636803863     0     2     -4
43.5146560522055     0.859807587320747     0     2     -4
43.5279143150947     0.859956492010863     0     2     -4
43.5411726785508     0.859991430696059     0     2     -4
43.5544311416664     0.860064448974371     0     2     -4
43.5676897035343     0.860202253656046     0     2     -4
43.5809483632472     0.860095893633677     0     2     -4
43.5942071198979     0.860197831516967     0     2     -4
43.6074659725792     0.860160494609745     0     2     -4
43.6207249203839     0.860200876977735     0     2     -4
43.6339839624049     0.860096448420158     0     2     -4
43.6472430977351     0.860104072234578     0     2     -4
43.6605023254675     0.86029673008258     0     2     -4
43.6737616446951     0.860198712183928     0     2     -4
43.6870210545109     0.860258564842313     0     2     -4
43.7002805540078     0.860206541814545     0     2     -4
43.7135401422791     0.860312751543334     0     2     -4
43.7267998184177     0.860353727739712     0     2     -4
43.7400595815169     0.860340850247075     0     2     -4
43.7533194306699     0.860413468517452     0     2     -4
43.7665793649697     0.860356226391719     0     2     -4
43.7798393835097     0.860360138596923     0     2     -4
43.7930994853832     0.860440646506778     0     2     -4
43.8063596696833     0.860423527777851     0     2     -4
43.8196199355036     0.860413221438283     0     2     -4
43.8328802819372     0.860446068676703     0     2     -4
43.8461407080776     0.860372623746251     0     2     -4
43.8594012130182     0.860531896272133     0     2     -4
43.8726617958525     0.86043509478298     0     2     -4
43.8859224556739     0.860463919493395     0     2     -4
43.8991831915758     0.860544479546636     0     2     -4
43.912444002652     0.860490730662243     0     2     -4
43.9257048879957     0.860559086687616     0     2     -4
43.9389658467008     0.860586172421128     0     2     -4
43.9522268778607     0.860555863505134     0     2     -4
43.9654879805692     0.860646792510719     0     2     -4
43.9787491539198     0.860603710125491     0     2     -4
43.9920103970062     0.860577832977951     0     2     -4
44.0052717089222     0.860634376849732     0     2     -4
44.0185330887614     0.860550315847193     0     2     -4
44.0317945356177     0.860767504555919     0     2     -4
44.0450560485848     0.860767695488801     0     2     -4
44.0583176267565     0.860671270208537     0     2     -4
44.0715792692266     0.86060560731021     0     2     -4
44.0848409750891     0.860708195284624     0     2     -4
44.0981027434377     0.860640931583675     0     2     -4
44.1113645733664     0.860832345371861     0     2     -4
44.1246264639691     0.86069673908534     0     2     -4
44.1378884143397     0.860862938760443     0     2     -4
44.1511504235722     0.860654175923731     0     2     -4
44.1644124907606     0.860770364131434     0     2     -4
44.1776746149988     0.860783545705003     0     2     -4
44.190936795381     0.860810166651929     0     2     -4
44.2041990310011     0.860780562771083     0     2     -4
44.2174613209532     0.860799740581122     0     2     -4
44.2307236643314     0.860681063222491     0     2     -4
44.2439860602298     0.860843253748296     0     2     -4
44.2572485077426     0.86070093028257     0     2     -4
44.2705110059638     0.860769877599967     0     2     -4
44.2837735539876     0.860766267453989     0     2     -4
44.2970361509082     0.860855671075067     0     2     -4
44.3102987958199     0.860704023171347     0     2     -4
44.3235614878167     0.860743881798666     0     2     -4
44.336824225993     0.860719335929599     0     2     -4
44.3500870094429     0.860777196521928     0     2     -4
44.3633498372608     0.86080367159636     0     2     -4
44.376612708541     0.860734267140761     0     2     -4
44.3898756223776     0.860681392999905     0     2     -4
44.4031385778651     0.860704213615381     0     2     -4
44.4164015740977     0.860687901871977     0     2     -4
44.4296646101698     0.860710220586011     0     2     -4
44.4429276851758     0.86065645486416     0     2     -4
44.45619079821     0.860635741418083     0     2     -4
44.4694539483668     0.860694269093942     0     2     -4
44.4827171347406     0.860545805555138     0     2     -4
44.4959803564257     0.860662838253868     0     2     -4
44.5092436125167     0.860610768300404     0     2     -4
44.522506902108     0.860542939890245     0     2     -4
44.5357702242939     0.860627643710005     0     2     -4
44.549033578169     0.86059182717238     0     2     -4
44.5622969628277     0.860603870964036     0     2     -4
44.5755603773645     0.860611490199065     0     2     -4
44.5888238208739     0.860495029718416     0     2     -4
44.6020872924504     0.860584981790696     0     2     -4
44.6153507911885     0.860532643538398     0     2     -4
44.6286143161827     0.860609404080546     0     2     -4
44.6418778665275     0.860542823805653     0     2     -4
44.6551414413176     0.860405727825556     0     2     -4
44.6684050396474     0.860615902677737     0     2     -4
44.6816686606115     0.860510856451488     0     2     -4
44.6949323033044     0.86050539009214     0     2     -4
44.7081959668207     0.860526464905887     0     2     -4
44.7214596502551     0.860504003440664     0     2     -4
44.7347233527021     0.860561073108209     0     2     -4
44.7479870732562     0.860495818595575     0     2     -4
44.7612508110122     0.860529776882383     0     2     -4
44.7745145650645     0.86054886492827     0     2     -4
44.7877783345079     0.860426571306192     0     2     -4
44.8010421184369     0.860525705918941     0     2     -4
44.8143059159461     0.860472930648607     0     2     -4
44.8275697261302     0.860526085235502     0     2     -4
44.8408335480838     0.860541867185327     0     2     -4
44.8540973809016     0.860551644005704     0     2     -4
44.8673612236781     0.860591362213872     0     2     -4
44.8806250755081     0.860578735520969     0     2     -4
44.8938889354862     0.860560775180538     0     2     -4
44.9071528027069     0.860463957626048     0     2     -4
44.9204166762651     0.860619047296076     0     2     -4
44.9336805552553     0.8606281748249     0     2     -4
44.9469444387722     0.860513999802452     0     2     -4
44.9602083259105     0.86068324913563     0     2     -4
44.9734722157648     0.860587419416087     0     2     -4
44.9867361074297     0.860788881140457     0     2     -4
45     0.860520138348153     0     2     -4
