40.3773296281681     0.361892060372159     0     -4     -6
40.3905383424574     0.362528273312917     0     -4     -6
40.4037473740993     0.373062469401935     0     -4     -6
40.4169567221688     0.383277218997783     0     -4     -6
40.4301663857409     0.381919475565061     0     -4     -6
40.4433763638906     0.380420161111199     0     -4     -6
40.4565866556934     0.390845000633232     0     -4     -6
40.4697972602245     0.397828276371929     0     -4     -6
40.4830081765594     0.391368967118507     0     -4     -6
40.4962194037737     0.39054504103194     0     -4     -6
40.5094309409432     0.399596563161965     0     -4     -6
40.5226427871436     0.400686079719481     0     -4     -6
40.5358549414509     0.39151428423255     0     -4     -6
40.5490674029412     0.391833431870823     0     -4     -6
40.5622801706905     0.398137731947831     0     -4     -6
40.5754932437751     0.390133778399446     0     -4     -6
40.5887066212714     0.379266848092472     0     -4     -6
40.601920302256     0.384896361034781     0     -4     -6
40.6151342858053     0.382871668628074     0     -4     -6
40.628348570996     0.367550269067757     0     -4     -6
40.6415631569051     0.3608090431986     0     -4     -6
40.6547780426093     0.361661398299182     0     -4     -6
40.6679932271857     0.349152321820082     0     -4     -6
40.6812087097115     0.330343904025659     0     -4     -6
40.6944244892639     0.329075467087408     0     -4     -6
40.7076405649202     0.323939523511665     0     -4     -6
40.7208569357578     0.30129177657617     0     -4     -6
40.7340736008544     0.289227047321719     0     -4     -6
40.7472905592876     0.286672957032815     0     -4     -6
40.7605078101351     0.27025855868387     0     -4     -6
40.7737253524748     0.247194631949188     0     -4     -6
40.7869431853848     0.240803018201013     0     -4     -6
40.800161307943     0.233972303489307     0     -4     -6
40.8133797192277     0.208832164222253     0     -4     -6
40.8265984183172     0.195844497164056     0     -4     -6
40.8398174042898     0.192871317232818     0     -4     -6
40.8530366762241     0.180020951099073     0     -4     -6
40.8662562331986     0.161489836389098     0     -4     -6
40.8794760742921     0.163668643825665     0     -4     -6
40.8926961985833     0.166627244946524     0     -4     -6
40.9059166051511     0.156746572372634     0     -4     -6
40.9191372930747     0.16101328437898     0     -4     -6
40.932358261433     0.177692394041901     0     -4     -6
40.9455795093053     0.186052063439477     0     -4     -6
40.9588010357708     0.195099291148988     0     -4     -6
40.9720228399091     0.221076756043851     0     -4     -6
40.9852449207996     0.245883307794724     0     -4     -6
40.9984672775219     0.266422350611887     0     -4     -6
41.0116899091557     0.294289585691888     0     -4     -6
41.0249128147808     0.33047301895682     0     -4     -6
41.0381359934772     0.35863132672385     0     -4     -6
41.0513594443248     0.388525898524112     0     -4     -6
41.0645831664038     0.424789093757469     0     -4     -6
41.0778071587943     0.453047012997732     0     -4     -6
41.0910314205766     0.479726499991982     0     -4     -6
41.1042559508312     0.513030828716364     0     -4     -6
41.1174807486384     0.544378434519011     0     -4     -6
41.130705813079     0.56151045378643     0     -4     -6
41.1439311432336     0.579475007027642     0     -4     -6
41.1571567381829     0.604878989054776     0     -4     -6
41.1703825970079     0.623712236300096     0     -4     -6
41.1836087187894     0.631214844740443     0     -4     -6
41.1968351026086     0.642089215747454     0     -4     -6
41.2100617475467     0.657306886102126     0     -4     -6
41.2232886526848     0.66899290295349     0     -4     -6
41.2365158171043     0.671637616199402     0     -4     -6
41.2497432398867     0.674226597902558     0     -4     -6
41.2629709201134     0.682379272926417     0     -4     -6
41.2761988568661     0.691275106305332     0     -4     -6
41.2894270492266     0.691670532383867     0     -4     -6
41.3026554962766     0.688785943721732     0     -4     -6
41.315884197098     0.692651829946307     0     -4     -6
41.3291131507728     0.698005385680832     0     -4     -6
41.3423423563831     0.695777706088359     0     -4     -6
41.3555718130111     0.687717545634771     0     -4     -6
41.368801519739     0.685505260469229     0     -4     -6
41.3820314756491     0.687675815049577     0     -4     -6
41.395261679824     0.681131291498122     0     -4     -6
41.4084921313462     0.666720502034216     0     -4     -6
41.4217228292982     0.657862600901206     0     -4     -6
41.4349537727627     0.654450505823666     0     -4     -6
41.4481849608227     0.642158927994705     0     -4     -6
41.4614163925608     0.617470020554064     0     -4     -6
41.4746480670603     0.59500263647741     0     -4     -6
41.487879983404     0.581373284972186     0     -4     -6
41.5011121406751     0.559992713286875     0     -4     -6
41.5143445379569     0.518895693448605     0     -4     -6
41.5275771743327     0.486079650102486     0     -4     -6
41.5408100488858     0.478260972137353     0     -4     -6
41.5540431606999     0.464401327313861     0     -4     -6
41.5672765088584     0.453993845203011     0     -4     -6
41.580510092445     0.478818533716347     0     -4     -6
41.5937439105435     0.543299250366889     0     -4     -6
41.6069779622377     0.623165718585784     0     -4     -6
41.6202122466115     0.701061811043548     0     -4     -6
41.6334467627489     0.75077262724306     0     -4     -6
41.646681509734     0.779264393832504     0     -4     -6
41.6599164866509     0.796052409935927     0     -4     -6
41.673151692584     0.804448253573344     0     -4     -6
41.6863871266174     0.807426728835343     0     -4     -6
41.6996227878358     0.809342131686481     0     -4     -6
41.7128586753234     0.814945910758575     0     -4     -6
41.726094788165     0.82117027677925     0     -4     -6
41.7393311254452     0.82571035214613     0     -4     -6
41.7525676862486     0.829611841603173     0     -4     -6
41.7658044696602     0.834445165522622     0     -4     -6
41.7790414747648     0.838548665749294     0     -4     -6
41.7922787006474     0.840882490993461     0     -4     -6
41.8055161463931     0.842995068889758     0     -4     -6
41.8187538110869     0.845103484506921     0     -4     -6
41.8319916938142     0.846795321236573     0     -4     -6
41.8452297936601     0.847715321220315     0     -4     -6
41.8584681097102     0.848688742992549     0     -4     -6
41.8717066410497     0.850050734542297     0     -4     -6
41.8849453867643     0.85037618139569     0     -4     -6
41.8981843459396     0.850632524118624     0     -4     -6
41.9114235176612     0.851352996568308     0     -4     -6
41.9246629010149     0.851721226876208     0     -4     -6
41.9379024950865     0.852452828698725     0     -4     -6
41.9511422989619     0.852362423049647     0     -4     -6
41.9643823117272     0.852884560461071     0     -4     -6
41.9776225324684     0.85287657400131     0     -4     -6
41.9908629602715     0.853117439092912     0     -4     -6
42.0041035942229     0.853076951241124     0     -4     -6
42.0173444334088     0.853282586716074     0     -4     -6
42.0305854769156     0.85348714972791     0     -4     -6
42.0438267238296     0.853544974114191     0     -4     -6
42.0570681732375     0.853673532336586     0     -4     -6
42.0703098242257     0.853775079863901     0     -4     -6
42.083551675881     0.853842582563758     0     -4     -6
42.09679372729     0.85385091634563     0     -4     -6
42.1100359775395     0.854175938707726     0     -4     -6
42.1232784257165     0.853945142395241     0     -4     -6
42.1365210709078     0.854115289948964     0     -4     -6
42.1497639122005     0.854241888311955     0     -4     -6
42.1630069486816     0.854482929190525     0     -4     -6
42.1762501794383     0.854353114732936     0     -4     -6
42.1894936035578     0.854381332525487     0     -4     -6
42.2027372201273     0.854368996596608     0     -4     -6
42.2159810282344     0.854643687404271     0     -4     -6
42.2292250269662     0.854718369847216     0     -4     -6
42.2424692154105     0.854554411373853     0     -4     -6
42.2557135926547     0.854696047799901     0     -4     -6
42.2689581577864     0.854634452163477     0     -4     -6
42.2822029098935     0.854804005019911     0     -4     -6
42.2954478480635     0.854750660685658     0     -4     -6
42.3086929713844     0.854795666027115     0     -4     -6
42.3219382789441     0.854808112388988     0     -4     -6
42.3351837698304     0.854953373650452     0     -4     -6
42.3484294431316     0.854936486997998     0     -4     -6
42.3616752979356     0.854846744914304     0     -4     -6
42.3749213333306     0.854352965237242     0     -4     -6
42.3881675484049     0.855005179049866     0     -4     -6
42.4014139422467     0.855123447517414     0     -4     -6
42.4146605139445     0.855359277632904     0     -4     -6
42.4279072625865     0.855194420897653     0     -4     -6
42.4411541872613     0.855147878983668     0     -4     -6
42.4544012870576     0.854967035657948     0     -4     -6
42.4676485610637     0.85521974366375     0     -4     -6
42.4808960083686     0.855431644367461     0     -4     -6
42.4941436280607     0.85531589206279     0     -4     -6
42.5073914192291     0.855720756398065     0     -4     -6
42.5206393809625     0.855455920527699     0     -4     -6
42.5338875123499     0.855738984295901     0     -4     -6
42.5471358124802     0.855149091656831     0     -4     -6
42.5603842804426     0.855644468558269     0     -4     -6
42.573632915326     0.85531765939699     0     -4     -6
42.5868817162196     0.855667013100847     0     -4     -6
42.6001306822128     0.855425649740683     0     -4     -6
42.6133798123947     0.855365268996103     0     -4     -6
42.6266291058547     0.855044004825373     0     -4     -6
42.6398785616822     0.855353201753832     0     -4     -6
42.6531281789667     0.855313766493531     0     -4     -6
42.6663779567977     0.855429284323091     0     -4     -6
42.6796278942648     0.855415829738663     0     -4     -6
42.6928779904575     0.855434548972129     0     -4     -6
42.7061282444657     0.855452118749714     0     -4     -6
42.719378655379     0.855430253381439     0     -4     -6
42.7326292222872     0.855234957953117     0     -4     -6
42.7458799442802     0.855761627098675     0     -4     -6
42.759130820448     0.855275190906722     0     -4     -6
42.7723818498804     0.855819791460436     0     -4     -6
42.7856330316676     0.855472324198063     0     -4     -6
42.7988843648995     0.855942356707591     0     -4     -6
42.8121358486664     0.855522992091465     0     -4     -6
42.8253874820585     0.855753238664145     0     -4     -6
42.8386392641659     0.855512411541048     0     -4     -6
42.8518911940789     0.855748910851213     0     -4     -6
42.865143270888     0.855691805517073     0     -4     -6
42.8783954936836     0.856237211543702     0     -4     -6
42.891647861556     0.855618382736113     0     -4     -6
42.9049003735958     0.855821750080908     0     -4     -6
42.9181530288935     0.855797364950751     0     -4     -6
42.9314058265398     0.856151720932875     0     -4     -6
42.9446587656254     0.855636127108513     0     -4     -6
42.9579118452409     0.856010713839599     0     -4     -6
42.9711650644771     0.855912840921512     0     -4     -6
42.9844184224248     0.856200742091734     0     -4     -6
42.9976719181749     0.855955263027551     0     -4     -6
43.0109255508184     0.856414082587475     0     -4     -6
43.0241793194461     0.856655128952475     0     -4     -6
43.0374332231491     0.856240475547978     0     -4     -6
43.0506872610184     0.856129832140936     0     -4     -6
43.0639414321452     0.856201869650016     0     -4     -6
43.0771957356206     0.856273357238396     0     -4     -6
43.0904501705359     0.856206587499394     0     -4     -6
43.1037047359822     0.856670263176875     0     -4     -6
43.1169594310509     0.856246548551693     0     -4     -6
43.1302142548334     0.856474203303021     0     -4     -6
43.1434692064209     0.856451260635696     0     -4     -6
43.1567242849051     0.856286899105296     0     -4     -6
43.1699794893773     0.856805525506963     0     -4     -6
43.183234818929     0.856479811753074     0     -4     -6
43.1964902726519     0.856552525404796     0     -4     -6
43.2097458496376     0.856632580657834     0     -4     -6
43.2230015489777     0.856788173841357     0     -4     -6
43.236257369764     0.856692564997674     0     -4     -6
43.2495133110882     0.856597748487953     0     -4     -6
43.2627693720421     0.856696271427049     0     -4     -6
43.2760255517175     0.856844959108118     0     -4     -6
43.2892818492064     0.856714307068312     0     -4     -6
43.3025382636006     0.856976032457847     0     -4     -6
43.3157947939921     0.857280028029913     0     -4     -6
43.3290514394729     0.856791944450738     0     -4     -6
43.3423081991352     0.856975248294419     0     -4     -6
43.3555650720708     0.85717041293745     0     -4     -6
43.3688220573721     0.85733341887392     0     -4     -6
43.3820791541312     0.857215749011304     0     -4     -6
43.3953363614402     0.856962631827689     0     -4     -6
43.4085936783915     0.857370148772329     0     -4     -6
43.4218511040773     0.856988280681335     0     -4     -6
43.43510863759     0.857200733564698     0     -4     -6
43.4483662780219     0.85735480008956     0     -4     -6
43.4616240244654     0.85731550257046     0     -4     -6
43.4748818760131     0.857647615720626     0     -4     -6
43.4881398317573     0.857783345271993     0     -4     -6
43.5013978907905     0.857499349654627     0     -4     -6
43.5146560522055     0.857565664872479     0     -4     -6
43.5279143150947     0.857826706208765     0     -4     -6
43.5411726785508     0.857788575295647     0     -4     -6
43.5544311416664     0.857749254999003     0     -4     -6
43.5676897035343     0.857690854292074     0     -4     -6
43.5809483632472     0.857702497980645     0     -4     -6
43.5942071198979     0.857629918524222     0     -4     -6
43.6074659725792     0.857775699303281     0     -4     -6
43.6207249203839     0.857764497438811     0     -4     -6
43.6339839624049     0.857985559633396     0     -4     -6
43.6472430977351     0.857958429635368     0     -4     -6
43.6605023254675     0.85795915046233     0     -4     -6
43.6737616446951     0.857470804432351     0     -4     -6
43.6870210545109     0.857838282116816     0     -4     -6
43.7002805540078     0.857828655113253     0     -4     -6
43.7135401422791     0.857861443530973     0     -4     -6
43.7267998184177     0.857747696812329     0     -4     -6
43.7400595815169     0.858071570140791     0     -4     -6
43.7533194306699     0.857926674644303     0     -4     -6
43.7665793649697     0.858024398085558     0     -4     -6
43.7798393835097     0.857867390667834     0     -4     -6
43.7930994853832     0.858002735957358     0     -4     -6
43.8063596696833     0.858009847077514     0     -4     -6
43.8196199355036     0.857963336717043     0     -4     -6
43.8328802819372     0.857916550083585     0     -4     -6
43.8461407080776     0.858003936230613     0     -4     -6
43.8594012130182     0.858059082409556     0     -4     -6
43.8726617958525     0.858265692275559     0     -4     -6
43.8859224556739     0.858270666275745     0     -4     -6
43.8991831915758     0.858056108444827     0     -4     -6
43.912444002652     0.85829823916974     0     -4     -6
43.9257048879957     0.858405456811387     0     -4     -6
43.9389658467008     0.858050053824925     0     -4     -6
43.9522268778607     0.858207004503297     0     -4     -6
43.9654879805692     0.858400380950778     0     -4     -6
43.9787491539198     0.858248087400952     0     -4     -6
43.9920103970062     0.858080212355022     0     -4     -6
44.0052717089222     0.85816280408586     0     -4     -6
44.0185330887614     0.858219218001289     0     -4     -6
44.0317945356177     0.858203128267468     0     -4     -6
44.0450560485848     0.858303524747562     0     -4     -6
44.0583176267565     0.858409905839584     0     -4     -6
44.0715792692266     0.858517380865986     0     -4     -6
44.0848409750891     0.858101227205156     0     -4     -6
44.0981027434377     0.858624456907348     0     -4     -6
44.1113645733664     0.858626790546025     0     -4     -6
44.1246264639691     0.858443559304968     0     -4     -6
44.1378884143397     0.858144587537822     0     -4     -6
44.1511504235722     0.858416294504994     0     -4     -6
44.1644124907606     0.859066501457897     0     -4     -6
44.1776746149988     0.858978295497417     0     -4     -6
44.190936795381     0.858725253334292     0     -4     -6
44.2041990310011     0.858713225670247     0     -4     -6
44.2174613209532     0.858586382178396     0     -4     -6
44.2307236643314     0.858676654804708     0     -4     -6
44.2439860602298     0.858684858020516     0     -4     -6
44.2572485077426     0.85894104530039     0     -4     -6
44.2705110059638     0.858839267252113     0     -4     -6
44.2837735539876     0.858988065143568     0     -4     -6
44.2970361509082     0.859093361073036     0     -4     -6
44.3102987958199     0.859284950384638     0     -4     -6
44.3235614878167     0.858823131426444     0     -4     -6
44.336824225993     0.858895275336255     0     -4     -6
44.3500870094429     0.859147857910007     0     -4     -6
44.3633498372608     0.859076602812991     0     -4     -6
44.376612708541     0.859375617196579     0     -4     -6
44.3898756223776     0.859210555391213     0     -4     -6
44.4031385778651     0.85917183574994     0     -4     -6
44.4164015740977     0.859096503739774     0     -4     -6
44.4296646101698     0.859811452751264     0     -4     -6
44.4429276851758     0.859440437356386     0     -4     -6
44.45619079821     0.859384881154373     0     -4     -6
44.4694539483668     0.859588008081973     0     -4     -6
44.4827171347406     0.859754490641987     0     -4     -6
44.4959803564257     0.859604967853525     0     -4     -6
44.5092436125167     0.859608952371038     0     -4     -6
44.522506902108     0.859479249851338     0     -4     -6
44.5357702242939     0.859555515993378     0     -4     -6
44.549033578169     0.85972188433201     0     -4     -6
44.5622969628277     0.859760912025695     0     -4     -6
44.5755603773645     0.859955673257315     0     -4     -6
44.5888238208739     0.860119081310921     0     -4     -6
44.6020872924504     0.85992593740601     0     -4     -6
44.6153507911885     0.859919036238003     0     -4     -6
44.6286143161827     0.859997871920874     0     -4     -6
44.6418778665275     0.859955757944815     0     -4     -6
44.6551414413176     0.859922053418422     0     -4     -6
44.6684050396474     0.85994560087559     0     -4     -6
44.6816686606115     0.860067024216297     0     -4     -6
44.6949323033044     0.860105300455857     0     -4     -6
44.7081959668207     0.86016063702927     0     -4     -6
44.7214596502551     0.860128483008832     0     -4     -6
44.7347233527021     0.860320202726879     0     -4     -6
44.7479870732562     0.86021873625986     0     -4     -6
44.7612508110122     0.860109695856106     0     -4     -6
44.7745145650645     0.860453225233578     0     -4     -6
44.7877783345079     0.860225748248881     0     -4     -6
44.8010421184369     0.86027503857738     0     -4     -6
44.8143059159461     0.860319940508073     0     -4     -6
44.8275697261302     0.860376486365536     0     -4     -6
44.8408335480838     0.860567252118     0     -4     -6
44.8540973809016     0.860806698106421     0     -4     -6
44.8673612236781     0.860638845437086     0     -4     -6
44.8806250755081     0.860457547330752     0     -4     -6
44.8938889354862     0.860345476274208     0     -4     -6
44.9071528027069     0.860634748581577     0     -4     -6
44.9204166762651     0.860240097233026     0     -4     -6
44.9336805552553     0.860478021141281     0     -4     -6
44.9469444387722     0.860946779996956     0     -4     -6
44.9602083259105     0.860482546052768     0     -4     -6
44.9734722157648     0.860495515325839     0     -4     -6
44.9867361074297     0.860877150906611     0     -4     -6
45     0.860625820767447     0     -4     -6
