44.9867361074297     0.868934695818074     0     -8     -8
44.9734722157648     0.868813095482285     0     -8     -8
44.9602083259105     0.868829679769726     0     -8     -8
44.9469444387722     0.868932581986034     0     -8     -8
44.9336805552553     0.868986517741668     0     -8     -8
44.9204166762651     0.86905795338363     0     -8     -8
44.9071528027069     0.868928268802225     0     -8     -8
44.8938889354862     0.868891483458665     0     -8     -8
44.8806250755081     0.868972579323325     0     -8     -8
44.8673612236781     0.869000238767469     0     -8     -8
44.8540973809016     0.869203403553998     0     -8     -8
44.8408335480838     0.868738998873996     0     -8     -8
44.8275697261302     0.869064357965292     0     -8     -8
44.8143059159461     0.868977235180152     0     -8     -8
44.8010421184369     0.869203610424661     0     -8     -8
44.7877783345079     0.868892238017614     0     -8     -8
44.7745145650645     0.868966598038451     0     -8     -8
44.7612508110122     0.869114552200144     0     -8     -8
44.7479870732562     0.868941367335902     0     -8     -8
44.7347233527021     0.869150087900772     0     -8     -8
44.7214596502551     0.868929991424688     0     -8     -8
44.7081959668207     0.86920418170754     0     -8     -8
44.6949323033044     0.869172297290004     0     -8     -8
44.6816686606115     0.869111224381736     0     -8     -8
44.6684050396474     0.868883389335348     0     -8     -8
44.6551414413176     0.869166910869574     0     -8     -8
44.6418778665275     0.869018398607429     0     -8     -8
44.6286143161827     0.869181243760092     0     -8     -8
44.6153507911885     0.869125868526007     0     -8     -8
44.6020872924504     0.869273456381704     0     -8     -8
44.5888238208739     0.869316574603566     0     -8     -8
44.5755603773645     0.869158972761423     0     -8     -8
44.5622969628277     0.869389925034172     0     -8     -8
44.549033578169     0.869060494020321     0     -8     -8
44.5357702242939     0.869213999387015     0     -8     -8
44.522506902108     0.869331688838262     0     -8     -8
44.5092436125167     0.869247889346321     0     -8     -8
44.4959803564257     0.869327772028869     0     -8     -8
44.4827171347406     0.869059371844439     0     -8     -8
44.4694539483668     0.869321688051176     0     -8     -8
44.45619079821     0.869181859751275     0     -8     -8
44.4429276851758     0.869226473840681     0     -8     -8
44.4296646101698     0.869266736846836     0     -8     -8
44.4164015740977     0.869336805486804     0     -8     -8
44.4031385778651     0.869521204088466     0     -8     -8
44.3898756223776     0.86928584210025     0     -8     -8
44.376612708541     0.869080669063303     0     -8     -8
44.3633498372608     0.869163683433273     0     -8     -8
44.3500870094429     0.869400557795433     0     -8     -8
44.336824225993     0.869419187310005     0     -8     -8
44.3235614878167     0.869327074454208     0     -8     -8
44.3102987958199     0.86955253908262     0     -8     -8
44.2970361509082     0.869405310664719     0     -8     -8
44.2837735539876     0.869544085373637     0     -8     -8
44.2705110059638     0.86949331784477     0     -8     -8
44.2572485077426     0.869283772667528     0     -8     -8
44.2439860602298     0.869365999849757     0     -8     -8
44.2307236643314     0.869410779797456     0     -8     -8
44.2174613209532     0.869378988201573     0     -8     -8
44.2041990310011     0.869369688460349     0     -8     -8
44.190936795381     0.869339722482541     0     -8     -8
44.1776746149988     0.869350641184551     0     -8     -8
44.1644124907606     0.869392176865234     0     -8     -8
44.1511504235722     0.869463059595551     0     -8     -8
44.1378884143397     0.869273504540118     0     -8     -8
44.1246264639691     0.869593837853116     0     -8     -8
44.1113645733664     0.869563191342538     0     -8     -8
44.0981027434377     0.869485574962312     0     -8     -8
44.0848409750891     0.869427436992411     0     -8     -8
44.0715792692266     0.869437300806076     0     -8     -8
44.0583176267565     0.869662363422631     0     -8     -8
44.0450560485848     0.869539458943884     0     -8     -8
44.0317945356177     0.869691952715508     0     -8     -8
44.0185330887614     0.869596121563123     0     -8     -8
44.0052717089222     0.869490947254741     0     -8     -8
43.9920103970062     0.869435891572638     0     -8     -8
43.9787491539198     0.869550024392962     0     -8     -8
43.9654879805692     0.869333161254795     0     -8     -8
43.9522268778607     0.869567560416389     0     -8     -8
43.9389658467008     0.869641176613893     0     -8     -8
43.9257048879957     0.869348862583257     0     -8     -8
43.912444002652     0.869481949970333     0     -8     -8
43.8991831915758     0.869703185504581     0     -8     -8
43.8859224556739     0.869443341435855     0     -8     -8
43.8726617958525     0.869332936944079     0     -8     -8
43.8594012130182     0.869534453701541     0     -8     -8
43.8461407080776     0.869510837173239     0     -8     -8
43.8328802819372     0.869497912549044     0     -8     -8
43.8196199355036     0.869449297736382     0     -8     -8
43.8063596696833     0.869411700589219     0     -8     -8
43.7930994853832     0.869449051650773     0     -8     -8
43.7798393835097     0.869187221643801     0     -8     -8
43.7665793649697     0.869158586090348     0     -8     -8
43.7533194306699     0.869447614694474     0     -8     -8
43.7400595815169     0.869035538129564     0     -8     -8
43.7267998184177     0.869489561929258     0     -8     -8
43.7135401422791     0.869344950460632     0     -8     -8
43.7002805540078     0.869268912963089     0     -8     -8
43.6870210545109     0.869283419145206     0     -8     -8
43.6737616446951     0.869323460861287     0     -8     -8
43.6605023254675     0.869111529493707     0     -8     -8
43.6472430977351     0.86932252820809     0     -8     -8
43.6339839624049     0.869282718029774     0     -8     -8
43.6207249203839     0.869022811776882     0     -8     -8
43.6074659725792     0.869446656759971     0     -8     -8
43.5942071198979     0.869120887271262     0     -8     -8
43.5809483632472     0.869327213732761     0     -8     -8
43.5676897035343     0.869088426623244     0     -8     -8
43.5544311416664     0.869107027827461     0     -8     -8
43.5411726785508     0.869216365155142     0     -8     -8
43.5279143150947     0.869225051300439     0     -8     -8
43.5146560522055     0.869373482616966     0     -8     -8
43.5013978907905     0.868933896197031     0     -8     -8
43.4881398317573     0.869199632361334     0     -8     -8
43.4748818760131     0.869058309541628     0     -8     -8
43.4616240244654     0.869083107235493     0     -8     -8
43.4483662780219     0.869188095896936     0     -8     -8
43.43510863759     0.869065247628718     0     -8     -8
43.4218511040773     0.869140796483041     0     -8     -8
43.4085936783915     0.868992528958927     0     -8     -8
43.3953363614402     0.869066703319472     0     -8     -8
43.3820791541312     0.869021658749998     0     -8     -8
43.3688220573721     0.86910045417391     0     -8     -8
43.3555650720708     0.868883950847887     0     -8     -8
43.3423081991352     0.86868346562311     0     -8     -8
43.3290514394729     0.869108058032102     0     -8     -8
43.3157947939921     0.869127330139563     0     -8     -8
43.3025382636006     0.868897806215189     0     -8     -8
43.2892818492064     0.868969279303277     0     -8     -8
43.2760255517175     0.869020855608432     0     -8     -8
43.2627693720421     0.86897746928217     0     -8     -8
43.2495133110882     0.868970109017802     0     -8     -8
43.236257369764     0.868805455480531     0     -8     -8
43.2230015489777     0.86879657802152     0     -8     -8
43.2097458496376     0.868750437629673     0     -8     -8
43.1964902726519     0.868869011147186     0     -8     -8
43.183234818929     0.868860951755348     0     -8     -8
43.1699794893773     0.869055843424895     0     -8     -8
43.1567242849051     0.868814899180405     0     -8     -8
43.1434692064209     0.869100893101323     0     -8     -8
43.1302142548334     0.868845422052097     0     -8     -8
43.1169594310509     0.869059454863605     0     -8     -8
43.1037047359822     0.868909563342653     0     -8     -8
43.0904501705359     0.868763296670113     0     -8     -8
43.0771957356206     0.868956885621583     0     -8     -8
43.0639414321452     0.86883560904778     0     -8     -8
43.0506872610184     0.868960129773945     0     -8     -8
43.0374332231491     0.8687876906898     0     -8     -8
43.0241793194461     0.868862950613118     0     -8     -8
43.0109255508184     0.868949557811411     0     -8     -8
42.9976719181749     0.868909296703305     0     -8     -8
42.9844184224248     0.868928911483251     0     -8     -8
42.9711650644771     0.868821775574218     0     -8     -8
42.9579118452409     0.868997463024609     0     -8     -8
42.9446587656254     0.869004397977282     0     -8     -8
42.9314058265398     0.868873195546426     0     -8     -8
42.9181530288935     0.868999629119875     0     -8     -8
42.9049003735958     0.868867991199861     0     -8     -8
42.891647861556     0.868987618574607     0     -8     -8
42.8783954936836     0.868838138410892     0     -8     -8
42.865143270888     0.868848207454659     0     -8     -8
42.8518911940789     0.868904224775722     0     -8     -8
42.8386392641659     0.869135715602709     0     -8     -8
42.8253874820585     0.868813359118894     0     -8     -8
42.8121358486664     0.8688963909024     0     -8     -8
42.7988843648995     0.869093056556233     0     -8     -8
42.7856330316676     0.869045038099149     0     -8     -8
42.7723818498804     0.868670616771483     0     -8     -8
42.759130820448     0.868858235020671     0     -8     -8
42.7458799442802     0.868924588118855     0     -8     -8
42.7326292222872     0.868670503004514     0     -8     -8
42.719378655379     0.868937151609159     0     -8     -8
42.7061282444657     0.868657243761267     0     -8     -8
42.6928779904575     0.86884460239502     0     -8     -8
42.6796278942648     0.869026157959528     0     -8     -8
42.6663779567977     0.868967224939837     0     -8     -8
42.6531281789667     0.86914939635744     0     -8     -8
42.6398785616822     0.869028376690805     0     -8     -8
42.6266291058547     0.86884973280596     0     -8     -8
42.6133798123947     0.868934013687474     0     -8     -8
42.6001306822128     0.868598587772955     0     -8     -8
42.5868817162196     0.868839014324967     0     -8     -8
42.573632915326     0.868647702660953     0     -8     -8
42.5603842804426     0.869020289104786     0     -8     -8
42.5471358124802     0.868753895279055     0     -8     -8
42.5338875123499     0.868833177643462     0     -8     -8
42.5206393809625     0.868724683184641     0     -8     -8
42.5073914192291     0.868545759926007     0     -8     -8
42.4941436280607     0.868811665506064     0     -8     -8
42.4808960083686     0.86873588419136     0     -8     -8
42.4676485610637     0.868596605150623     0     -8     -8
42.4544012870576     0.868636179154568     0     -8     -8
42.4411541872613     0.868670422231035     0     -8     -8
42.4279072625865     0.868478813868194     0     -8     -8
42.4146605139445     0.868794809930279     0     -8     -8
42.4014139422467     0.868585026899088     0     -8     -8
42.3881675484049     0.86863994997122     0     -8     -8
42.3749213333306     0.868350208340423     0     -8     -8
42.3616752979356     0.868302968988737     0     -8     -8
42.3484294431316     0.868380337356465     0     -8     -8
42.3351837698304     0.868257372888559     0     -8     -8
42.3219382789441     0.868472866833508     0     -8     -8
42.3086929713844     0.868302781064201     0     -8     -8
42.2954478480635     0.86837048334074     0     -8     -8
42.2822029098935     0.86820663105027     0     -8     -8
42.2689581577864     0.868203701512063     0     -8     -8
42.2557135926547     0.868175692326726     0     -8     -8
42.2424692154105     0.868111060520546     0     -8     -8
42.2292250269662     0.868152904282965     0     -8     -8
42.2159810282344     0.867952240039148     0     -8     -8
42.2027372201273     0.868025307982881     0     -8     -8
42.1894936035578     0.868023327934738     0     -8     -8
42.1762501794383     0.867744054627069     0     -8     -8
42.1630069486816     0.867838847195089     0     -8     -8
42.1497639122005     0.867515145729037     0     -8     -8
42.1365210709078     0.867830819246648     0     -8     -8
42.1232784257165     0.867520018842138     0     -8     -8
42.1100359775395     0.867380756594238     0     -8     -8
42.09679372729     0.867365548066102     0     -8     -8
42.083551675881     0.867286374783843     0     -8     -8
42.0703098242257     0.866979525472781     0     -8     -8
42.0570681732375     0.867070098934787     0     -8     -8
42.0438267238296     0.866811272359746     0     -8     -8
42.0305854769156     0.866926588986639     0     -8     -8
42.0173444334088     0.866622159722097     0     -8     -8
42.0041035942229     0.866439461046703     0     -8     -8
41.9908629602715     0.866378045366932     0     -8     -8
41.9776225324684     0.866028871502528     0     -8     -8
41.9643823117272     0.86520051355388     0     -8     -8
41.9511422989619     0.865568150088428     0     -8     -8
41.9379024950865     0.865253022909303     0     -8     -8
41.9246629010149     0.864654827046047     0     -8     -8
41.9114235176612     0.864326067542263     0     -8     -8
41.8981843459396     0.863572004247189     0     -8     -8
41.8849453867643     0.862863109095577     0     -8     -8
41.8717066410497     0.862063337972263     0     -8     -8
41.8584681097102     0.861024336544805     0     -8     -8
41.8452297936601     0.85947214127709     0     -8     -8
41.8319916938142     0.857880201918362     0     -8     -8
41.8187538110869     0.85518468944489     0     -8     -8
41.8055161463931     0.850514432758341     0     -8     -8
41.7922787006474     0.84193594202765     0     -8     -8
41.7790414747648     0.832787916333678     0     -8     -8
41.7658044696602     0.822790947920789     0     -8     -8
41.7525676862486     0.810363382145316     0     -8     -8
41.7393311254452     0.77949323253934     0     -8     -8
41.726094788165     0.698759183502584     0     -8     -8
41.7128586753234     0.605001084239211     0     -8     -8
41.6996227878358     0.550662074437687     0     -8     -8
41.6863871266174     0.566922290150291     0     -8     -8
41.673151692584     0.633826072232684     0     -8     -8
41.6599164866509     0.695905606192301     0     -8     -8
41.646681509734     0.733467138506984     0     -8     -8
41.6334467627489     0.748356528678997     0     -8     -8
41.6202122466115     0.753108866376266     0     -8     -8
41.6069779622377     0.751339941032019     0     -8     -8
41.5937439105435     0.748582675480419     0     -8     -8
41.580510092445     0.741124416216189     0     -8     -8
41.5672765088584     0.725667310440092     0     -8     -8
41.5540431606999     0.70727999806941     0     -8     -8
41.5408100488858     0.683965433025752     0     -8     -8
41.5275771743327     0.653843994303891     0     -8     -8
41.5143445379569     0.607711682102232     0     -8     -8
41.5011121406751     0.54118331630456     0     -8     -8
41.487879983404     0.463675733714828     0     -8     -8
41.4746480670603     0.406071039925504     0     -8     -8
41.4614163925608     0.384231564890419     0     -8     -8
41.4481849608227     0.395257193878446     0     -8     -8
41.4349537727627     0.425421422707433     0     -8     -8
41.4217228292982     0.478499822117115     0     -8     -8
41.4084921313462     0.534010208358051     0     -8     -8
41.395261679824     0.57115792371551     0     -8     -8
41.3820314756491     0.597813212296576     0     -8     -8
41.368801519739     0.625636377289249     0     -8     -8
41.3555718130111     0.650763306003078     0     -8     -8
41.3423423563831     0.662471850359331     0     -8     -8
41.3291131507728     0.670426095633407     0     -8     -8
41.315884197098     0.678699901793782     0     -8     -8
41.3026554962766     0.687136168460474     0     -8     -8
41.2894270492266     0.68712931076954     0     -8     -8
41.2761988568661     0.681453061470556     0     -8     -8
41.2629709201134     0.678962031568497     0     -8     -8
41.2497432398867     0.67585894324243     0     -8     -8
41.2365158171043     0.66536528143267     0     -8     -8
41.2232886526848     0.648153797984503     0     -8     -8
41.2100617475467     0.634171476748244     0     -8     -8
41.1968351026086     0.614676230619365     0     -8     -8
41.1836087187894     0.583400679378765     0     -8     -8
41.1703825970079     0.543072097634354     0     -8     -8
41.1571567381829     0.503122529586726     0     -8     -8
41.1439311432336     0.458088640862965     0     -8     -8
41.130705813079     0.415457331329679     0     -8     -8
41.1174807486384     0.376233690869137     0     -8     -8
41.1042559508312     0.342576118914194     0     -8     -8
41.0910314205766     0.317913665415132     0     -8     -8
41.0778071587943     0.317820241014917     0     -8     -8
41.0645831664038     0.320839733689925     0     -8     -8
41.0513594443248     0.321357001528802     0     -8     -8
41.0381359934772     0.342598565195321     0     -8     -8
41.0249128147808     0.374195239727933     0     -8     -8
41.0116899091557     0.396299760275647     0     -8     -8
40.9984672775219     0.410868241689097     0     -8     -8
40.9852449207996     0.448870648722573     0     -8     -8
40.9720228399091     0.475263828152508     0     -8     -8
40.9588010357708     0.488214515702948     0     -8     -8
40.9455795093053     0.503844614656884     0     -8     -8
40.932358261433     0.529479963478769     0     -8     -8
40.9191372930747     0.539007883891254     0     -8     -8
40.9059166051511     0.54000093177814     0     -8     -8
40.8926961985833     0.548832871183704     0     -8     -8
40.8794760742921     0.56150796219915     0     -8     -8
40.8662562331986     0.557011147681116     0     -8     -8
40.8530366762241     0.550953197836963     0     -8     -8
40.8398174042898     0.554099038457134     0     -8     -8
40.8265984183172     0.547435830836756     0     -8     -8
40.8133797192277     0.530635250223874     0     -8     -8
40.800161307943     0.520272345131584     0     -8     -8
40.7869431853848     0.50912369807213     0     -8     -8
40.7737253524748     0.482781547314339     0     -8     -8
40.7605078101351     0.459712873543248     0     -8     -8
40.7472905592876     0.439748918885864     0     -8     -8
40.7340736008544     0.414539500894235     0     -8     -8
40.7208569357578     0.378957587984098     0     -8     -8
40.7076405649202     0.355521479488023     0     -8     -8
40.6944244892639     0.32454652906716     0     -8     -8
40.6812087097115     0.298063665048208     0     -8     -8
40.6679932271857     0.276137677739826     0     -8     -8
40.6547780426093     0.254238086250419     0     -8     -8
40.6415631569051     0.233981403787584     0     -8     -8
40.628348570996     0.230159432709734     0     -8     -8
40.6151342858053     0.223255086508611     0     -8     -8
40.601920302256     0.210018239122837     0     -8     -8
40.5887066212714     0.21772483508589     0     -8     -8
40.5754932437751     0.230794709711317     0     -8     -8
40.5622801706905     0.227302814306601     0     -8     -8
40.5490674029412     0.235521795163169     0     -8     -8
40.5358549414509     0.264153788193778     0     -8     -8
40.5226427871436     0.271697955441297     0     -8     -8
40.5094309409432     0.276959796518271     0     -8     -8
40.4962194037737     0.303224224670001     0     -8     -8
40.4830081765594     0.323524507049046     0     -8     -8
40.4697972602245     0.323596602939835     0     -8     -8
40.4565866556934     0.33876452582419     0     -8     -8
40.4433763638906     0.360660282397426     0     -8     -8
40.4301663857409     0.363977011561481     0     -8     -8
40.4169567221688     0.363562579482146     0     -8     -8
40.4037473740993     0.378868129265568     0     -8     -8
40.3905383424574     0.390017776513334     0     -8     -8
40.3773296281681     0.383852360610953     0     -8     -8
40.3641212321566     0.381743727825115     0     -8     -8
