40.3773296281681     0.150755295048179     0     -8     6
40.3905383424574     0.139911183274856     0     -8     6
40.4037473740993     0.133320927029415     0     -8     6
40.4169567221688     0.14363876927658     0     -8     6
40.4301663857409     0.15539991919524     0     -8     6
40.4433763638906     0.151231491337615     0     -8     6
40.4565866556934     0.143609265893616     0     -8     6
40.4697972602245     0.151674892835968     0     -8     6
40.4830081765594     0.166767963538372     0     -8     6
40.4962194037737     0.168057903201563     0     -8     6
40.5094309409432     0.16295825908646     0     -8     6
40.5226427871436     0.170478058252541     0     -8     6
40.5358549414509     0.185800455527162     0     -8     6
40.5490674029412     0.190022141213403     0     -8     6
40.5622801706905     0.18970487755105     0     -8     6
40.5754932437751     0.200606928528666     0     -8     6
40.5887066212714     0.216469101485205     0     -8     6
40.601920302256     0.22197697399926     0     -8     6
40.6151342858053     0.225044224693232     0     -8     6
40.628348570996     0.239681290351702     0     -8     6
40.6415631569051     0.255081863947511     0     -8     6
40.6547780426093     0.261945126503619     0     -8     6
40.6679932271857     0.271228374465934     0     -8     6
40.6812087097115     0.290839270364586     0     -8     6
40.6944244892639     0.300787451103684     0     -8     6
40.7076405649202     0.306961437233339     0     -8     6
40.7208569357578     0.323981488325549     0     -8     6
40.7340736008544     0.341370020103022     0     -8     6
40.7472905592876     0.348634705616418     0     -8     6
40.7605078101351     0.360455607027645     0     -8     6
40.7737253524748     0.382161892869132     0     -8     6
40.7869431853848     0.389983336347261     0     -8     6
40.800161307943     0.39578969523818     0     -8     6
40.8133797192277     0.415794988115699     0     -8     6
40.8265984183172     0.430977713202622     0     -8     6
40.8398174042898     0.433951021023825     0     -8     6
40.8530366762241     0.445842832846028     0     -8     6
40.8662562331986     0.466358442539756     0     -8     6
40.8794760742921     0.470426005194518     0     -8     6
40.8926961985833     0.472837908134405     0     -8     6
40.9059166051511     0.489994812604238     0     -8     6
40.9191372930747     0.503099250963533     0     -8     6
40.932358261433     0.50179359424222     0     -8     6
40.9455795093053     0.508106595211843     0     -8     6
40.9588010357708     0.525608707670312     0     -8     6
40.9720228399091     0.529961537862637     0     -8     6
40.9852449207996     0.526756696100586     0     -8     6
40.9984672775219     0.538032976452311     0     -8     6
41.0116899091557     0.551278696906821     0     -8     6
41.0249128147808     0.54746161615594     0     -8     6
41.0381359934772     0.546672729673071     0     -8     6
41.0513594443248     0.560637148425129     0     -8     6
41.0645831664038     0.566337666888928     0     -8     6
41.0778071587943     0.55887461318575     0     -8     6
41.0910314205766     0.563883200510212     0     -8     6
41.1042559508312     0.576812052398591     0     -8     6
41.1174807486384     0.571384685303618     0     -8     6
41.130705813079     0.565282458817425     0     -8     6
41.1439311432336     0.574912660399555     0     -8     6
41.1571567381829     0.580848974489361     0     -8     6
41.1703825970079     0.570552822019636     0     -8     6
41.1836087187894     0.566970456848369     0     -8     6
41.1968351026086     0.577778177777615     0     -8     6
41.2100617475467     0.575096724859418     0     -8     6
41.2232886526848     0.561515674754979     0     -8     6
41.2365158171043     0.559889851702195     0     -8     6
41.2497432398867     0.568989545933154     0     -8     6
41.2629709201134     0.561570071163022     0     -8     6
41.2761988568661     0.544729168360409     0     -8     6
41.2894270492266     0.544181271776706     0     -8     6
41.3026554962766     0.548301128723132     0     -8     6
41.315884197098     0.534346590580291     0     -8     6
41.3291131507728     0.514388166849294     0     -8     6
41.3423423563831     0.513380539493113     0     -8     6
41.3555718130111     0.515991844999736     0     -8     6
41.368801519739     0.494870100822069     0     -8     6
41.3820314756491     0.47068755706183     0     -8     6
41.395261679824     0.467332467330025     0     -8     6
41.4084921313462     0.465014535396537     0     -8     6
41.4217228292982     0.43758386276742     0     -8     6
41.4349537727627     0.408971975705411     0     -8     6
41.4481849608227     0.40520986355849     0     -8     6
41.4614163925608     0.401463212469719     0     -8     6
41.4746480670603     0.372042001424872     0     -8     6
41.487879983404     0.339276757518737     0     -8     6
41.5011121406751     0.335719545941773     0     -8     6
41.5143445379569     0.334561190917188     0     -8     6
41.5275771743327     0.31106440700869     0     -8     6
41.5408100488858     0.293140621101264     0     -8     6
41.5540431606999     0.302650907397688     0     -8     6
41.5672765088584     0.314926845877765     0     -8     6
41.580510092445     0.317735332744667     0     -8     6
41.5937439105435     0.332105086496945     0     -8     6
41.6069779622377     0.365534456627917     0     -8     6
41.6202122466115     0.400781540585725     0     -8     6
41.6334467627489     0.436719052719777     0     -8     6
41.646681509734     0.481644118744823     0     -8     6
41.6599164866509     0.528349056729047     0     -8     6
41.673151692584     0.565576658633379     0     -8     6
41.6863871266174     0.605904807394065     0     -8     6
41.6996227878358     0.644414627689932     0     -8     6
41.7128586753234     0.670503087708782     0     -8     6
41.726094788165     0.68581254831988     0     -8     6
41.7393311254452     0.703613419900115     0     -8     6
41.7525676862486     0.724797205946344     0     -8     6
41.7658044696602     0.739953879596565     0     -8     6
41.7790414747648     0.747436419695435     0     -8     6
41.7922787006474     0.756498137881977     0     -8     6
41.8055161463931     0.76962421678019     0     -8     6
41.8187538110869     0.77823988904267     0     -8     6
41.8319916938142     0.781182696169893     0     -8     6
41.8452297936601     0.785287283823527     0     -8     6
41.8584681097102     0.794210151812455     0     -8     6
41.8717066410497     0.799797031853427     0     -8     6
41.8849453867643     0.801019512331279     0     -8     6
41.8981843459396     0.804029611782244     0     -8     6
41.9114235176612     0.811538067092727     0     -8     6
41.9246629010149     0.816190819639378     0     -8     6
41.9379024950865     0.817002715970664     0     -8     6
41.9511422989619     0.819887915026143     0     -8     6
41.9643823117272     0.825220497734625     0     -8     6
41.9776225324684     0.828225268173126     0     -8     6
41.9908629602715     0.82849196781644     0     -8     6
42.0041035942229     0.831798261991562     0     -8     6
42.0173444334088     0.834923027173601     0     -8     6
42.0305854769156     0.836009747531088     0     -8     6
42.0438267238296     0.836173726126224     0     -8     6
42.0570681732375     0.838980057643706     0     -8     6
42.0703098242257     0.840748068777724     0     -8     6
42.083551675881     0.840444835327703     0     -8     6
42.09679372729     0.841693679896773     0     -8     6
42.1100359775395     0.843700801483478     0     -8     6
42.1232784257165     0.843751265816378     0     -8     6
42.1365210709078     0.843890348540549     0     -8     6
42.1497639122005     0.845405382303954     0     -8     6
42.1630069486816     0.845977773027165     0     -8     6
42.1762501794383     0.845790743846991     0     -8     6
42.1894936035578     0.846791656075661     0     -8     6
42.2027372201273     0.847571908467901     0     -8     6
42.2159810282344     0.847444914977664     0     -8     6
42.2292250269662     0.847715633720641     0     -8     6
42.2424692154105     0.84846692088565     0     -8     6
42.2557135926547     0.848517379037512     0     -8     6
42.2689581577864     0.848355036893561     0     -8     6
42.2822029098935     0.848906953893763     0     -8     6
42.2954478480635     0.849499671420144     0     -8     6
42.3086929713844     0.849131147560914     0     -8     6
42.3219382789441     0.849405829414761     0     -8     6
42.3351837698304     0.849944568257198     0     -8     6
42.3484294431316     0.849970503309916     0     -8     6
42.3616752979356     0.849676173088354     0     -8     6
42.3749213333306     0.850122367951382     0     -8     6
42.3881675484049     0.85048093109411     0     -8     6
42.4014139422467     0.850292303494312     0     -8     6
42.4146605139445     0.850071393045443     0     -8     6
42.4279072625865     0.850604028240584     0     -8     6
42.4411541872613     0.850496563234609     0     -8     6
42.4544012870576     0.850387046999804     0     -8     6
42.4676485610637     0.850821328038156     0     -8     6
42.4808960083686     0.850783264685282     0     -8     6
42.4941436280607     0.850875864433693     0     -8     6
42.5073914192291     0.850640013414217     0     -8     6
42.5206393809625     0.851006787411616     0     -8     6
42.5338875123499     0.850960033322336     0     -8     6
42.5471358124802     0.850784943875501     0     -8     6
42.5603842804426     0.85096640980008     0     -8     6
42.573632915326     0.851066037187366     0     -8     6
42.5868817162196     0.851183461523755     0     -8     6
42.6001306822128     0.850985730259482     0     -8     6
42.6133798123947     0.850999791695993     0     -8     6
42.6266291058547     0.851200463796986     0     -8     6
42.6398785616822     0.851126838038971     0     -8     6
42.6531281789667     0.851064383639689     0     -8     6
42.6663779567977     0.851237894144889     0     -8     6
42.6796278942648     0.851396795196019     0     -8     6
42.6928779904575     0.85091789080834     0     -8     6
42.7061282444657     0.851112280235489     0     -8     6
42.719378655379     0.851292462240715     0     -8     6
42.7326292222872     0.851227822627948     0     -8     6
42.7458799442802     0.851181570140807     0     -8     6
42.759130820448     0.851354953163261     0     -8     6
42.7723818498804     0.851420380280509     0     -8     6
42.7856330316676     0.851204283152759     0     -8     6
42.7988843648995     0.851030486938135     0     -8     6
42.8121358486664     0.851165726052536     0     -8     6
42.8253874820585     0.851203986508215     0     -8     6
42.8386392641659     0.85129577988851     0     -8     6
42.8518911940789     0.851056824563548     0     -8     6
42.865143270888     0.851220230551896     0     -8     6
42.8783954936836     0.851286512005905     0     -8     6
42.891647861556     0.851182586671313     0     -8     6
42.9049003735958     0.851058448125334     0     -8     6
42.9181530288935     0.85100755250235     0     -8     6
42.9314058265398     0.851069587545041     0     -8     6
42.9446587656254     0.851200737082519     0     -8     6
42.9579118452409     0.851138653718473     0     -8     6
42.9711650644771     0.851150295250578     0     -8     6
42.9844184224248     0.850917658065249     0     -8     6
42.9976719181749     0.85119298427773     0     -8     6
43.0109255508184     0.851188846004814     0     -8     6
43.0241793194461     0.850984855014091     0     -8     6
43.0374332231491     0.851057465951479     0     -8     6
43.0506872610184     0.851289497162026     0     -8     6
43.0639414321452     0.851163022063543     0     -8     6
43.0771957356206     0.851054608722005     0     -8     6
43.0904501705359     0.850973801022009     0     -8     6
43.1037047359822     0.851026978818887     0     -8     6
43.1169594310509     0.851070078492911     0     -8     6
43.1302142548334     0.850949670207651     0     -8     6
43.1434692064209     0.850920362088977     0     -8     6
43.1567242849051     0.851150376914981     0     -8     6
43.1699794893773     0.850948758185728     0     -8     6
43.183234818929     0.850684828044895     0     -8     6
43.1964902726519     0.850684386616424     0     -8     6
43.2097458496376     0.850711136774332     0     -8     6
43.2230015489777     0.850756123398719     0     -8     6
43.236257369764     0.850848206108845     0     -8     6
43.2495133110882     0.850710242035008     0     -8     6
43.2627693720421     0.850714665905148     0     -8     6
43.2760255517175     0.850682281946852     0     -8     6
43.2892818492064     0.850634155283445     0     -8     6
43.3025382636006     0.850650075720184     0     -8     6
43.3157947939921     0.850784711565916     0     -8     6
43.3290514394729     0.850847839487466     0     -8     6
43.3423081991352     0.850751793819544     0     -8     6
43.3555650720708     0.850836859765177     0     -8     6
43.3688220573721     0.850570964174413     0     -8     6
43.3820791541312     0.850502784154994     0     -8     6
43.3953363614402     0.850728498453711     0     -8     6
43.4085936783915     0.850706281004645     0     -8     6
43.4218511040773     0.850741057755439     0     -8     6
43.43510863759     0.850725664448915     0     -8     6
43.4483662780219     0.850734978090867     0     -8     6
43.4616240244654     0.85069404061272     0     -8     6
43.4748818760131     0.850571826865593     0     -8     6
43.4881398317573     0.850783600600771     0     -8     6
43.5013978907905     0.850788743104004     0     -8     6
43.5146560522055     0.85068381759688     0     -8     6
43.5279143150947     0.850736590883769     0     -8     6
43.5411726785508     0.850828298629419     0     -8     6
43.5544311416664     0.85060454146501     0     -8     6
43.5676897035343     0.850701383676986     0     -8     6
43.5809483632472     0.850688417815117     0     -8     6
43.5942071198979     0.850702162779526     0     -8     6
43.6074659725792     0.850563082433814     0     -8     6
43.6207249203839     0.850720142771638     0     -8     6
43.6339839624049     0.850718210663152     0     -8     6
43.6472430977351     0.85072848901985     0     -8     6
43.6605023254675     0.850425161138005     0     -8     6
43.6737616446951     0.850504188169978     0     -8     6
43.6870210545109     0.850691456229947     0     -8     6
43.7002805540078     0.850570237837339     0     -8     6
43.7135401422791     0.850627453563001     0     -8     6
43.7267998184177     0.850640699199229     0     -8     6
43.7400595815169     0.850730966702406     0     -8     6
43.7533194306699     0.850311516287895     0     -8     6
43.7665793649697     0.850418927197742     0     -8     6
43.7798393835097     0.850489841877898     0     -8     6
43.7930994853832     0.850524871293726     0     -8     6
43.8063596696833     0.850540173182691     0     -8     6
43.8196199355036     0.850742656839237     0     -8     6
43.8328802819372     0.850585684260344     0     -8     6
43.8461407080776     0.850806487141093     0     -8     6
43.8594012130182     0.850552202558378     0     -8     6
43.8726617958525     0.850717045701113     0     -8     6
43.8859224556739     0.850738301114505     0     -8     6
43.8991831915758     0.850754812766384     0     -8     6
43.912444002652     0.850839043425896     0     -8     6
43.9257048879957     0.850839147966207     0     -8     6
43.9389658467008     0.851109268547969     0     -8     6
43.9522268778607     0.850494811496499     0     -8     6
43.9654879805692     0.850689294717468     0     -8     6
43.9787491539198     0.850788900123322     0     -8     6
43.9920103970062     0.850799244394915     0     -8     6
44.0052717089222     0.850882590472445     0     -8     6
44.0185330887614     0.850843119162877     0     -8     6
44.0317945356177     0.850940774186398     0     -8     6
44.0450560485848     0.850587320540204     0     -8     6
44.0583176267565     0.850551505258928     0     -8     6
44.0715792692266     0.850711358211671     0     -8     6
44.0848409750891     0.850726558337233     0     -8     6
44.0981027434377     0.85084810766564     0     -8     6
44.1113645733664     0.850912464679892     0     -8     6
44.1246264639691     0.850968575638832     0     -8     6
44.1378884143397     0.850808355759839     0     -8     6
44.1511504235722     0.850652152280034     0     -8     6
44.1644124907606     0.85064123266994     0     -8     6
44.1776746149988     0.850772055457412     0     -8     6
44.190936795381     0.85071790532429     0     -8     6
44.2041990310011     0.850692810405122     0     -8     6
44.2174613209532     0.850914453925486     0     -8     6
44.2307236643314     0.850820994212832     0     -8     6
44.2439860602298     0.850640770280032     0     -8     6
44.2572485077426     0.850621904375491     0     -8     6
44.2705110059638     0.850624912094202     0     -8     6
44.2837735539876     0.850745071921449     0     -8     6
44.2970361509082     0.851059415429035     0     -8     6
44.3102987958199     0.850998863689778     0     -8     6
44.3235614878167     0.850678126953867     0     -8     6
44.336824225993     0.85130650592536     0     -8     6
44.3500870094429     0.850494578220506     0     -8     6
44.3633498372608     0.850216917430553     0     -8     6
44.376612708541     0.850686477650822     0     -8     6
44.3898756223776     0.850613907907799     0     -8     6
44.4031385778651     0.850561040509327     0     -8     6
44.4164015740977     0.850377981389491     0     -8     6
44.4296646101698     0.850496498353805     0     -8     6
44.4429276851758     0.850506075312274     0     -8     6
44.45619079821     0.85005877601547     0     -8     6
44.4694539483668     0.850146237381054     0     -8     6
44.4827171347406     0.85014220803073     0     -8     6
44.4959803564257     0.850138337234783     0     -8     6
44.5092436125167     0.850106019063276     0     -8     6
44.522506902108     0.85002459183274     0     -8     6
44.5357702242939     0.849748726117412     0     -8     6
44.549033578169     0.84946441333682     0     -8     6
44.5622969628277     0.849534246178869     0     -8     6
44.5755603773645     0.849472721523607     0     -8     6
44.5888238208739     0.849273300277039     0     -8     6
44.6020872924504     0.849365640717028     0     -8     6
44.6153507911885     0.84911102478418     0     -8     6
44.6286143161827     0.849259451317241     0     -8     6
44.6418778665275     0.849310727840394     0     -8     6
44.6551414413176     0.848870656159691     0     -8     6
44.6684050396474     0.848842955022409     0     -8     6
44.6816686606115     0.848911482463554     0     -8     6
44.6949323033044     0.848874257962263     0     -8     6
44.7081959668207     0.849077977934218     0     -8     6
44.7214596502551     0.848913872742958     0     -8     6
44.7347233527021     0.848951712937726     0     -8     6
44.7479870732562     0.849029016943068     0     -8     6
44.7612508110122     0.848582408368301     0     -8     6
44.7745145650645     0.848731495685765     0     -8     6
44.7877783345079     0.848807292041318     0     -8     6
44.8010421184369     0.848877803247462     0     -8     6
44.8143059159461     0.848613544135164     0     -8     6
44.8275697261302     0.848842225965048     0     -8     6
44.8408335480838     0.848984791157054     0     -8     6
44.8540973809016     0.848590904531543     0     -8     6
44.8673612236781     0.848631808286961     0     -8     6
44.8806250755081     0.848805660775358     0     -8     6
44.8938889354862     0.848786640702764     0     -8     6
44.9071528027069     0.84895728450374     0     -8     6
44.9204166762651     0.84900267835022     0     -8     6
44.9336805552553     0.849035612748414     0     -8     6
44.9469444387722     0.848865625150835     0     -8     6
44.9602083259105     0.848688266230111     0     -8     6
44.9734722157648     0.848838859541364     0     -8     6
44.9867361074297     0.848989548507081     0     -8     6
45     0.848917819616025     0     -8     6
