40.3773296281681     0.2985612993384     0     -10     0
40.3905383424574     0.291845446624157     0     -10     0
40.4037473740993     0.279324201397471     0     -10     0
40.4169567221688     0.274342247673607     0     -10     0
40.4301663857409     0.275521646570967     0     -10     0
40.4433763638906     0.269139305581011     0     -10     0
40.4565866556934     0.255359369161774     0     -10     0
40.4697972602245     0.24642786099934     0     -10     0
40.4830081765594     0.246425197790388     0     -10     0
40.4962194037737     0.241062578402384     0     -10     0
40.5094309409432     0.225466496788074     0     -10     0
40.5226427871436     0.214843638201158     0     -10     0
40.5358549414509     0.214340469592711     0     -10     0
40.5490674029412     0.209266425947169     0     -10     0
40.5622801706905     0.191592510277544     0     -10     0
40.5754932437751     0.180396122165326     0     -10     0
40.5887066212714     0.180608472625209     0     -10     0
40.601920302256     0.175257067962627     0     -10     0
40.6151342858053     0.159757841972274     0     -10     0
40.628348570996     0.152577607817712     0     -10     0
40.6415631569051     0.156181204349843     0     -10     0
40.6547780426093     0.151167036151521     0     -10     0
40.6679932271857     0.142562700598357     0     -10     0
40.6812087097115     0.146474487586994     0     -10     0
40.6944244892639     0.153852505118728     0     -10     0
40.7076405649202     0.153486431971756     0     -10     0
40.7208569357578     0.157956424061547     0     -10     0
40.7340736008544     0.172067071740501     0     -10     0
40.7472905592876     0.185349676254413     0     -10     0
40.7605078101351     0.195049963527922     0     -10     0
40.7737253524748     0.214357256014338     0     -10     0
40.7869431853848     0.232824591959532     0     -10     0
40.800161307943     0.249746522497049     0     -10     0
40.8133797192277     0.272369553916814     0     -10     0
40.8265984183172     0.293090606229344     0     -10     0
40.8398174042898     0.315836109059561     0     -10     0
40.8530366762241     0.341187832385939     0     -10     0
40.8662562331986     0.364829009760311     0     -10     0
40.8794760742921     0.38157587070425     0     -10     0
40.8926961985833     0.403020756904443     0     -10     0
40.9059166051511     0.426851417490698     0     -10     0
40.9191372930747     0.44095995690002     0     -10     0
40.932358261433     0.455384917990522     0     -10     0
40.9455795093053     0.476617987875273     0     -10     0
40.9588010357708     0.491703601428778     0     -10     0
40.9720228399091     0.498096838150641     0     -10     0
40.9852449207996     0.509282064943557     0     -10     0
40.9984672775219     0.524674086329576     0     -10     0
41.0116899091557     0.528858509146919     0     -10     0
41.0249128147808     0.531289052327379     0     -10     0
41.0381359934772     0.541151823985313     0     -10     0
41.0513594443248     0.54756795341629     0     -10     0
41.0645831664038     0.543583335855692     0     -10     0
41.0778071587943     0.544955424620317     0     -10     0
41.0910314205766     0.552059137305985     0     -10     0
41.1042559508312     0.546926366886419     0     -10     0
41.1174807486384     0.537118526344374     0     -10     0
41.130705813079     0.539078150997084     0     -10     0
41.1439311432336     0.536604918912228     0     -10     0
41.1571567381829     0.521565049701444     0     -10     0
41.1703825970079     0.511163537237366     0     -10     0
41.1836087187894     0.508236646394637     0     -10     0
41.1968351026086     0.496221703941197     0     -10     0
41.2100617475467     0.471161584369055     0     -10     0
41.2232886526848     0.460056680002562     0     -10     0
41.2365158171043     0.452781219533576     0     -10     0
41.2497432398867     0.429007186677758     0     -10     0
41.2629709201134     0.40069387488909     0     -10     0
41.2761988568661     0.390494238865339     0     -10     0
41.2894270492266     0.376633107271066     0     -10     0
41.3026554962766     0.346639516966655     0     -10     0
41.315884197098     0.328386993424212     0     -10     0
41.3291131507728     0.328396275869623     0     -10     0
41.3423423563831     0.321970238147647     0     -10     0
41.3555718130111     0.314933767752414     0     -10     0
41.368801519739     0.326192314780809     0     -10     0
41.3820314756491     0.349169890515487     0     -10     0
41.395261679824     0.375266022482954     0     -10     0
41.4084921313462     0.407195146899932     0     -10     0
41.4217228292982     0.447285433662271     0     -10     0
41.4349537727627     0.487650603766973     0     -10     0
41.4481849608227     0.528467824515958     0     -10     0
41.4614163925608     0.570870690181466     0     -10     0
41.4746480670603     0.605689601511328     0     -10     0
41.487879983404     0.635493122299302     0     -10     0
41.5011121406751     0.66047202792966     0     -10     0
41.5143445379569     0.680903460253904     0     -10     0
41.5275771743327     0.694658792542511     0     -10     0
41.5408100488858     0.701875180271188     0     -10     0
41.5540431606999     0.709639999382039     0     -10     0
41.5672765088584     0.718982667735554     0     -10     0
41.580510092445     0.724151260212813     0     -10     0
41.5937439105435     0.725430630726342     0     -10     0
41.6069779622377     0.728905048032153     0     -10     0
41.6202122466115     0.735010538662304     0     -10     0
41.6334467627489     0.738234186198642     0     -10     0
41.646681509734     0.736374542953912     0     -10     0
41.6599164866509     0.736245237889639     0     -10     0
41.673151692584     0.738224084859428     0     -10     0
41.6863871266174     0.738242678954669     0     -10     0
41.6996227878358     0.732709091844757     0     -10     0
41.7128586753234     0.725650646590683     0     -10     0
41.726094788165     0.721732598925094     0     -10     0
41.7393311254452     0.713838054355783     0     -10     0
41.7525676862486     0.696353757031787     0     -10     0
41.7658044696602     0.674233566190529     0     -10     0
41.7790414747648     0.650887192990597     0     -10     0
41.7922787006474     0.6166549023177     0     -10     0
41.8055161463931     0.564144761712261     0     -10     0
41.8187538110869     0.502960150999924     0     -10     0
41.8319916938142     0.454023867100092     0     -10     0
41.8452297936601     0.454362059850366     0     -10     0
41.8584681097102     0.527662953238504     0     -10     0
41.8717066410497     0.631762116162131     0     -10     0
41.8849453867643     0.704479167354258     0     -10     0
41.8981843459396     0.74412009879923     0     -10     0
41.9114235176612     0.774464057102331     0     -10     0
41.9246629010149     0.799043584125264     0     -10     0
41.9379024950865     0.818251764837545     0     -10     0
41.9511422989619     0.832105177307011     0     -10     0
41.9643823117272     0.842931495964476     0     -10     0
41.9776225324684     0.850003759351126     0     -10     0
41.9908629602715     0.854847123750223     0     -10     0
42.0041035942229     0.858313672654271     0     -10     0
42.0173444334088     0.861176875961174     0     -10     0
42.0305854769156     0.86273033722243     0     -10     0
42.0438267238296     0.86418744627182     0     -10     0
42.0570681732375     0.865126680937637     0     -10     0
42.0703098242257     0.866107515013041     0     -10     0
42.083551675881     0.86643656710823     0     -10     0
42.09679372729     0.866906429133475     0     -10     0
42.1100359775395     0.867165185036338     0     -10     0
42.1232784257165     0.86743117380165     0     -10     0
42.1365210709078     0.867470337163002     0     -10     0
42.1497639122005     0.867698299456762     0     -10     0
42.1630069486816     0.867685571991373     0     -10     0
42.1762501794383     0.867878476963884     0     -10     0
42.1894936035578     0.867966696750576     0     -10     0
42.2027372201273     0.868219931688882     0     -10     0
42.2159810282344     0.868051256769012     0     -10     0
42.2292250269662     0.868321872503828     0     -10     0
42.2424692154105     0.868456026234862     0     -10     0
42.2557135926547     0.868392654265649     0     -10     0
42.2689581577864     0.868173636654539     0     -10     0
42.2822029098935     0.868234275467692     0     -10     0
42.2954478480635     0.868440127490252     0     -10     0
42.3086929713844     0.868142446043792     0     -10     0
42.3219382789441     0.868114845879864     0     -10     0
42.3351837698304     0.868231351692433     0     -10     0
42.3484294431316     0.868440932133206     0     -10     0
42.3616752979356     0.868202791966562     0     -10     0
42.3749213333306     0.868111819191838     0     -10     0
42.3881675484049     0.868353939416026     0     -10     0
42.4014139422467     0.868275554922937     0     -10     0
42.4146605139445     0.868091734763539     0     -10     0
42.4279072625865     0.868133163502665     0     -10     0
42.4411541872613     0.86827955731605     0     -10     0
42.4544012870576     0.868334612420622     0     -10     0
42.4676485610637     0.868291388779537     0     -10     0
42.4808960083686     0.868090779710889     0     -10     0
42.4941436280607     0.868141502363032     0     -10     0
42.5073914192291     0.868064932871776     0     -10     0
42.5206393809625     0.867741901198378     0     -10     0
42.5338875123499     0.868146695051906     0     -10     0
42.5471358124802     0.86795916475279     0     -10     0
42.5603842804426     0.867869073561203     0     -10     0
42.573632915326     0.867854699362993     0     -10     0
42.5868817162196     0.868057748737843     0     -10     0
42.6001306822128     0.868070305463895     0     -10     0
42.6133798123947     0.867737230680251     0     -10     0
42.6266291058547     0.868116034230793     0     -10     0
42.6398785616822     0.867984770429919     0     -10     0
42.6531281789667     0.867676734715876     0     -10     0
42.6663779567977     0.868174230068994     0     -10     0
42.6796278942648     0.868037519240821     0     -10     0
42.6928779904575     0.867871082515305     0     -10     0
42.7061282444657     0.868089814758531     0     -10     0
42.719378655379     0.86795678007826     0     -10     0
42.7326292222872     0.867975014810903     0     -10     0
42.7458799442802     0.867947031641263     0     -10     0
42.759130820448     0.868016192152581     0     -10     0
42.7723818498804     0.867839699046421     0     -10     0
42.7856330316676     0.867895280165928     0     -10     0
42.7988843648995     0.867725175787691     0     -10     0
42.8121358486664     0.867864826442041     0     -10     0
42.8253874820585     0.867881414310825     0     -10     0
42.8386392641659     0.867928723673742     0     -10     0
42.8518911940789     0.868224845620423     0     -10     0
42.865143270888     0.867966763357417     0     -10     0
42.8783954936836     0.86812936920952     0     -10     0
42.891647861556     0.868022739438662     0     -10     0
42.9049003735958     0.868008063859286     0     -10     0
42.9181530288935     0.867802660610123     0     -10     0
42.9314058265398     0.867912697463984     0     -10     0
42.9446587656254     0.867794826714643     0     -10     0
42.9579118452409     0.868132905710722     0     -10     0
42.9711650644771     0.86784886608018     0     -10     0
42.9844184224248     0.868188113654777     0     -10     0
42.9976719181749     0.868211410164287     0     -10     0
43.0109255508184     0.868529916406794     0     -10     0
43.0241793194461     0.868143838100612     0     -10     0
43.0374332231491     0.867917722854936     0     -10     0
43.0506872610184     0.868138476608986     0     -10     0
43.0639414321452     0.868077259833518     0     -10     0
43.0771957356206     0.868180429362342     0     -10     0
43.0904501705359     0.868091954665261     0     -10     0
43.1037047359822     0.868336983111731     0     -10     0
43.1169594310509     0.868100148611352     0     -10     0
43.1302142548334     0.868119023288089     0     -10     0
43.1434692064209     0.867992161358438     0     -10     0
43.1567242849051     0.867803448520214     0     -10     0
43.1699794893773     0.867886074280019     0     -10     0
43.183234818929     0.868247838190903     0     -10     0
43.1964902726519     0.868072530861852     0     -10     0
43.2097458496376     0.867834702909942     0     -10     0
43.2230015489777     0.868223522767097     0     -10     0
43.236257369764     0.867760146641128     0     -10     0
43.2495133110882     0.868190444908308     0     -10     0
43.2627693720421     0.868021222992916     0     -10     0
43.2760255517175     0.867983475333204     0     -10     0
43.2892818492064     0.868046273712634     0     -10     0
43.3025382636006     0.867956784944925     0     -10     0
43.3157947939921     0.867748517954562     0     -10     0
43.3290514394729     0.868190545900362     0     -10     0
43.3423081991352     0.867883111726995     0     -10     0
43.3555650720708     0.867949919825099     0     -10     0
43.3688220573721     0.868227470090846     0     -10     0
43.3820791541312     0.867982977340523     0     -10     0
43.3953363614402     0.867910461432581     0     -10     0
43.4085936783915     0.868222966108973     0     -10     0
43.4218511040773     0.868249367433346     0     -10     0
43.43510863759     0.867888027568572     0     -10     0
43.4483662780219     0.868169033755771     0     -10     0
43.4616240244654     0.867942259282814     0     -10     0
43.4748818760131     0.868043541736314     0     -10     0
43.4881398317573     0.868219261927392     0     -10     0
43.5013978907905     0.868032111172354     0     -10     0
43.5146560522055     0.868169528097699     0     -10     0
43.5279143150947     0.867552975756761     0     -10     0
43.5411726785508     0.867998819364438     0     -10     0
43.5544311416664     0.867432333528912     0     -10     0
43.5676897035343     0.868047194759641     0     -10     0
43.5809483632472     0.868036504738641     0     -10     0
43.5942071198979     0.867802073599555     0     -10     0
43.6074659725792     0.867948580896924     0     -10     0
43.6207249203839     0.868179482855749     0     -10     0
43.6339839624049     0.86775241843331     0     -10     0
43.6472430977351     0.868078377252733     0     -10     0
43.6605023254675     0.867969943956964     0     -10     0
43.6737616446951     0.867715180041866     0     -10     0
43.6870210545109     0.86805234922987     0     -10     0
43.7002805540078     0.867977632157546     0     -10     0
43.7135401422791     0.867889392728823     0     -10     0
43.7267998184177     0.867785548268529     0     -10     0
43.7400595815169     0.868305760602761     0     -10     0
43.7533194306699     0.867951508578395     0     -10     0
43.7665793649697     0.868204543054348     0     -10     0
43.7798393835097     0.868138764144994     0     -10     0
43.7930994853832     0.868077000749825     0     -10     0
43.8063596696833     0.868237663967129     0     -10     0
43.8196199355036     0.868406022164751     0     -10     0
43.8328802819372     0.868351883913451     0     -10     0
43.8461407080776     0.868132253819674     0     -10     0
43.8594012130182     0.868254390138812     0     -10     0
43.8726617958525     0.868194453620981     0     -10     0
43.8859224556739     0.868255566916891     0     -10     0
43.8991831915758     0.868157950800517     0     -10     0
43.912444002652     0.868255406815465     0     -10     0
43.9257048879957     0.86801540468079     0     -10     0
43.9389658467008     0.868408041775955     0     -10     0
43.9522268778607     0.86801484794103     0     -10     0
43.9654879805692     0.868108262924767     0     -10     0
43.9787491539198     0.868291699406378     0     -10     0
43.9920103970062     0.867970410994843     0     -10     0
44.0052717089222     0.868265412603909     0     -10     0
44.0185330887614     0.867945966553545     0     -10     0
44.0317945356177     0.86804563090639     0     -10     0
44.0450560485848     0.868046783975184     0     -10     0
44.0583176267565     0.868323000084425     0     -10     0
44.0715792692266     0.868250915500024     0     -10     0
44.0848409750891     0.868304885183959     0     -10     0
44.0981027434377     0.868244615874129     0     -10     0
44.1113645733664     0.868036658864639     0     -10     0
44.1246264639691     0.868252570064719     0     -10     0
44.1378884143397     0.867925425040782     0     -10     0
44.1511504235722     0.86828085244848     0     -10     0
44.1644124907606     0.868152919851688     0     -10     0
44.1776746149988     0.868407944377281     0     -10     0
44.190936795381     0.868214574089903     0     -10     0
44.2041990310011     0.868382062162225     0     -10     0
44.2174613209532     0.868580199279095     0     -10     0
44.2307236643314     0.868333494682812     0     -10     0
44.2439860602298     0.868683883910323     0     -10     0
44.2572485077426     0.868194884502267     0     -10     0
44.2705110059638     0.868521418248702     0     -10     0
44.2837735539876     0.868561602150121     0     -10     0
44.2970361509082     0.868413622511298     0     -10     0
44.3102987958199     0.868453462268955     0     -10     0
44.3235614878167     0.868399386596081     0     -10     0
44.336824225993     0.868693918848514     0     -10     0
44.3500870094429     0.868357966905339     0     -10     0
44.3633498372608     0.868556538370009     0     -10     0
44.376612708541     0.868703993584693     0     -10     0
44.3898756223776     0.86840478912655     0     -10     0
44.4031385778651     0.868228053195989     0     -10     0
44.4164015740977     0.868550327283547     0     -10     0
44.4296646101698     0.868556434011733     0     -10     0
44.4429276851758     0.868274678781004     0     -10     0
44.45619079821     0.867984567170643     0     -10     0
44.4694539483668     0.868504931545993     0     -10     0
44.4827171347406     0.868478011225139     0     -10     0
44.4959803564257     0.868451956955293     0     -10     0
44.5092436125167     0.868008784571314     0     -10     0
44.522506902108     0.868080456317013     0     -10     0
44.5357702242939     0.868232960170879     0     -10     0
44.549033578169     0.868303723688274     0     -10     0
44.5622969628277     0.868177962699325     0     -10     0
44.5755603773645     0.868251110332252     0     -10     0
44.5888238208739     0.868248583075789     0     -10     0
44.6020872924504     0.868259180054463     0     -10     0
44.6153507911885     0.868211448771016     0     -10     0
44.6286143161827     0.867770858597732     0     -10     0
44.6418778665275     0.867769034634528     0     -10     0
44.6551414413176     0.868087690077508     0     -10     0
44.6684050396474     0.867857872421054     0     -10     0
44.6816686606115     0.868032660270149     0     -10     0
44.6949323033044     0.86787922158279     0     -10     0
44.7081959668207     0.868047414273088     0     -10     0
44.7214596502551     0.867796201815443     0     -10     0
44.7347233527021     0.867634210941153     0     -10     0
44.7479870732562     0.867698919482405     0     -10     0
44.7612508110122     0.867948851372674     0     -10     0
44.7745145650645     0.86780971201302     0     -10     0
44.7877783345079     0.867924886016794     0     -10     0
44.8010421184369     0.867868513253051     0     -10     0
44.8143059159461     0.8677441920836     0     -10     0
44.8275697261302     0.867846178530076     0     -10     0
44.8408335480838     0.86754751102784     0     -10     0
44.8540973809016     0.867689311446224     0     -10     0
44.8673612236781     0.867420311910441     0     -10     0
44.8806250755081     0.867708012811997     0     -10     0
44.8938889354862     0.867703151260138     0     -10     0
44.9071528027069     0.867905059634083     0     -10     0
44.9204166762651     0.867701002200707     0     -10     0
44.9336805552553     0.867595060209131     0     -10     0
44.9469444387722     0.867351130675544     0     -10     0
44.9602083259105     0.867397184730603     0     -10     0
44.9734722157648     0.867795804698185     0     -10     0
44.9867361074297     0.867619253681641     0     -10     0
45     0.867506193831623     0     -10     0
