40.3773296281681     0.338740920035256     0     -8     10
40.3905383424574     0.343250978398051     0     -8     10
40.4037473740993     0.350149041976011     0     -8     10
40.4169567221688     0.352108818699756     0     -8     10
40.4301663857409     0.349860137319296     0     -8     10
40.4433763638906     0.351422613158326     0     -8     10
40.4565866556934     0.357590684646762     0     -8     10
40.4697972602245     0.360258207201235     0     -8     10
40.4830081765594     0.355940917877111     0     -8     10
40.4962194037737     0.35444754442917     0     -8     10
40.5094309409432     0.35911198435106     0     -8     10
40.5226427871436     0.361618166284539     0     -8     10
40.5358549414509     0.357113399357783     0     -8     10
40.5490674029412     0.353087772365767     0     -8     10
40.5622801706905     0.35426784925252     0     -8     10
40.5754932437751     0.355845327681686     0     -8     10
40.5887066212714     0.349020344445985     0     -8     10
40.601920302256     0.342611436251943     0     -8     10
40.6151342858053     0.344564493219054     0     -8     10
40.628348570996     0.343501817613358     0     -8     10
40.6415631569051     0.333520957400912     0     -8     10
40.6547780426093     0.32498610806633     0     -8     10
40.6679932271857     0.325788355882374     0     -8     10
40.6812087097115     0.32064237342658     0     -8     10
40.6944244892639     0.308128298363154     0     -8     10
40.7076405649202     0.30303388374705     0     -8     10
40.7208569357578     0.301282383923905     0     -8     10
40.7340736008544     0.290288494876815     0     -8     10
40.7472905592876     0.275339201907462     0     -8     10
40.7605078101351     0.272734771312045     0     -8     10
40.7737253524748     0.2666001003095     0     -8     10
40.7869431853848     0.251005413031138     0     -8     10
40.800161307943     0.242652198765977     0     -8     10
40.8133797192277     0.240095925696815     0     -8     10
40.8265984183172     0.227666744050022     0     -8     10
40.8398174042898     0.212482530971766     0     -8     10
40.8530366762241     0.210747697502877     0     -8     10
40.8662562331986     0.204148350871077     0     -8     10
40.8794760742921     0.191862157053038     0     -8     10
40.8926961985833     0.187593717704292     0     -8     10
40.9059166051511     0.187964379108106     0     -8     10
40.9191372930747     0.180985227468046     0     -8     10
40.932358261433     0.175710681294403     0     -8     10
40.9455795093053     0.180804275230748     0     -8     10
40.9588010357708     0.183194064899729     0     -8     10
40.9720228399091     0.182458897252507     0     -8     10
40.9852449207996     0.189776834377889     0     -8     10
40.9984672775219     0.201223758420087     0     -8     10
41.0116899091557     0.208163081456419     0     -8     10
41.0249128147808     0.221236527631435     0     -8     10
41.0381359934772     0.23763707674065     0     -8     10
41.0513594443248     0.253931517901123     0     -8     10
41.0645831664038     0.270515757866841     0     -8     10
41.0778071587943     0.292458030782454     0     -8     10
41.0910314205766     0.313357470509022     0     -8     10
41.1042559508312     0.33365832291556     0     -8     10
41.1174807486384     0.360268982882446     0     -8     10
41.130705813079     0.382337720106387     0     -8     10
41.1439311432336     0.402536512191067     0     -8     10
41.1571567381829     0.425267368540787     0     -8     10
41.1703825970079     0.446914709239079     0     -8     10
41.1836087187894     0.465943903183473     0     -8     10
41.1968351026086     0.483651006663551     0     -8     10
41.2100617475467     0.505185560163818     0     -8     10
41.2232886526848     0.521333183417312     0     -8     10
41.2365158171043     0.533974648147025     0     -8     10
41.2497432398867     0.548314460977653     0     -8     10
41.2629709201134     0.562643979502006     0     -8     10
41.2761988568661     0.573581772849355     0     -8     10
41.2894270492266     0.582251895754432     0     -8     10
41.3026554962766     0.591581945195252     0     -8     10
41.315884197098     0.601949423804411     0     -8     10
41.3291131507728     0.608381714488028     0     -8     10
41.3423423563831     0.612851550006893     0     -8     10
41.3555718130111     0.618569929324102     0     -8     10
41.368801519739     0.624882150077965     0     -8     10
41.3820314756491     0.627931676314271     0     -8     10
41.395261679824     0.628110372448036     0     -8     10
41.4084921313462     0.630056342645717     0     -8     10
41.4217228292982     0.632973362311309     0     -8     10
41.4349537727627     0.632580703759287     0     -8     10
41.4481849608227     0.630099303833389     0     -8     10
41.4614163925608     0.628421110481256     0     -8     10
41.4746480670603     0.627695409785715     0     -8     10
41.487879983404     0.623697161211463     0     -8     10
41.5011121406751     0.616868470830349     0     -8     10
41.5143445379569     0.609561000184394     0     -8     10
41.5275771743327     0.603335199724514     0     -8     10
41.5408100488858     0.595783334105421     0     -8     10
41.5540431606999     0.581274492462979     0     -8     10
41.5672765088584     0.563732913037625     0     -8     10
41.580510092445     0.548330188603165     0     -8     10
41.5937439105435     0.530352206317752     0     -8     10
41.6069779622377     0.503624287378795     0     -8     10
41.6202122466115     0.473806043297738     0     -8     10
41.6334467627489     0.446667803949903     0     -8     10
41.646681509734     0.413611965914977     0     -8     10
41.6599164866509     0.366157250188827     0     -8     10
41.673151692584     0.325058836685456     0     -8     10
41.6863871266174     0.29061456093973     0     -8     10
41.6996227878358     0.259398040799298     0     -8     10
41.7128586753234     0.233523620197202     0     -8     10
41.726094788165     0.22765939647881     0     -8     10
41.7393311254452     0.246440315609343     0     -8     10
41.7525676862486     0.289582552106915     0     -8     10
41.7658044696602     0.356057666121403     0     -8     10
41.7790414747648     0.434100325461232     0     -8     10
41.7922787006474     0.517216674828717     0     -8     10
41.8055161463931     0.589832229514965     0     -8     10
41.8187538110869     0.64686368967768     0     -8     10
41.8319916938142     0.691816442454864     0     -8     10
41.8452297936601     0.724853997567326     0     -8     10
41.8584681097102     0.750758183901956     0     -8     10
41.8717066410497     0.771373679452036     0     -8     10
41.8849453867643     0.786897806588794     0     -8     10
41.8981843459396     0.798995801325593     0     -8     10
41.9114235176612     0.809104586194375     0     -8     10
41.9246629010149     0.817962648979294     0     -8     10
41.9379024950865     0.825156067141134     0     -8     10
41.9511422989619     0.830567644751338     0     -8     10
41.9643823117272     0.83528954506509     0     -8     10
41.9776225324684     0.83932927090337     0     -8     10
41.9908629602715     0.842426891577633     0     -8     10
42.0041035942229     0.845223853615815     0     -8     10
42.0173444334088     0.847738613229814     0     -8     10
42.0305854769156     0.849344939296133     0     -8     10
42.0438267238296     0.850766892690057     0     -8     10
42.0570681732375     0.852149156539418     0     -8     10
42.0703098242257     0.8531606606812     0     -8     10
42.083551675881     0.854253489771308     0     -8     10
42.09679372729     0.85479370513235     0     -8     10
42.1100359775395     0.855546163263497     0     -8     10
42.1232784257165     0.856195594828016     0     -8     10
42.1365210709078     0.856590055576375     0     -8     10
42.1497639122005     0.857082202197706     0     -8     10
42.1630069486816     0.857391906827755     0     -8     10
42.1762501794383     0.857593938832076     0     -8     10
42.1894936035578     0.858223090593469     0     -8     10
42.2027372201273     0.85802556803458     0     -8     10
42.2159810282344     0.858654118886451     0     -8     10
42.2292250269662     0.858843803894347     0     -8     10
42.2424692154105     0.858781303516667     0     -8     10
42.2557135926547     0.859079950338472     0     -8     10
42.2689581577864     0.859428839911017     0     -8     10
42.2822029098935     0.859344017452382     0     -8     10
42.2954478480635     0.85961848249172     0     -8     10
42.3086929713844     0.859791523784124     0     -8     10
42.3219382789441     0.859954802308922     0     -8     10
42.3351837698304     0.85997363576965     0     -8     10
42.3484294431316     0.859927894025824     0     -8     10
42.3616752979356     0.860280380910634     0     -8     10
42.3749213333306     0.860196942454417     0     -8     10
42.3881675484049     0.860259751783501     0     -8     10
42.4014139422467     0.860638799821515     0     -8     10
42.4146605139445     0.86051854098598     0     -8     10
42.4279072625865     0.860573043084116     0     -8     10
42.4411541872613     0.86094715272685     0     -8     10
42.4544012870576     0.86047820876967     0     -8     10
42.4676485610637     0.860969983864439     0     -8     10
42.4808960083686     0.861024610001058     0     -8     10
42.4941436280607     0.860931380863449     0     -8     10
42.5073914192291     0.861025481395627     0     -8     10
42.5206393809625     0.860840156082154     0     -8     10
42.5338875123499     0.861271761402969     0     -8     10
42.5471358124802     0.860843111881243     0     -8     10
42.5603842804426     0.861454469041734     0     -8     10
42.573632915326     0.861541627217244     0     -8     10
42.5868817162196     0.861569396992015     0     -8     10
42.6001306822128     0.861587646764269     0     -8     10
42.6133798123947     0.861477491833377     0     -8     10
42.6266291058547     0.86171410148718     0     -8     10
42.6398785616822     0.86160448391846     0     -8     10
42.6531281789667     0.862024133295179     0     -8     10
42.6663779567977     0.861832994823703     0     -8     10
42.6796278942648     0.861876041453318     0     -8     10
42.6928779904575     0.86175951067208     0     -8     10
42.7061282444657     0.861811032397584     0     -8     10
42.719378655379     0.862077782750797     0     -8     10
42.7326292222872     0.862041640281046     0     -8     10
42.7458799442802     0.862162272174935     0     -8     10
42.759130820448     0.86188981128492     0     -8     10
42.7723818498804     0.862353823271373     0     -8     10
42.7856330316676     0.862030970873299     0     -8     10
42.7988843648995     0.862425313521411     0     -8     10
42.8121358486664     0.86227518158927     0     -8     10
42.8253874820585     0.862467430134881     0     -8     10
42.8386392641659     0.862151605184685     0     -8     10
42.8518911940789     0.862398149847641     0     -8     10
42.865143270888     0.862272816751612     0     -8     10
42.8783954936836     0.862489833006879     0     -8     10
42.891647861556     0.862470267189878     0     -8     10
42.9049003735958     0.86285589999787     0     -8     10
42.9181530288935     0.862676040683856     0     -8     10
42.9314058265398     0.862979112007228     0     -8     10
42.9446587656254     0.862516026918197     0     -8     10
42.9579118452409     0.862721351190323     0     -8     10
42.9711650644771     0.862830387148042     0     -8     10
42.9844184224248     0.862946825797546     0     -8     10
42.9976719181749     0.862829321376007     0     -8     10
43.0109255508184     0.862881221283984     0     -8     10
43.0241793194461     0.863098424099859     0     -8     10
43.0374332231491     0.863222475011412     0     -8     10
43.0506872610184     0.863240645960835     0     -8     10
43.0639414321452     0.863255392166346     0     -8     10
43.0771957356206     0.863350305488613     0     -8     10
43.0904501705359     0.863206657288615     0     -8     10
43.1037047359822     0.863207717802673     0     -8     10
43.1169594310509     0.863193929454994     0     -8     10
43.1302142548334     0.863240692852369     0     -8     10
43.1434692064209     0.863284638855707     0     -8     10
43.1567242849051     0.863367996937684     0     -8     10
43.1699794893773     0.863414797414236     0     -8     10
43.183234818929     0.863549381342565     0     -8     10
43.1964902726519     0.863302817648005     0     -8     10
43.2097458496376     0.863621295363564     0     -8     10
43.2230015489777     0.863231614096032     0     -8     10
43.236257369764     0.863665385294704     0     -8     10
43.2495133110882     0.863373183887193     0     -8     10
43.2627693720421     0.863649837552468     0     -8     10
43.2760255517175     0.863568362067989     0     -8     10
43.2892818492064     0.863534791362915     0     -8     10
43.3025382636006     0.863759830745535     0     -8     10
43.3157947939921     0.863486119969223     0     -8     10
43.3290514394729     0.864017488348577     0     -8     10
43.3423081991352     0.863641329893133     0     -8     10
43.3555650720708     0.863964962021493     0     -8     10
43.3688220573721     0.86403353641723     0     -8     10
43.3820791541312     0.863746073148484     0     -8     10
43.3953363614402     0.864095307610101     0     -8     10
43.4085936783915     0.863927436568857     0     -8     10
43.4218511040773     0.864243103760625     0     -8     10
43.43510863759     0.864213733326296     0     -8     10
43.4483662780219     0.863531300741372     0     -8     10
43.4616240244654     0.864115212795426     0     -8     10
43.4748818760131     0.864024931313035     0     -8     10
43.4881398317573     0.863988782154724     0     -8     10
43.5013978907905     0.864183769853939     0     -8     10
43.5146560522055     0.863875087929213     0     -8     10
43.5279143150947     0.864446212336145     0     -8     10
43.5411726785508     0.864577552493858     0     -8     10
43.5544311416664     0.864139034163973     0     -8     10
43.5676897035343     0.864470604125175     0     -8     10
43.5809483632472     0.864535684062143     0     -8     10
43.5942071198979     0.864446812377871     0     -8     10
43.6074659725792     0.864462743768013     0     -8     10
43.6207249203839     0.86388809765554     0     -8     10
43.6339839624049     0.864752103562738     0     -8     10
43.6472430977351     0.864573923419359     0     -8     10
43.6605023254675     0.864727712655464     0     -8     10
43.6737616446951     0.864471366287898     0     -8     10
43.6870210545109     0.864369276155704     0     -8     10
43.7002805540078     0.864896255963561     0     -8     10
43.7135401422791     0.864833608414091     0     -8     10
43.7267998184177     0.864551422623242     0     -8     10
43.7400595815169     0.864973448274701     0     -8     10
43.7533194306699     0.864587497191268     0     -8     10
43.7665793649697     0.864952853229701     0     -8     10
43.7798393835097     0.864762003142663     0     -8     10
43.7930994853832     0.864996096641295     0     -8     10
43.8063596696833     0.865013496866184     0     -8     10
43.8196199355036     0.864730735316495     0     -8     10
43.8328802819372     0.865091843601376     0     -8     10
43.8461407080776     0.86489911537781     0     -8     10
43.8594012130182     0.86515071210572     0     -8     10
43.8726617958525     0.864883259782876     0     -8     10
43.8859224556739     0.864958543951886     0     -8     10
43.8991831915758     0.865027292629588     0     -8     10
43.912444002652     0.865238742386633     0     -8     10
43.9257048879957     0.865108845312759     0     -8     10
43.9389658467008     0.865178946630173     0     -8     10
43.9522268778607     0.865361337829567     0     -8     10
43.9654879805692     0.86474668558248     0     -8     10
43.9787491539198     0.865145485818823     0     -8     10
43.9920103970062     0.864998023292675     0     -8     10
44.0052717089222     0.865157939377716     0     -8     10
44.0185330887614     0.86515392501608     0     -8     10
44.0317945356177     0.865301385882431     0     -8     10
44.0450560485848     0.864981328098868     0     -8     10
44.0583176267565     0.865005608938951     0     -8     10
44.0715792692266     0.864965237683877     0     -8     10
44.0848409750891     0.864977656202276     0     -8     10
44.0981027434377     0.864944772102804     0     -8     10
44.1113645733664     0.865169738749166     0     -8     10
44.1246264639691     0.865004239583106     0     -8     10
44.1378884143397     0.864977430636213     0     -8     10
44.1511504235722     0.865091587739624     0     -8     10
44.1644124907606     0.865095126410862     0     -8     10
44.1776746149988     0.865070710485358     0     -8     10
44.190936795381     0.865157076128533     0     -8     10
44.2041990310011     0.865150658720329     0     -8     10
44.2174613209532     0.865128518567318     0     -8     10
44.2307236643314     0.865090788856459     0     -8     10
44.2439860602298     0.864985369918697     0     -8     10
44.2572485077426     0.865255614812999     0     -8     10
44.2705110059638     0.865181857047474     0     -8     10
44.2837735539876     0.865362069214817     0     -8     10
44.2970361509082     0.865038860526549     0     -8     10
44.3102987958199     0.865160578377569     0     -8     10
44.3235614878167     0.865380781288205     0     -8     10
44.336824225993     0.865162336143608     0     -8     10
44.3500870094429     0.865149787906357     0     -8     10
44.3633498372608     0.864989121626179     0     -8     10
44.376612708541     0.865403683297805     0     -8     10
44.3898756223776     0.865267592869887     0     -8     10
44.4031385778651     0.865316645487249     0     -8     10
44.4164015740977     0.865331690102165     0     -8     10
44.4296646101698     0.865120253320298     0     -8     10
44.4429276851758     0.865343583832326     0     -8     10
44.45619079821     0.865258344176105     0     -8     10
44.4694539483668     0.865231276869672     0     -8     10
44.4827171347406     0.865133883482163     0     -8     10
44.4959803564257     0.865155288193598     0     -8     10
44.5092436125167     0.865193195098492     0     -8     10
44.522506902108     0.865200346304586     0     -8     10
44.5357702242939     0.865232454726196     0     -8     10
44.549033578169     0.865024290051576     0     -8     10
44.5622969628277     0.865070391572085     0     -8     10
44.5755603773645     0.865161932705303     0     -8     10
44.5888238208739     0.864802499019936     0     -8     10
44.6020872924504     0.865012760164005     0     -8     10
44.6153507911885     0.864924775690718     0     -8     10
44.6286143161827     0.865088159585251     0     -8     10
44.6418778665275     0.864764639898702     0     -8     10
44.6551414413176     0.865095959911821     0     -8     10
44.6684050396474     0.864989636460902     0     -8     10
44.6816686606115     0.864848403308643     0     -8     10
44.6949323033044     0.865024296453361     0     -8     10
44.7081959668207     0.864820152332326     0     -8     10
44.7214596502551     0.865010444204568     0     -8     10
44.7347233527021     0.865193972778865     0     -8     10
44.7479870732562     0.864998742771765     0     -8     10
44.7612508110122     0.865168186927176     0     -8     10
44.7745145650645     0.865255309345998     0     -8     10
44.7877783345079     0.865171191818701     0     -8     10
44.8010421184369     0.865179923574396     0     -8     10
44.8143059159461     0.865186981219737     0     -8     10
44.8275697261302     0.865231527656617     0     -8     10
44.8408335480838     0.865323019731069     0     -8     10
44.8540973809016     0.865070499255028     0     -8     10
44.8673612236781     0.865187928096119     0     -8     10
44.8806250755081     0.865171829176463     0     -8     10
44.8938889354862     0.865159818466605     0     -8     10
44.9071528027069     0.865496786923113     0     -8     10
44.9204166762651     0.865488750278085     0     -8     10
44.9336805552553     0.865480234256204     0     -8     10
44.9469444387722     0.865380112209144     0     -8     10
44.9602083259105     0.865306659671957     0     -8     10
44.9734722157648     0.865306967591344     0     -8     10
44.9867361074297     0.865440891128963     0     -8     10
45     0.865430787978612     0     -8     10
