44.9867361074297     0.860763514349763     0     -8     -4
44.9734722157648     0.860768570606083     0     -8     -4
44.9602083259105     0.860744159623332     0     -8     -4
44.9469444387722     0.860805615316015     0     -8     -4
44.9336805552553     0.86068828714341     0     -8     -4
44.9204166762651     0.860726436065782     0     -8     -4
44.9071528027069     0.860775440518872     0     -8     -4
44.8938889354862     0.860798369606816     0     -8     -4
44.8806250755081     0.860695902187533     0     -8     -4
44.8673612236781     0.860734402391039     0     -8     -4
44.8540973809016     0.860751910207602     0     -8     -4
44.8408335480838     0.860656788556411     0     -8     -4
44.8275697261302     0.860834133054964     0     -8     -4
44.8143059159461     0.860782404879148     0     -8     -4
44.8010421184369     0.860815087688294     0     -8     -4
44.7877783345079     0.860794129652082     0     -8     -4
44.7745145650645     0.860694030838086     0     -8     -4
44.7612508110122     0.860853763514551     0     -8     -4
44.7479870732562     0.860850155574351     0     -8     -4
44.7347233527021     0.860846943036095     0     -8     -4
44.7214596502551     0.860847509114726     0     -8     -4
44.7081959668207     0.860768247934618     0     -8     -4
44.6949323033044     0.860881512613218     0     -8     -4
44.6816686606115     0.860843359580316     0     -8     -4
44.6684050396474     0.860882502493057     0     -8     -4
44.6551414413176     0.860852885536753     0     -8     -4
44.6418778665275     0.861036771268078     0     -8     -4
44.6286143161827     0.861112684579722     0     -8     -4
44.6153507911885     0.860912832370434     0     -8     -4
44.6020872924504     0.860994465959492     0     -8     -4
44.5888238208739     0.861013056297854     0     -8     -4
44.5755603773645     0.861100350521529     0     -8     -4
44.5622969628277     0.861152258403265     0     -8     -4
44.549033578169     0.860975506221568     0     -8     -4
44.5357702242939     0.861135911587106     0     -8     -4
44.522506902108     0.861104579138929     0     -8     -4
44.5092436125167     0.861318864316846     0     -8     -4
44.4959803564257     0.861240600564547     0     -8     -4
44.4827171347406     0.861253445056163     0     -8     -4
44.4694539483668     0.861355615377953     0     -8     -4
44.45619079821     0.861233085833976     0     -8     -4
44.4429276851758     0.861273161071539     0     -8     -4
44.4296646101698     0.86115411593659     0     -8     -4
44.4164015740977     0.86127944925754     0     -8     -4
44.4031385778651     0.861215037600552     0     -8     -4
44.3898756223776     0.861248744692628     0     -8     -4
44.376612708541     0.861194889802318     0     -8     -4
44.3633498372608     0.861195133774855     0     -8     -4
44.3500870094429     0.861235406015654     0     -8     -4
44.336824225993     0.861153216116745     0     -8     -4
44.3235614878167     0.861322988518781     0     -8     -4
44.3102987958199     0.861303607186959     0     -8     -4
44.2970361509082     0.861281668263797     0     -8     -4
44.2837735539876     0.861216200102502     0     -8     -4
44.2705110059638     0.861268626027843     0     -8     -4
44.2572485077426     0.861294418248079     0     -8     -4
44.2439860602298     0.861292776344491     0     -8     -4
44.2307236643314     0.861315228099639     0     -8     -4
44.2174613209532     0.861402513590989     0     -8     -4
44.2041990310011     0.861321772694584     0     -8     -4
44.190936795381     0.861433016495875     0     -8     -4
44.1776746149988     0.861308582258246     0     -8     -4
44.1644124907606     0.861373901806698     0     -8     -4
44.1511504235722     0.861313072899863     0     -8     -4
44.1378884143397     0.861356303090269     0     -8     -4
44.1246264639691     0.861293831877666     0     -8     -4
44.1113645733664     0.861349686630299     0     -8     -4
44.0981027434377     0.861281263846462     0     -8     -4
44.0848409750891     0.861459713480781     0     -8     -4
44.0715792692266     0.861202882641231     0     -8     -4
44.0583176267565     0.861423880459431     0     -8     -4
44.0450560485848     0.861399488546331     0     -8     -4
44.0317945356177     0.861393184841739     0     -8     -4
44.0185330887614     0.861236763807503     0     -8     -4
44.0052717089222     0.861332251296288     0     -8     -4
43.9920103970062     0.86125945934089     0     -8     -4
43.9787491539198     0.861394282016742     0     -8     -4
43.9654879805692     0.861347361336428     0     -8     -4
43.9522268778607     0.861302445258456     0     -8     -4
43.9389658467008     0.861234788543654     0     -8     -4
43.9257048879957     0.861170289428195     0     -8     -4
43.912444002652     0.861269552502101     0     -8     -4
43.8991831915758     0.861339340657541     0     -8     -4
43.8859224556739     0.861058256963199     0     -8     -4
43.8726617958525     0.861218015976408     0     -8     -4
43.8594012130182     0.861018788456506     0     -8     -4
43.8461407080776     0.861152661641457     0     -8     -4
43.8328802819372     0.861002393636887     0     -8     -4
43.8196199355036     0.861194876206128     0     -8     -4
43.8063596696833     0.86108042431046     0     -8     -4
43.7930994853832     0.861168023221933     0     -8     -4
43.7798393835097     0.861079597165803     0     -8     -4
43.7665793649697     0.861142368477782     0     -8     -4
43.7533194306699     0.861149784756754     0     -8     -4
43.7400595815169     0.86120617638469     0     -8     -4
43.7267998184177     0.861168335618169     0     -8     -4
43.7135401422791     0.861205303744771     0     -8     -4
43.7002805540078     0.861213691949361     0     -8     -4
43.6870210545109     0.86126366088717     0     -8     -4
43.6737616446951     0.861218719200494     0     -8     -4
43.6605023254675     0.861282300218764     0     -8     -4
43.6472430977351     0.861471287941069     0     -8     -4
43.6339839624049     0.861422671626466     0     -8     -4
43.6207249203839     0.861471452471293     0     -8     -4
43.6074659725792     0.861422064011296     0     -8     -4
43.5942071198979     0.861495114540469     0     -8     -4
43.5809483632472     0.861564595664087     0     -8     -4
43.5676897035343     0.861577708380799     0     -8     -4
43.5544311416664     0.861537809824497     0     -8     -4
43.5411726785508     0.861419398518848     0     -8     -4
43.5279143150947     0.861475295372249     0     -8     -4
43.5146560522055     0.861384575496918     0     -8     -4
43.5013978907905     0.861499306435832     0     -8     -4
43.4881398317573     0.861465745377732     0     -8     -4
43.4748818760131     0.861407755659933     0     -8     -4
43.4616240244654     0.861609347299666     0     -8     -4
43.4483662780219     0.86145288110047     0     -8     -4
43.43510863759     0.861444468356307     0     -8     -4
43.4218511040773     0.861391554761266     0     -8     -4
43.4085936783915     0.861515414321582     0     -8     -4
43.3953363614402     0.861479170725484     0     -8     -4
43.3820791541312     0.86140581947538     0     -8     -4
43.3688220573721     0.861426491398572     0     -8     -4
43.3555650720708     0.861366358797874     0     -8     -4
43.3423081991352     0.861402176561895     0     -8     -4
43.3290514394729     0.861397523204562     0     -8     -4
43.3157947939921     0.861287563802976     0     -8     -4
43.3025382636006     0.861644466261918     0     -8     -4
43.2892818492064     0.861430170266915     0     -8     -4
43.2760255517175     0.861492895014267     0     -8     -4
43.2627693720421     0.861455279467171     0     -8     -4
43.2495133110882     0.861508907781221     0     -8     -4
43.236257369764     0.861508649321159     0     -8     -4
43.2230015489777     0.86150057785613     0     -8     -4
43.2097458496376     0.861612225603755     0     -8     -4
43.1964902726519     0.861626913237126     0     -8     -4
43.183234818929     0.861503535643387     0     -8     -4
43.1699794893773     0.861672269390899     0     -8     -4
43.1567242849051     0.861601835181605     0     -8     -4
43.1434692064209     0.861672981184413     0     -8     -4
43.1302142548334     0.861643561757418     0     -8     -4
43.1169594310509     0.861690437206851     0     -8     -4
43.1037047359822     0.861685297274693     0     -8     -4
43.0904501705359     0.861778139869471     0     -8     -4
43.0771957356206     0.861788255016929     0     -8     -4
43.0639414321452     0.861595091554791     0     -8     -4
43.0506872610184     0.861726331920229     0     -8     -4
43.0374332231491     0.861616326974265     0     -8     -4
43.0241793194461     0.861625604577318     0     -8     -4
43.0109255508184     0.861694290344216     0     -8     -4
42.9976719181749     0.861753040561378     0     -8     -4
42.9844184224248     0.861751269690445     0     -8     -4
42.9711650644771     0.861799228251562     0     -8     -4
42.9579118452409     0.861769475285914     0     -8     -4
42.9446587656254     0.861828931229594     0     -8     -4
42.9314058265398     0.861844011025966     0     -8     -4
42.9181530288935     0.861842345763707     0     -8     -4
42.9049003735958     0.862087307738901     0     -8     -4
42.891647861556     0.86193034590954     0     -8     -4
42.8783954936836     0.862017693604907     0     -8     -4
42.865143270888     0.861936216814694     0     -8     -4
42.8518911940789     0.862064719813508     0     -8     -4
42.8386392641659     0.862000168588494     0     -8     -4
42.8253874820585     0.862121042118745     0     -8     -4
42.8121358486664     0.862102104046142     0     -8     -4
42.7988843648995     0.86216610450877     0     -8     -4
42.7856330316676     0.86197007928778     0     -8     -4
42.7723818498804     0.862227711860963     0     -8     -4
42.759130820448     0.861942421243287     0     -8     -4
42.7458799442802     0.862135504049631     0     -8     -4
42.7326292222872     0.862116304505881     0     -8     -4
42.719378655379     0.862156673003727     0     -8     -4
42.7061282444657     0.862041200971401     0     -8     -4
42.6928779904575     0.862258709222864     0     -8     -4
42.6796278942648     0.862029805583171     0     -8     -4
42.6663779567977     0.862145148565949     0     -8     -4
42.6531281789667     0.86205784334803     0     -8     -4
42.6398785616822     0.862122865275104     0     -8     -4
42.6266291058547     0.862076083453298     0     -8     -4
42.6133798123947     0.862233684647763     0     -8     -4
42.6001306822128     0.862032624893827     0     -8     -4
42.5868817162196     0.862145558577839     0     -8     -4
42.573632915326     0.862046624579974     0     -8     -4
42.5603842804426     0.862123059817254     0     -8     -4
42.5471358124802     0.862117613159318     0     -8     -4
42.5338875123499     0.862119077922321     0     -8     -4
42.5206393809625     0.862191074117294     0     -8     -4
42.5073914192291     0.86219378613727     0     -8     -4
42.4941436280607     0.862136401276216     0     -8     -4
42.4808960083686     0.862171319425705     0     -8     -4
42.4676485610637     0.86216120434376     0     -8     -4
42.4544012870576     0.862150290437778     0     -8     -4
42.4411541872613     0.862344514352     0     -8     -4
42.4279072625865     0.862153631394193     0     -8     -4
42.4146605139445     0.862204117243804     0     -8     -4
42.4014139422467     0.862193937164643     0     -8     -4
42.3881675484049     0.862358103749218     0     -8     -4
42.3749213333306     0.862227593251917     0     -8     -4
42.3616752979356     0.862263361805352     0     -8     -4
42.3484294431316     0.862310534187033     0     -8     -4
42.3351837698304     0.862252675112812     0     -8     -4
42.3219382789441     0.862383085116866     0     -8     -4
42.3086929713844     0.862281999760686     0     -8     -4
42.2954478480635     0.862427929182214     0     -8     -4
42.2822029098935     0.862363469135322     0     -8     -4
42.2689581577864     0.862447775696563     0     -8     -4
42.2557135926547     0.862467799323023     0     -8     -4
42.2424692154105     0.862339866935172     0     -8     -4
42.2292250269662     0.862410337744784     0     -8     -4
42.2159810282344     0.862415214245379     0     -8     -4
42.2027372201273     0.862353152054306     0     -8     -4
42.1894936035578     0.862386327095463     0     -8     -4
42.1762501794383     0.862283809315294     0     -8     -4
42.1630069486816     0.862478434965264     0     -8     -4
42.1497639122005     0.862313975980628     0     -8     -4
42.1365210709078     0.862258869447884     0     -8     -4
42.1232784257165     0.862258212749597     0     -8     -4
42.1100359775395     0.862222641897203     0     -8     -4
42.09679372729     0.862275892380968     0     -8     -4
42.083551675881     0.86216988987537     0     -8     -4
42.0703098242257     0.862106979622474     0     -8     -4
42.0570681732375     0.862304818507479     0     -8     -4
42.0438267238296     0.862269160842254     0     -8     -4
42.0305854769156     0.862093835832772     0     -8     -4
42.0173444334088     0.862272969988369     0     -8     -4
42.0041035942229     0.862172305168475     0     -8     -4
41.9908629602715     0.861986088880311     0     -8     -4
41.9776225324684     0.862208892364396     0     -8     -4
41.9643823117272     0.862108944253475     0     -8     -4
41.9511422989619     0.862031076124794     0     -8     -4
41.9379024950865     0.862110411555402     0     -8     -4
41.9246629010149     0.861996531055102     0     -8     -4
41.9114235176612     0.861932458624447     0     -8     -4
41.8981843459396     0.861919829839756     0     -8     -4
41.8849453867643     0.861798315762719     0     -8     -4
41.8717066410497     0.861706290330363     0     -8     -4
41.8584681097102     0.861414086692367     0     -8     -4
41.8452297936601     0.860922240740147     0     -8     -4
41.8319916938142     0.860176923032318     0     -8     -4
41.8187538110869     0.85942752260547     0     -8     -4
41.8055161463931     0.858025444115454     0     -8     -4
41.7922787006474     0.856094571931209     0     -8     -4
41.7790414747648     0.853626055071182     0     -8     -4
41.7658044696602     0.849914745971264     0     -8     -4
41.7525676862486     0.84347709535521     0     -8     -4
41.7393311254452     0.834605965775179     0     -8     -4
41.726094788165     0.818772356662411     0     -8     -4
41.7128586753234     0.790407836553459     0     -8     -4
41.6996227878358     0.736409814400071     0     -8     -4
41.6863871266174     0.645794586549888     0     -8     -4
41.673151692584     0.51437759551034     0     -8     -4
41.6599164866509     0.413136267626558     0     -8     -4
41.646681509734     0.404196527203319     0     -8     -4
41.6334467627489     0.484924138625677     0     -8     -4
41.6202122466115     0.578559280430072     0     -8     -4
41.6069779622377     0.643669617813377     0     -8     -4
41.5937439105435     0.685109383579098     0     -8     -4
41.580510092445     0.707733331945655     0     -8     -4
41.5672765088584     0.725039147698186     0     -8     -4
41.5540431606999     0.737849911554728     0     -8     -4
41.5408100488858     0.743635092575509     0     -8     -4
41.5275771743327     0.744152906041486     0     -8     -4
41.5143445379569     0.746257835634568     0     -8     -4
41.5011121406751     0.748227876703375     0     -8     -4
41.487879983404     0.746015137044793     0     -8     -4
41.4746480670603     0.739615535150701     0     -8     -4
41.4614163925608     0.733354538206488     0     -8     -4
41.4481849608227     0.728803973512522     0     -8     -4
41.4349537727627     0.720281258979774     0     -8     -4
41.4217228292982     0.703993518898276     0     -8     -4
41.4084921313462     0.68494824585387     0     -8     -4
41.395261679824     0.66741413284987     0     -8     -4
41.3820314756491     0.643048175718132     0     -8     -4
41.368801519739     0.609687152748447     0     -8     -4
41.3555718130111     0.56436213233348     0     -8     -4
41.3423423563831     0.521729529888754     0     -8     -4
41.3291131507728     0.471944971311233     0     -8     -4
41.315884197098     0.425795109561076     0     -8     -4
41.3026554962766     0.381922106390683     0     -8     -4
41.2894270492266     0.343173536480158     0     -8     -4
41.2761988568661     0.316738267255277     0     -8     -4
41.2629709201134     0.312429470533861     0     -8     -4
41.2497432398867     0.319630034759027     0     -8     -4
41.2365158171043     0.325925499484947     0     -8     -4
41.2232886526848     0.345148721647043     0     -8     -4
41.2100617475467     0.38162133969698     0     -8     -4
41.1968351026086     0.412587135186597     0     -8     -4
41.1836087187894     0.430499697844749     0     -8     -4
41.1703825970079     0.458927209595657     0     -8     -4
41.1571567381829     0.491861427396997     0     -8     -4
41.1439311432336     0.515464933017534     0     -8     -4
41.130705813079     0.526295020197063     0     -8     -4
41.1174807486384     0.546556913422018     0     -8     -4
41.1042559508312     0.56714098675657     0     -8     -4
41.0910314205766     0.57489896798356     0     -8     -4
41.0778071587943     0.580920360276857     0     -8     -4
41.0645831664038     0.594950872560632     0     -8     -4
41.0513594443248     0.605300918043452     0     -8     -4
41.0381359934772     0.60369935443775     0     -8     -4
41.0249128147808     0.602478936620711     0     -8     -4
41.0116899091557     0.608903896892299     0     -8     -4
40.9984672775219     0.610342164974629     0     -8     -4
40.9852449207996     0.60135356402117     0     -8     -4
40.9720228399091     0.596053643571899     0     -8     -4
40.9588010357708     0.595996538805787     0     -8     -4
40.9455795093053     0.588675228162945     0     -8     -4
40.932358261433     0.571207481141577     0     -8     -4
40.9191372930747     0.56243134417556     0     -8     -4
40.9059166051511     0.554227464381844     0     -8     -4
40.8926961985833     0.537575285646057     0     -8     -4
40.8794760742921     0.510680714472035     0     -8     -4
40.8662562331986     0.496387689269201     0     -8     -4
40.8530366762241     0.471447999202347     0     -8     -4
40.8398174042898     0.443684578651852     0     -8     -4
40.8265984183172     0.417106753984126     0     -8     -4
40.8133797192277     0.392003985110429     0     -8     -4
40.800161307943     0.359313862973805     0     -8     -4
40.7869431853848     0.333651464673999     0     -8     -4
40.7737253524748     0.306880756998422     0     -8     -4
40.7605078101351     0.281706090566252     0     -8     -4
40.7472905592876     0.265405440392188     0     -8     -4
40.7340736008544     0.252052307894249     0     -8     -4
40.7208569357578     0.231038920958493     0     -8     -4
40.7076405649202     0.225613601113771     0     -8     -4
40.6944244892639     0.230019490762641     0     -8     -4
40.6812087097115     0.222534514768988     0     -8     -4
40.6679932271857     0.220172353431576     0     -8     -4
40.6547780426093     0.236270529828748     0     -8     -4
40.6415631569051     0.246259297893742     0     -8     -4
40.628348570996     0.243284861749541     0     -8     -4
40.6151342858053     0.262473209745809     0     -8     -4
40.601920302256     0.286925957782434     0     -8     -4
40.5887066212714     0.28881088323471     0     -8     -4
40.5754932437751     0.297034201812283     0     -8     -4
40.5622801706905     0.323687574582636     0     -8     -4
40.5490674029412     0.335213816531047     0     -8     -4
40.5358549414509     0.335095567416234     0     -8     -4
40.5226427871436     0.350750099220162     0     -8     -4
40.5094309409432     0.373648658235226     0     -8     -4
40.4962194037737     0.372199480487754     0     -8     -4
40.4830081765594     0.37703957158317     0     -8     -4
40.4697972602245     0.395928216220043     0     -8     -4
40.4565866556934     0.40134233660049     0     -8     -4
40.4433763638906     0.395031052199812     0     -8     -4
40.4301663857409     0.403630711702072     0     -8     -4
40.4169567221688     0.41527795618089     0     -8     -4
40.4037473740993     0.410530045504217     0     -8     -4
40.3905383424574     0.40383429609418     0     -8     -4
40.3773296281681     0.410780622388448     0     -8     -4
40.3641212321566     0.414760486894351     0     -8     -4
