40.3773296281681     0.165998006072243     0     -10     -8
40.3905383424574     0.16243143258508     0     -10     -8
40.4037473740993     0.150781602124666     0     -10     -8
40.4169567221688     0.13437611908165     0     -10     -8
40.4301663857409     0.133398750313948     0     -10     -8
40.4433763638906     0.140264007325049     0     -10     -8
40.4565866556934     0.140109861331234     0     -10     -8
40.4697972602245     0.147449201558362     0     -10     -8
40.4830081765594     0.169255128341684     0     -10     -8
40.4962194037737     0.187190804966351     0     -10     -8
40.5094309409432     0.208275356005758     0     -10     -8
40.5226427871436     0.238638911788526     0     -10     -8
40.5358549414509     0.264836953851473     0     -10     -8
40.5490674029412     0.29345698892976     0     -10     -8
40.5622801706905     0.331147226879461     0     -10     -8
40.5754932437751     0.356202341093894     0     -10     -8
40.5887066212714     0.377361068136221     0     -10     -8
40.601920302256     0.406986531044326     0     -10     -8
40.6151342858053     0.42881860133032     0     -10     -8
40.628348570996     0.437881589890583     0     -10     -8
40.6415631569051     0.453876636627551     0     -10     -8
40.6547780426093     0.471666019033287     0     -10     -8
40.6679932271857     0.47174344855021     0     -10     -8
40.6812087097115     0.470009944369907     0     -10     -8
40.6944244892639     0.478091646952985     0     -10     -8
40.7076405649202     0.47503339703676     0     -10     -8
40.7208569357578     0.458024170397912     0     -10     -8
40.7340736008544     0.450298532404273     0     -10     -8
40.7472905592876     0.443669340529049     0     -10     -8
40.7605078101351     0.416470584530875     0     -10     -8
40.7737253524748     0.388451402588602     0     -10     -8
40.7869431853848     0.375004704143599     0     -10     -8
40.800161307943     0.346035026426809     0     -10     -8
40.8133797192277     0.304472543446955     0     -10     -8
40.8265984183172     0.282373998945512     0     -10     -8
40.8398174042898     0.260701479528488     0     -10     -8
40.8530366762241     0.225706334860131     0     -10     -8
40.8662562331986     0.214579439503335     0     -10     -8
40.8794760742921     0.222536461520943     0     -10     -8
40.8926961985833     0.227661287939971     0     -10     -8
40.9059166051511     0.250889446855144     0     -10     -8
40.9191372930747     0.291135103701641     0     -10     -8
40.932358261433     0.334395597736737     0     -10     -8
40.9455795093053     0.383409245270747     0     -10     -8
40.9588010357708     0.432338508446415     0     -10     -8
40.9720228399091     0.474890583446049     0     -10     -8
40.9852449207996     0.517532538649505     0     -10     -8
40.9984672775219     0.554543817025735     0     -10     -8
41.0116899091557     0.574863073371185     0     -10     -8
41.0249128147808     0.593435499026039     0     -10     -8
41.0381359934772     0.613161277271385     0     -10     -8
41.0513594443248     0.624967452232747     0     -10     -8
41.0645831664038     0.624508678121951     0     -10     -8
41.0778071587943     0.626799291312461     0     -10     -8
41.0910314205766     0.632456220688187     0     -10     -8
41.1042559508312     0.627882947157107     0     -10     -8
41.1174807486384     0.612821242026101     0     -10     -8
41.130705813079     0.602269729388511     0     -10     -8
41.1439311432336     0.593145619019556     0     -10     -8
41.1571567381829     0.566608038797777     0     -10     -8
41.1703825970079     0.531293573899255     0     -10     -8
41.1836087187894     0.503307912838517     0     -10     -8
41.1968351026086     0.472207371006809     0     -10     -8
41.2100617475467     0.419229552050594     0     -10     -8
41.2232886526848     0.372777180617994     0     -10     -8
41.2365158171043     0.347837245096572     0     -10     -8
41.2497432398867     0.334624843810947     0     -10     -8
41.2629709201134     0.333829971139465     0     -10     -8
41.2761988568661     0.362518352299382     0     -10     -8
41.2894270492266     0.421410549311336     0     -10     -8
41.3026554962766     0.497770201164279     0     -10     -8
41.315884197098     0.570972375474253     0     -10     -8
41.3291131507728     0.626088662149686     0     -10     -8
41.3423423563831     0.662715574155408     0     -10     -8
41.3555718130111     0.687422218863535     0     -10     -8
41.368801519739     0.705680158811947     0     -10     -8
41.3820314756491     0.715896479170767     0     -10     -8
41.395261679824     0.720514022299884     0     -10     -8
41.4084921313462     0.725498450192219     0     -10     -8
41.4217228292982     0.732652686981606     0     -10     -8
41.4349537727627     0.734478729956337     0     -10     -8
41.4481849608227     0.727529353914757     0     -10     -8
41.4614163925608     0.718797466527497     0     -10     -8
41.4746480670603     0.708698793339798     0     -10     -8
41.487879983404     0.686363242819861     0     -10     -8
41.5011121406751     0.648845085980808     0     -10     -8
41.5143445379569     0.601165742028159     0     -10     -8
41.5275771743327     0.540848605990784     0     -10     -8
41.5408100488858     0.466630221172533     0     -10     -8
41.5540431606999     0.413300400959094     0     -10     -8
41.5672765088584     0.44673500845577     0     -10     -8
41.580510092445     0.561499568666882     0     -10     -8
41.5937439105435     0.668980304785174     0     -10     -8
41.6069779622377     0.727354212658405     0     -10     -8
41.6202122466115     0.754605675808813     0     -10     -8
41.6334467627489     0.775160297000123     0     -10     -8
41.646681509734     0.794236402944089     0     -10     -8
41.6599164866509     0.80501885232641     0     -10     -8
41.673151692584     0.804474836842522     0     -10     -8
41.6863871266174     0.800875704576738     0     -10     -8
41.6996227878358     0.771956473975012     0     -10     -8
41.7128586753234     0.678630422225445     0     -10     -8
41.726094788165     0.574725418522573     0     -10     -8
41.7393311254452     0.581411446372153     0     -10     -8
41.7525676862486     0.711353633212358     0     -10     -8
41.7658044696602     0.820168752433734     0     -10     -8
41.7790414747648     0.858100989685757     0     -10     -8
41.7922787006474     0.865878522005942     0     -10     -8
41.8055161463931     0.871964121909769     0     -10     -8
41.8187538110869     0.874350105836674     0     -10     -8
41.8319916938142     0.875912031505047     0     -10     -8
41.8452297936601     0.877239367663802     0     -10     -8
41.8584681097102     0.877696161469111     0     -10     -8
41.8717066410497     0.878430425893026     0     -10     -8
41.8849453867643     0.879101041507757     0     -10     -8
41.8981843459396     0.87934341373783     0     -10     -8
41.9114235176612     0.879572055343648     0     -10     -8
41.9246629010149     0.879776227572015     0     -10     -8
41.9379024950865     0.879873837417312     0     -10     -8
41.9511422989619     0.879745153304964     0     -10     -8
41.9643823117272     0.879734600599526     0     -10     -8
41.9776225324684     0.879764603696241     0     -10     -8
41.9908629602715     0.879779029755589     0     -10     -8
42.0041035942229     0.880183720251434     0     -10     -8
42.0173444334088     0.880532612283487     0     -10     -8
42.0305854769156     0.880220425950834     0     -10     -8
42.0438267238296     0.880175269002572     0     -10     -8
42.0570681732375     0.880150514146464     0     -10     -8
42.0703098242257     0.880192339228335     0     -10     -8
42.083551675881     0.879707993227157     0     -10     -8
42.09679372729     0.880063647280774     0     -10     -8
42.1100359775395     0.879815291002372     0     -10     -8
42.1232784257165     0.879695225513638     0     -10     -8
42.1365210709078     0.879877511650584     0     -10     -8
42.1497639122005     0.879810542282941     0     -10     -8
42.1630069486816     0.879837581001236     0     -10     -8
42.1762501794383     0.879621673980881     0     -10     -8
42.1894936035578     0.879983422753142     0     -10     -8
42.2027372201273     0.879842050428695     0     -10     -8
42.2159810282344     0.879906894671996     0     -10     -8
42.2292250269662     0.879593387005402     0     -10     -8
42.2424692154105     0.879674747944455     0     -10     -8
42.2557135926547     0.879569624919116     0     -10     -8
42.2689581577864     0.879595669600365     0     -10     -8
42.2822029098935     0.879551740691943     0     -10     -8
42.2954478480635     0.879772785490641     0     -10     -8
42.3086929713844     0.879614544567533     0     -10     -8
42.3219382789441     0.879539488305235     0     -10     -8
42.3351837698304     0.879493504316287     0     -10     -8
42.3484294431316     0.879525562807918     0     -10     -8
42.3616752979356     0.879414264569273     0     -10     -8
42.3749213333306     0.879434578163645     0     -10     -8
42.3881675484049     0.87952795221072     0     -10     -8
42.4014139422467     0.879197417018744     0     -10     -8
42.4146605139445     0.879385537227078     0     -10     -8
42.4279072625865     0.879332244565032     0     -10     -8
42.4411541872613     0.879397441948309     0     -10     -8
42.4544012870576     0.879322439057023     0     -10     -8
42.4676485610637     0.879367442410287     0     -10     -8
42.4808960083686     0.879383725844661     0     -10     -8
42.4941436280607     0.879322969913742     0     -10     -8
42.5073914192291     0.878942377073725     0     -10     -8
42.5206393809625     0.87907830096834     0     -10     -8
42.5338875123499     0.878954554428909     0     -10     -8
42.5471358124802     0.879174275203214     0     -10     -8
42.5603842804426     0.879221340195962     0     -10     -8
42.573632915326     0.879345130257259     0     -10     -8
42.5868817162196     0.878941796042765     0     -10     -8
42.6001306822128     0.879040264440158     0     -10     -8
42.6133798123947     0.878988752420095     0     -10     -8
42.6266291058547     0.879005521423645     0     -10     -8
42.6398785616822     0.878903309900207     0     -10     -8
42.6531281789667     0.879170593369042     0     -10     -8
42.6663779567977     0.879213985328097     0     -10     -8
42.6796278942648     0.879017002486945     0     -10     -8
42.6928779904575     0.878941301410921     0     -10     -8
42.7061282444657     0.878862887947276     0     -10     -8
42.719378655379     0.878910012437817     0     -10     -8
42.7326292222872     0.878797872807924     0     -10     -8
42.7458799442802     0.878707090886375     0     -10     -8
42.759130820448     0.878852299991564     0     -10     -8
42.7723818498804     0.878626100497074     0     -10     -8
42.7856330316676     0.878774043620539     0     -10     -8
42.7988843648995     0.878838425137924     0     -10     -8
42.8121358486664     0.878957936747769     0     -10     -8
42.8253874820585     0.878583159166993     0     -10     -8
42.8386392641659     0.878358703979594     0     -10     -8
42.8518911940789     0.878437053456967     0     -10     -8
42.865143270888     0.878491912732851     0     -10     -8
42.8783954936836     0.878609203605375     0     -10     -8
42.891647861556     0.878422092455663     0     -10     -8
42.9049003735958     0.87861934530567     0     -10     -8
42.9181530288935     0.878288607959237     0     -10     -8
42.9314058265398     0.878432198122678     0     -10     -8
42.9446587656254     0.878263541914478     0     -10     -8
42.9579118452409     0.878224510406037     0     -10     -8
42.9711650644771     0.878317224362058     0     -10     -8
42.9844184224248     0.878234192163976     0     -10     -8
42.9976719181749     0.878199920918277     0     -10     -8
43.0109255508184     0.878219021925593     0     -10     -8
43.0241793194461     0.878122516493094     0     -10     -8
43.0374332231491     0.877813307842934     0     -10     -8
43.0506872610184     0.878168311288258     0     -10     -8
43.0639414321452     0.877994973502295     0     -10     -8
43.0771957356206     0.878152297736657     0     -10     -8
43.0904501705359     0.878052022885911     0     -10     -8
43.1037047359822     0.877941164704764     0     -10     -8
43.1169594310509     0.87790809120768     0     -10     -8
43.1302142548334     0.877996823873498     0     -10     -8
43.1434692064209     0.877817081808284     0     -10     -8
43.1567242849051     0.877688551572883     0     -10     -8
43.1699794893773     0.877920738686473     0     -10     -8
43.183234818929     0.877710898025017     0     -10     -8
43.1964902726519     0.877944303220749     0     -10     -8
43.2097458496376     0.877400408653826     0     -10     -8
43.2230015489777     0.878016287826235     0     -10     -8
43.236257369764     0.877897068508809     0     -10     -8
43.2495133110882     0.877707192053033     0     -10     -8
43.2627693720421     0.877776330383388     0     -10     -8
43.2760255517175     0.877803568567418     0     -10     -8
43.2892818492064     0.877544874703038     0     -10     -8
43.3025382636006     0.877580156931628     0     -10     -8
43.3157947939921     0.877775902748503     0     -10     -8
43.3290514394729     0.877527993020534     0     -10     -8
43.3423081991352     0.877662750693757     0     -10     -8
43.3555650720708     0.877622323250324     0     -10     -8
43.3688220573721     0.8774250358239     0     -10     -8
43.3820791541312     0.877705208254241     0     -10     -8
43.3953363614402     0.87743633330058     0     -10     -8
43.4085936783915     0.877486836498027     0     -10     -8
43.4218511040773     0.877721667392677     0     -10     -8
43.43510863759     0.87758234247935     0     -10     -8
43.4483662780219     0.877865532502959     0     -10     -8
43.4616240244654     0.877477523801374     0     -10     -8
43.4748818760131     0.877716808585398     0     -10     -8
43.4881398317573     0.877541216335527     0     -10     -8
43.5013978907905     0.877490073849202     0     -10     -8
43.5146560522055     0.877630852607275     0     -10     -8
43.5279143150947     0.877559323175239     0     -10     -8
43.5411726785508     0.877597384138799     0     -10     -8
43.5544311416664     0.877756661966073     0     -10     -8
43.5676897035343     0.87757636113686     0     -10     -8
43.5809483632472     0.877505365423623     0     -10     -8
43.5942071198979     0.877794276029844     0     -10     -8
43.6074659725792     0.877382693025323     0     -10     -8
43.6207249203839     0.877608015921602     0     -10     -8
43.6339839624049     0.877513981870659     0     -10     -8
43.6472430977351     0.877575927087394     0     -10     -8
43.6605023254675     0.87748700730488     0     -10     -8
43.6737616446951     0.877737690717919     0     -10     -8
43.6870210545109     0.877840607709199     0     -10     -8
43.7002805540078     0.877572277194195     0     -10     -8
43.7135401422791     0.877684998043076     0     -10     -8
43.7267998184177     0.877790036047339     0     -10     -8
43.7400595815169     0.877609114201399     0     -10     -8
43.7533194306699     0.877742716149206     0     -10     -8
43.7665793649697     0.877720930212429     0     -10     -8
43.7798393835097     0.87769874114244     0     -10     -8
43.7930994853832     0.877892629198467     0     -10     -8
43.8063596696833     0.877972019751774     0     -10     -8
43.8196199355036     0.878029566553586     0     -10     -8
43.8328802819372     0.877873306762883     0     -10     -8
43.8461407080776     0.877975217277193     0     -10     -8
43.8594012130182     0.877873446761582     0     -10     -8
43.8726617958525     0.878054400007281     0     -10     -8
43.8859224556739     0.877617495195018     0     -10     -8
43.8991831915758     0.877852613593985     0     -10     -8
43.912444002652     0.877849467112113     0     -10     -8
43.9257048879957     0.877800764824852     0     -10     -8
43.9389658467008     0.877762687762208     0     -10     -8
43.9522268778607     0.877631201071823     0     -10     -8
43.9654879805692     0.877833094766658     0     -10     -8
43.9787491539198     0.877943681859073     0     -10     -8
43.9920103970062     0.877898438751295     0     -10     -8
44.0052717089222     0.877711395936598     0     -10     -8
44.0185330887614     0.877650544387801     0     -10     -8
44.0317945356177     0.877661830598909     0     -10     -8
44.0450560485848     0.877766285899804     0     -10     -8
44.0583176267565     0.877738896095269     0     -10     -8
44.0715792692266     0.877723871854517     0     -10     -8
44.0848409750891     0.877647567533004     0     -10     -8
44.0981027434377     0.877643275198224     0     -10     -8
44.1113645733664     0.877503333714565     0     -10     -8
44.1246264639691     0.877766653837027     0     -10     -8
44.1378884143397     0.877422605806732     0     -10     -8
44.1511504235722     0.877633227109072     0     -10     -8
44.1644124907606     0.877602989079379     0     -10     -8
44.1776746149988     0.877580218246382     0     -10     -8
44.190936795381     0.877331356519471     0     -10     -8
44.2041990310011     0.877362476771388     0     -10     -8
44.2174613209532     0.877405915240089     0     -10     -8
44.2307236643314     0.8773133452296     0     -10     -8
44.2439860602298     0.877196529176649     0     -10     -8
44.2572485077426     0.877457898978927     0     -10     -8
44.2705110059638     0.877204810493043     0     -10     -8
44.2837735539876     0.877256141956044     0     -10     -8
44.2970361509082     0.877141990830468     0     -10     -8
44.3102987958199     0.877385115203018     0     -10     -8
44.3235614878167     0.877113044129636     0     -10     -8
44.336824225993     0.877239858285333     0     -10     -8
44.3500870094429     0.877081800670305     0     -10     -8
44.3633498372608     0.877395542037321     0     -10     -8
44.376612708541     0.877253245364143     0     -10     -8
44.3898756223776     0.87693318030987     0     -10     -8
44.4031385778651     0.877233611385189     0     -10     -8
44.4164015740977     0.877044888492545     0     -10     -8
44.4296646101698     0.876962877018801     0     -10     -8
44.4429276851758     0.877199038593667     0     -10     -8
44.45619079821     0.877070963474     0     -10     -8
44.4694539483668     0.876895514913597     0     -10     -8
44.4827171347406     0.876910166340494     0     -10     -8
44.4959803564257     0.876937043251414     0     -10     -8
44.5092436125167     0.876878512001207     0     -10     -8
44.522506902108     0.876890357161364     0     -10     -8
44.5357702242939     0.876922860095043     0     -10     -8
44.549033578169     0.876852947920322     0     -10     -8
44.5622969628277     0.876957403104463     0     -10     -8
44.5755603773645     0.876660177968088     0     -10     -8
44.5888238208739     0.87695754033939     0     -10     -8
44.6020872924504     0.876604136011917     0     -10     -8
44.6153507911885     0.876709198266536     0     -10     -8
44.6286143161827     0.876721275073646     0     -10     -8
44.6418778665275     0.876871552851465     0     -10     -8
44.6551414413176     0.876628242401606     0     -10     -8
44.6684050396474     0.876818400486037     0     -10     -8
44.6816686606115     0.876614403058632     0     -10     -8
44.6949323033044     0.876535153271367     0     -10     -8
44.7081959668207     0.876659192099476     0     -10     -8
44.7214596502551     0.876623079062251     0     -10     -8
44.7347233527021     0.876721789535871     0     -10     -8
44.7479870732562     0.876562914723026     0     -10     -8
44.7612508110122     0.876477747180168     0     -10     -8
44.7745145650645     0.876065699259235     0     -10     -8
44.7877783345079     0.87642103620186     0     -10     -8
44.8010421184369     0.876618067336718     0     -10     -8
44.8143059159461     0.876348946343596     0     -10     -8
44.8275697261302     0.876358643229964     0     -10     -8
44.8408335480838     0.876555407750593     0     -10     -8
44.8540973809016     0.876406689184141     0     -10     -8
44.8673612236781     0.876427085389289     0     -10     -8
44.8806250755081     0.876272775943486     0     -10     -8
44.8938889354862     0.876331199972007     0     -10     -8
44.9071528027069     0.876201447197557     0     -10     -8
44.9204166762651     0.876180176452207     0     -10     -8
44.9336805552553     0.876092781101882     0     -10     -8
44.9469444387722     0.876028438191621     0     -10     -8
44.9602083259105     0.876254503756424     0     -10     -8
44.9734722157648     0.876158160629802     0     -10     -8
44.9867361074297     0.876252015581138     0     -10     -8
45     0.876184083528242     0     -10     -8
