44.9867361074297     0.812475744141657     0     -2     -6
44.9734722157648     0.812099721195415     0     -2     -6
44.9602083259105     0.81286097287219     0     -2     -6
44.9469444387722     0.812525251236619     0     -2     -6
44.9336805552553     0.811501617455062     0     -2     -6
44.9204166762651     0.811424841817388     0     -2     -6
44.9071528027069     0.811260980523174     0     -2     -6
44.8938889354862     0.813294043979956     0     -2     -6
44.8806250755081     0.812441600454103     0     -2     -6
44.8673612236781     0.811623922605134     0     -2     -6
44.8540973809016     0.812160439854738     0     -2     -6
44.8408335480838     0.812835163234783     0     -2     -6
44.8275697261302     0.81196757409813     0     -2     -6
44.8143059159461     0.810371099930137     0     -2     -6
44.8010421184369     0.810414687010524     0     -2     -6
44.7877783345079     0.812102205008605     0     -2     -6
44.7745145650645     0.811574929311599     0     -2     -6
44.7612508110122     0.811339423366783     0     -2     -6
44.7479870732562     0.81183716424007     0     -2     -6
44.7347233527021     0.811480693137693     0     -2     -6
44.7214596502551     0.810028331774018     0     -2     -6
44.7081959668207     0.810788277147127     0     -2     -6
44.6949323033044     0.813369957456455     0     -2     -6
44.6816686606115     0.812532878071194     0     -2     -6
44.6684050396474     0.812459826967044     0     -2     -6
44.6551414413176     0.811092270408935     0     -2     -6
44.6418778665275     0.812054049394975     0     -2     -6
44.6286143161827     0.813554949993257     0     -2     -6
44.6153507911885     0.811821433240067     0     -2     -6
44.6020872924504     0.811322629269331     0     -2     -6
44.5888238208739     0.813903815091215     0     -2     -6
44.5755603773645     0.812999025187158     0     -2     -6
44.5622969628277     0.813588853533555     0     -2     -6
44.549033578169     0.813064606739127     0     -2     -6
44.5357702242939     0.813235738184472     0     -2     -6
44.522506902108     0.812943785223265     0     -2     -6
44.5092436125167     0.812438180495474     0     -2     -6
44.4959803564257     0.810910819573558     0     -2     -6
44.4827171347406     0.814035677054185     0     -2     -6
44.4694539483668     0.814555412499713     0     -2     -6
44.45619079821     0.813502470640953     0     -2     -6
44.4429276851758     0.813943847429729     0     -2     -6
44.4296646101698     0.813370573948565     0     -2     -6
44.4164015740977     0.813713663954758     0     -2     -6
44.4031385778651     0.814071792546417     0     -2     -6
44.3898756223776     0.814985837294623     0     -2     -6
44.376612708541     0.815576688476336     0     -2     -6
44.3633498372608     0.815353228693073     0     -2     -6
44.3500870094429     0.815179040426798     0     -2     -6
44.336824225993     0.815335572222886     0     -2     -6
44.3235614878167     0.814875468402921     0     -2     -6
44.3102987958199     0.813890081532881     0     -2     -6
44.2970361509082     0.813777320531677     0     -2     -6
44.2837735539876     0.815269203874203     0     -2     -6
44.2705110059638     0.815012855461288     0     -2     -6
44.2572485077426     0.813584886117356     0     -2     -6
44.2439860602298     0.815328404777713     0     -2     -6
44.2307236643314     0.815394954047428     0     -2     -6
44.2174613209532     0.814239421670533     0     -2     -6
44.2041990310011     0.814551237225395     0     -2     -6
44.190936795381     0.81769544464575     0     -2     -6
44.1776746149988     0.81679299579162     0     -2     -6
44.1644124907606     0.815517718556257     0     -2     -6
44.1511504235722     0.815844547291858     0     -2     -6
44.1378884143397     0.816905395327959     0     -2     -6
44.1246264639691     0.815588448149247     0     -2     -6
44.1113645733664     0.816135906766709     0     -2     -6
44.0981027434377     0.815962569848097     0     -2     -6
44.0848409750891     0.818878236327815     0     -2     -6
44.0715792692266     0.817164524337821     0     -2     -6
44.0583176267565     0.817604287265288     0     -2     -6
44.0450560485848     0.81699306645798     0     -2     -6
44.0317945356177     0.818148887092924     0     -2     -6
44.0185330887614     0.816842046866955     0     -2     -6
44.0052717089222     0.816935547851843     0     -2     -6
43.9920103970062     0.81907470385537     0     -2     -6
43.9787491539198     0.818731175742829     0     -2     -6
43.9654879805692     0.818088083915667     0     -2     -6
43.9522268778607     0.81848586758791     0     -2     -6
43.9389658467008     0.816721685657733     0     -2     -6
43.9257048879957     0.816707871159937     0     -2     -6
43.912444002652     0.815512839931475     0     -2     -6
43.8991831915758     0.815865034497739     0     -2     -6
43.8859224556739     0.817717173789233     0     -2     -6
43.8726617958525     0.816796459333193     0     -2     -6
43.8594012130182     0.815825655721353     0     -2     -6
43.8461407080776     0.816385912973085     0     -2     -6
43.8328802819372     0.816296947653744     0     -2     -6
43.8196199355036     0.815762975136275     0     -2     -6
43.8063596696833     0.815385596289728     0     -2     -6
43.7930994853832     0.817565175869358     0     -2     -6
43.7798393835097     0.816428309544501     0     -2     -6
43.7665793649697     0.816706130273469     0     -2     -6
43.7533194306699     0.816025601311098     0     -2     -6
43.7400595815169     0.815885042708136     0     -2     -6
43.7267998184177     0.815738262721854     0     -2     -6
43.7135401422791     0.814845675330026     0     -2     -6
43.7002805540078     0.814866050711094     0     -2     -6
43.6870210545109     0.816147766913718     0     -2     -6
43.6737616446951     0.815541045164206     0     -2     -6
43.6605023254675     0.815306399715598     0     -2     -6
43.6472430977351     0.816015683777462     0     -2     -6
43.6339839624049     0.815423917264637     0     -2     -6
43.6207249203839     0.814326275051858     0     -2     -6
43.6074659725792     0.813547991651324     0     -2     -6
43.5942071198979     0.815535153102652     0     -2     -6
43.5809483632472     0.815161343500853     0     -2     -6
43.5676897035343     0.813817069215914     0     -2     -6
43.5544311416664     0.814395654386925     0     -2     -6
43.5411726785508     0.814524080254663     0     -2     -6
43.5279143150947     0.814893140594111     0     -2     -6
43.5146560522055     0.813026948938553     0     -2     -6
43.5013978907905     0.815683780114247     0     -2     -6
43.4881398317573     0.814671089029987     0     -2     -6
43.4748818760131     0.813031509636672     0     -2     -6
43.4616240244654     0.814266534224323     0     -2     -6
43.4483662780219     0.814082134808828     0     -2     -6
43.43510863759     0.813977791081629     0     -2     -6
43.4218511040773     0.813573073756698     0     -2     -6
43.4085936783915     0.813489323475528     0     -2     -6
43.3953363614402     0.815730721707764     0     -2     -6
43.3820791541312     0.815683238644388     0     -2     -6
43.3688220573721     0.815239475477367     0     -2     -6
43.3555650720708     0.814632820699712     0     -2     -6
43.3423081991352     0.814846191863289     0     -2     -6
43.3290514394729     0.813754035742644     0     -2     -6
43.3157947939921     0.813432009832144     0     -2     -6
43.3025382636006     0.815048986135157     0     -2     -6
43.2892818492064     0.815193304133344     0     -2     -6
43.2760255517175     0.81307000753257     0     -2     -6
43.2627693720421     0.813681539488271     0     -2     -6
43.2495133110882     0.813954035070028     0     -2     -6
43.236257369764     0.814497459424592     0     -2     -6
43.2230015489777     0.813772686298902     0     -2     -6
43.2097458496376     0.815074080525097     0     -2     -6
43.1964902726519     0.814267426186928     0     -2     -6
43.183234818929     0.814804265940097     0     -2     -6
43.1699794893773     0.814891251796494     0     -2     -6
43.1567242849051     0.815124620914549     0     -2     -6
43.1434692064209     0.813927950283379     0     -2     -6
43.1302142548334     0.813640098088229     0     -2     -6
43.1169594310509     0.815263576862457     0     -2     -6
43.1037047359822     0.815542395056657     0     -2     -6
43.0904501705359     0.814444606151167     0     -2     -6
43.0771957356206     0.815346706252496     0     -2     -6
43.0639414321452     0.815333076455856     0     -2     -6
43.0506872610184     0.815501356711299     0     -2     -6
43.0374332231491     0.814276769058969     0     -2     -6
43.0241793194461     0.814653502162378     0     -2     -6
43.0109255508184     0.81628160968758     0     -2     -6
42.9976719181749     0.816010359959867     0     -2     -6
42.9844184224248     0.816276273203399     0     -2     -6
42.9711650644771     0.815506386679856     0     -2     -6
42.9579118452409     0.816180629393703     0     -2     -6
42.9446587656254     0.815280209107489     0     -2     -6
42.9314058265398     0.814215989699995     0     -2     -6
42.9181530288935     0.816596539331056     0     -2     -6
42.9049003735958     0.816729456327277     0     -2     -6
42.891647861556     0.816080265873741     0     -2     -6
42.8783954936836     0.81621084648666     0     -2     -6
42.865143270888     0.816590633328398     0     -2     -6
42.8518911940789     0.815841251644805     0     -2     -6
42.8386392641659     0.81511051017141     0     -2     -6
42.8253874820585     0.816364517961295     0     -2     -6
42.8121358486664     0.816098727960612     0     -2     -6
42.7988843648995     0.816756046314015     0     -2     -6
42.7856330316676     0.816222320516281     0     -2     -6
42.7723818498804     0.815393247035011     0     -2     -6
42.759130820448     0.816138947940678     0     -2     -6
42.7458799442802     0.815635538130015     0     -2     -6
42.7326292222872     0.816433355194911     0     -2     -6
42.719378655379     0.81640688870248     0     -2     -6
42.7061282444657     0.815673821066133     0     -2     -6
42.6928779904575     0.814654484386114     0     -2     -6
42.6796278942648     0.816257665856018     0     -2     -6
42.6663779567977     0.814683590166396     0     -2     -6
42.6531281789667     0.813026744906825     0     -2     -6
42.6398785616822     0.816090529548471     0     -2     -6
42.6266291058547     0.815973063149949     0     -2     -6
42.6133798123947     0.814235898909087     0     -2     -6
42.6001306822128     0.813832609895865     0     -2     -6
42.5868817162196     0.815034199673208     0     -2     -6
42.573632915326     0.814986141212025     0     -2     -6
42.5603842804426     0.812985532873145     0     -2     -6
42.5471358124802     0.813262674927589     0     -2     -6
42.5338875123499     0.814986780854446     0     -2     -6
42.5206393809625     0.815302349277356     0     -2     -6
42.5073914192291     0.813474448574309     0     -2     -6
42.4941436280607     0.814065440117872     0     -2     -6
42.4808960083686     0.814199473573331     0     -2     -6
42.4676485610637     0.813523238114523     0     -2     -6
42.4544012870576     0.811055813726181     0     -2     -6
42.4411541872613     0.813884895161163     0     -2     -6
42.4279072625865     0.812406504658325     0     -2     -6
42.4146605139445     0.813745590031868     0     -2     -6
42.4014139422467     0.814096672272521     0     -2     -6
42.3881675484049     0.813858448729312     0     -2     -6
42.3749213333306     0.813822194056526     0     -2     -6
42.3616752979356     0.814294748409221     0     -2     -6
42.3484294431316     0.814190967491452     0     -2     -6
42.3351837698304     0.813566955252086     0     -2     -6
42.3219382789441     0.813370068030504     0     -2     -6
42.3086929713844     0.814494288510939     0     -2     -6
42.2954478480635     0.812168134211     0     -2     -6
42.2822029098935     0.812495391902688     0     -2     -6
42.2689581577864     0.813147119572466     0     -2     -6
42.2557135926547     0.813646192624831     0     -2     -6
42.2424692154105     0.812490962791352     0     -2     -6
42.2292250269662     0.811827458043745     0     -2     -6
42.2159810282344     0.813372359918491     0     -2     -6
42.2027372201273     0.810729215039002     0     -2     -6
42.1894936035578     0.811085988034929     0     -2     -6
42.1762501794383     0.811894784174249     0     -2     -6
42.1630069486816     0.811993097631772     0     -2     -6
42.1497639122005     0.810614633841187     0     -2     -6
42.1365210709078     0.810440360711126     0     -2     -6
42.1232784257165     0.811588312792381     0     -2     -6
42.1100359775395     0.807835691401366     0     -2     -6
42.09679372729     0.80861979956731     0     -2     -6
42.083551675881     0.810041300995602     0     -2     -6
42.0703098242257     0.811127074025041     0     -2     -6
42.0570681732375     0.807254459214798     0     -2     -6
42.0438267238296     0.80909739082216     0     -2     -6
42.0305854769156     0.810494505407971     0     -2     -6
42.0173444334088     0.806789096948585     0     -2     -6
42.0041035942229     0.805036062701599     0     -2     -6
41.9908629602715     0.808624021628634     0     -2     -6
41.9776225324684     0.808530211330387     0     -2     -6
41.9643823117272     0.803476293506294     0     -2     -6
41.9511422989619     0.805508063570966     0     -2     -6
41.9379024950865     0.813568045459589     0     -2     -6
41.9246629010149     0.808174588904161     0     -2     -6
41.9114235176612     0.807803204657304     0     -2     -6
41.8981843459396     0.810313291370418     0     -2     -6
41.8849453867643     0.809623978480713     0     -2     -6
41.8717066410497     0.80350795423421     0     -2     -6
41.8584681097102     0.806241908769962     0     -2     -6
41.8452297936601     0.807125306533321     0     -2     -6
41.8319916938142     0.802254953099461     0     -2     -6
41.8187538110869     0.797855378148765     0     -2     -6
41.8055161463931     0.802904334578271     0     -2     -6
41.7922787006474     0.801987187632505     0     -2     -6
41.7790414747648     0.792270533958087     0     -2     -6
41.7658044696602     0.793813122985655     0     -2     -6
41.7525676862486     0.798651393672358     0     -2     -6
41.7393311254452     0.791700988081179     0     -2     -6
41.726094788165     0.783516992091614     0     -2     -6
41.7128586753234     0.786206594836453     0     -2     -6
41.6996227878358     0.790730242420272     0     -2     -6
41.6863871266174     0.780699525632249     0     -2     -6
41.673151692584     0.774401384314278     0     -2     -6
41.6599164866509     0.780938190177976     0     -2     -6
41.646681509734     0.784108979495141     0     -2     -6
41.6334467627489     0.77389602507193     0     -2     -6
41.6202122466115     0.77137929075167     0     -2     -6
41.6069779622377     0.779061347725323     0     -2     -6
41.5937439105435     0.783420448766989     0     -2     -6
41.580510092445     0.777097081842953     0     -2     -6
41.5672765088584     0.772008240490012     0     -2     -6
41.5540431606999     0.775310378774281     0     -2     -6
41.5408100488858     0.776187771758117     0     -2     -6
41.5275771743327     0.766066387787246     0     -2     -6
41.5143445379569     0.754204935829246     0     -2     -6
41.5011121406751     0.748733724116605     0     -2     -6
41.487879983404     0.741803570891571     0     -2     -6
41.4746480670603     0.722385656349835     0     -2     -6
41.4614163925608     0.692217426609214     0     -2     -6
41.4481849608227     0.670498244362845     0     -2     -6
41.4349537727627     0.649709676225788     0     -2     -6
41.4217228292982     0.616217399940653     0     -2     -6
41.4084921313462     0.571722950574964     0     -2     -6
41.395261679824     0.539430756349755     0     -2     -6
41.3820314756491     0.509222171406338     0     -2     -6
41.368801519739     0.473015829350298     0     -2     -6
41.3555718130111     0.439172387702821     0     -2     -6
41.3423423563831     0.415083767299516     0     -2     -6
41.3291131507728     0.387163859789018     0     -2     -6
41.315884197098     0.359657532635663     0     -2     -6
41.3026554962766     0.345192172836152     0     -2     -6
41.2894270492266     0.343122869612459     0     -2     -6
41.2761988568661     0.327691165301059     0     -2     -6
41.2629709201134     0.308322707092853     0     -2     -6
41.2497432398867     0.31113433517398     0     -2     -6
41.2365158171043     0.329985289295547     0     -2     -6
41.2232886526848     0.325454390413472     0     -2     -6
41.2100617475467     0.310582636634785     0     -2     -6
41.1968351026086     0.32428022066561     0     -2     -6
41.1836087187894     0.349703328726876     0     -2     -6
41.1703825970079     0.349151160750017     0     -2     -6
41.1571567381829     0.334461058092809     0     -2     -6
41.1439311432336     0.353600336290138     0     -2     -6
41.130705813079     0.384229763580525     0     -2     -6
41.1174807486384     0.379886474947617     0     -2     -6
41.1042559508312     0.368645250796641     0     -2     -6
41.0910314205766     0.389515970403548     0     -2     -6
41.0778071587943     0.413244726394349     0     -2     -6
41.0645831664038     0.409419306364074     0     -2     -6
41.0513594443248     0.402595669241806     0     -2     -6
41.0381359934772     0.422316165125031     0     -2     -6
41.0249128147808     0.44067592561252     0     -2     -6
41.0116899091557     0.4323020354508     0     -2     -6
40.9984672775219     0.425917186656235     0     -2     -6
40.9852449207996     0.444052105449315     0     -2     -6
40.9720228399091     0.457015234076263     0     -2     -6
40.9588010357708     0.446240106752536     0     -2     -6
40.9455795093053     0.442125407112949     0     -2     -6
40.932358261433     0.461494574490185     0     -2     -6
40.9191372930747     0.464631417518145     0     -2     -6
40.9059166051511     0.45035907209951     0     -2     -6
40.8926961985833     0.452836899814056     0     -2     -6
40.8794760742921     0.469394968765952     0     -2     -6
40.8662562331986     0.464075383677696     0     -2     -6
40.8530366762241     0.451649181425282     0     -2     -6
40.8398174042898     0.458220395756813     0     -2     -6
40.8265984183172     0.466934617973795     0     -2     -6
40.8133797192277     0.454999234611117     0     -2     -6
40.800161307943     0.447450518211508     0     -2     -6
40.7869431853848     0.458830520843575     0     -2     -6
40.7737253524748     0.456231696740041     0     -2     -6
40.7605078101351     0.441621409348919     0     -2     -6
40.7472905592876     0.442178735285655     0     -2     -6
40.7340736008544     0.449544851983277     0     -2     -6
40.7208569357578     0.438611575336362     0     -2     -6
40.7076405649202     0.426666216880682     0     -2     -6
40.6944244892639     0.432214749325922     0     -2     -6
40.6812087097115     0.433341913189382     0     -2     -6
40.6679932271857     0.417321059876973     0     -2     -6
40.6547780426093     0.411098256235588     0     -2     -6
40.6415631569051     0.415856268557523     0     -2     -6
40.628348570996     0.410996178921592     0     -2     -6
40.6151342858053     0.395482090141961     0     -2     -6
40.601920302256     0.391654574361706     0     -2     -6
40.5887066212714     0.393819806651319     0     -2     -6
40.5754932437751     0.383161988737383     0     -2     -6
40.5622801706905     0.369812612815082     0     -2     -6
40.5490674029412     0.369510256970972     0     -2     -6
40.5358549414509     0.366775897443068     0     -2     -6
40.5226427871436     0.354453522435033     0     -2     -6
40.5094309409432     0.34296614786669     0     -2     -6
40.4962194037737     0.342251000724508     0     -2     -6
40.4830081765594     0.33457550827833     0     -2     -6
40.4697972602245     0.321781079187102     0     -2     -6
40.4565866556934     0.314410436114666     0     -2     -6
40.4433763638906     0.312775676674489     0     -2     -6
40.4301663857409     0.302461953634663     0     -2     -6
40.4169567221688     0.290810798897137     0     -2     -6
40.4037473740993     0.283168577270412     0     -2     -6
40.3905383424574     0.279864662183772     0     -2     -6
40.3773296281681     0.272061105731614     0     -2     -6
40.3641212321566     0.261486419285654     0     -2     -6
