44.9867361074297     0.872070849368948     0     4     -4
44.9734722157648     0.872039126455505     0     4     -4
44.9602083259105     0.87205913338657     0     4     -4
44.9469444387722     0.872066551387325     0     4     -4
44.9336805552553     0.872038777971022     0     4     -4
44.9204166762651     0.871964851508408     0     4     -4
44.9071528027069     0.8720535207842     0     4     -4
44.8938889354862     0.872081646278219     0     4     -4
44.8806250755081     0.872039066502051     0     4     -4
44.8673612236781     0.87205109331855     0     4     -4
44.8540973809016     0.872111392977597     0     4     -4
44.8408335480838     0.871947340648378     0     4     -4
44.8275697261302     0.871867269248995     0     4     -4
44.8143059159461     0.871963881680543     0     4     -4
44.8010421184369     0.871827349210218     0     4     -4
44.7877783345079     0.87191885590808     0     4     -4
44.7745145650645     0.871812080011561     0     4     -4
44.7612508110122     0.871812230808796     0     4     -4
44.7479870732562     0.871826847021649     0     4     -4
44.7347233527021     0.872237902726035     0     4     -4
44.7214596502551     0.870903049950914     0     4     -4
44.7081959668207     0.872801518382008     0     4     -4
44.6949323033044     0.872592186784858     0     4     -4
44.6816686606115     0.872337363963463     0     4     -4
44.6684050396474     0.872220064899695     0     4     -4
44.6551414413176     0.872267535319466     0     4     -4
44.6418778665275     0.872450523257193     0     4     -4
44.6286143161827     0.871424439615695     0     4     -4
44.6153507911885     0.871654346782548     0     4     -4
44.6020872924504     0.871419258208766     0     4     -4
44.5888238208739     0.871451943521662     0     4     -4
44.5755603773645     0.871361759029149     0     4     -4
44.5622969628277     0.871418044793492     0     4     -4
44.549033578169     0.871276062737796     0     4     -4
44.5357702242939     0.87136479552068     0     4     -4
44.522506902108     0.871167390143838     0     4     -4
44.5092436125167     0.871349471436076     0     4     -4
44.4959803564257     0.87198863785341     0     4     -4
44.4827171347406     0.870844727442512     0     4     -4
44.4694539483668     0.86962014249907     0     4     -4
44.45619079821     0.871304264687123     0     4     -4
44.4429276851758     0.871011206428894     0     4     -4
44.4296646101698     0.870979906292738     0     4     -4
44.4164015740977     0.870853225515985     0     4     -4
44.4031385778651     0.868994185570934     0     4     -4
44.3898756223776     0.868822677933808     0     4     -4
44.376612708541     0.868880015259594     0     4     -4
44.3633498372608     0.868872179552207     0     4     -4
44.3500870094429     0.868811915538596     0     4     -4
44.336824225993     0.8686238588522     0     4     -4
44.3235614878167     0.86868204955123     0     4     -4
44.3102987958199     0.868581371958388     0     4     -4
44.2970361509082     0.868664718436207     0     4     -4
44.2837735539876     0.868557137535138     0     4     -4
44.2705110059638     0.868637812279459     0     4     -4
44.2572485077426     0.868434337673486     0     4     -4
44.2439860602298     0.868674801506805     0     4     -4
44.2307236643314     0.868467920019501     0     4     -4
44.2174613209532     0.868584859970855     0     4     -4
44.2041990310011     0.868346367148962     0     4     -4
44.190936795381     0.868460497159206     0     4     -4
44.1776746149988     0.868308681605862     0     4     -4
44.1644124907606     0.868558691759961     0     4     -4
44.1511504235722     0.86820020189727     0     4     -4
44.1378884143397     0.868388254704247     0     4     -4
44.1246264639691     0.868245196134375     0     4     -4
44.1113645733664     0.868505494025143     0     4     -4
44.0981027434377     0.868311349734268     0     4     -4
44.0848409750891     0.868364450081007     0     4     -4
44.0715792692266     0.868194503137125     0     4     -4
44.0583176267565     0.868377010937247     0     4     -4
44.0450560485848     0.868196500024317     0     4     -4
44.0317945356177     0.868212329364806     0     4     -4
44.0185330887614     0.868184142741614     0     4     -4
44.0052717089222     0.868104234852907     0     4     -4
43.9920103970062     0.868115104126277     0     4     -4
43.9787491539198     0.867825005962556     0     4     -4
43.9654879805692     0.867995693225992     0     4     -4
43.9522268778607     0.867884163581044     0     4     -4
43.9389658467008     0.868013775428035     0     4     -4
43.9257048879957     0.867856804088725     0     4     -4
43.912444002652     0.867858466226126     0     4     -4
43.8991831915758     0.867825818036494     0     4     -4
43.8859224556739     0.867792613176841     0     4     -4
43.8726617958525     0.867834658179815     0     4     -4
43.8594012130182     0.867666080382411     0     4     -4
43.8461407080776     0.86791243235241     0     4     -4
43.8328802819372     0.867651898371497     0     4     -4
43.8196199355036     0.867798247095579     0     4     -4
43.8063596696833     0.867767630506062     0     4     -4
43.7930994853832     0.867709666894957     0     4     -4
43.7798393835097     0.867733529269263     0     4     -4
43.7665793649697     0.86752553230565     0     4     -4
43.7533194306699     0.86773005157627     0     4     -4
43.7400595815169     0.867489715349417     0     4     -4
43.7267998184177     0.867516911024386     0     4     -4
43.7135401422791     0.867413595314299     0     4     -4
43.7002805540078     0.867073089158796     0     4     -4
43.6870210545109     0.867176181638861     0     4     -4
43.6737616446951     0.867092205161556     0     4     -4
43.6605023254675     0.866865495271979     0     4     -4
43.6472430977351     0.866946321389238     0     4     -4
43.6339839624049     0.866742102163206     0     4     -4
43.6207249203839     0.866679889267787     0     4     -4
43.6074659725792     0.866750779124121     0     4     -4
43.5942071198979     0.866411280767644     0     4     -4
43.5809483632472     0.866544506802291     0     4     -4
43.5676897035343     0.866361993839843     0     4     -4
43.5544311416664     0.866090746323349     0     4     -4
43.5411726785508     0.866272682753432     0     4     -4
43.5279143150947     0.866078243440205     0     4     -4
43.5146560522055     0.86595888494308     0     4     -4
43.5013978907905     0.86597535807656     0     4     -4
43.4881398317573     0.86567027108046     0     4     -4
43.4748818760131     0.865730520965553     0     4     -4
43.4616240244654     0.86558142643173     0     4     -4
43.4483662780219     0.865378181995135     0     4     -4
43.43510863759     0.865506960417172     0     4     -4
43.4218511040773     0.865099704928067     0     4     -4
43.4085936783915     0.86501359745795     0     4     -4
43.3953363614402     0.864915636268915     0     4     -4
43.3820791541312     0.864422072164567     0     4     -4
43.3688220573721     0.864564605080634     0     4     -4
43.3555650720708     0.864310284603528     0     4     -4
43.3423081991352     0.864128064137203     0     4     -4
43.3290514394729     0.86402453681431     0     4     -4
43.3157947939921     0.863577757884579     0     4     -4
43.3025382636006     0.863531465490397     0     4     -4
43.2892818492064     0.863214305137594     0     4     -4
43.2760255517175     0.862930872415035     0     4     -4
43.2627693720421     0.862765873093737     0     4     -4
43.2495133110882     0.862375550466007     0     4     -4
43.236257369764     0.862170737696527     0     4     -4
43.2230015489777     0.861593513311636     0     4     -4
43.2097458496376     0.861488572927803     0     4     -4
43.1964902726519     0.860907744678949     0     4     -4
43.183234818929     0.860737108340472     0     4     -4
43.1699794893773     0.860169380711561     0     4     -4
43.1567242849051     0.859822908599083     0     4     -4
43.1434692064209     0.859249795616796     0     4     -4
43.1302142548334     0.858803989801193     0     4     -4
43.1169594310509     0.8581366678749     0     4     -4
43.1037047359822     0.857439663807854     0     4     -4
43.0904501705359     0.856915798687227     0     4     -4
43.0771957356206     0.856038255764754     0     4     -4
43.0639414321452     0.855353901628653     0     4     -4
43.0506872610184     0.854445382037505     0     4     -4
43.0374332231491     0.853456451952012     0     4     -4
43.0241793194461     0.852075588113498     0     4     -4
43.0109255508184     0.851183525204926     0     4     -4
42.9976719181749     0.84970823633941     0     4     -4
42.9844184224248     0.84838517360989     0     4     -4
42.9711650644771     0.846676518392566     0     4     -4
42.9579118452409     0.845004895015834     0     4     -4
42.9446587656254     0.842836910995982     0     4     -4
42.9314058265398     0.840754221308788     0     4     -4
42.9181530288935     0.838061005659674     0     4     -4
42.9049003735958     0.835221403822802     0     4     -4
42.891647861556     0.831540084155059     0     4     -4
42.8783954936836     0.827927525480982     0     4     -4
42.865143270888     0.822953202383706     0     4     -4
42.8518911940789     0.817983118081784     0     4     -4
42.8386392641659     0.811537596120695     0     4     -4
42.8253874820585     0.804375770366466     0     4     -4
42.8121358486664     0.795495539784921     0     4     -4
42.7988843648995     0.785062047948738     0     4     -4
42.7856330316676     0.778911352600863     0     4     -4
42.7723818498804     0.763528130903537     0     4     -4
42.759130820448     0.744429660096543     0     4     -4
42.7458799442802     0.722275356740028     0     4     -4
42.7326292222872     0.693256326005927     0     4     -4
42.719378655379     0.659618151949538     0     4     -4
42.7061282444657     0.616399709964312     0     4     -4
42.6928779904575     0.563244973836001     0     4     -4
42.6796278942648     0.50063284812438     0     4     -4
42.6663779567977     0.429775507418424     0     4     -4
42.6531281789667     0.354897014728274     0     4     -4
42.6398785616822     0.2905416091501     0     4     -4
42.6266291058547     0.240521836620296     0     4     -4
42.6133798123947     0.220843573779392     0     4     -4
42.6001306822128     0.233754280943048     0     4     -4
42.5868817162196     0.27692297933888     0     4     -4
42.573632915326     0.335766681679737     0     4     -4
42.5603842804426     0.400695460102512     0     4     -4
42.5471358124802     0.467677354502408     0     4     -4
42.5338875123499     0.525084593306183     0     4     -4
42.5206393809625     0.577341260394003     0     4     -4
42.5073914192291     0.616636755590174     0     4     -4
42.4941436280607     0.652656924932654     0     4     -4
42.4808960083686     0.681786144311915     0     4     -4
42.4676485610637     0.704935272699899     0     4     -4
42.4544012870576     0.724754598390024     0     4     -4
42.4411541872613     0.742267882033839     0     4     -4
42.4279072625865     0.756468624385218     0     4     -4
42.4146605139445     0.768854401532276     0     4     -4
42.4014139422467     0.779236985009282     0     4     -4
42.3881675484049     0.788403132440358     0     4     -4
42.3749213333306     0.795651014283184     0     4     -4
42.3616752979356     0.802548595868653     0     4     -4
42.3484294431316     0.808060649926528     0     4     -4
42.3351837698304     0.81323138073456     0     4     -4
42.3219382789441     0.817609570164207     0     4     -4
42.3086929713844     0.821593443730223     0     4     -4
42.2954478480635     0.824821878774455     0     4     -4
42.2822029098935     0.827967386074614     0     4     -4
42.2689581577864     0.830436242083307     0     4     -4
42.2557135926547     0.832955035858554     0     4     -4
42.2424692154105     0.834945530585869     0     4     -4
42.2292250269662     0.836912384882249     0     4     -4
42.2159810282344     0.83859849164016     0     4     -4
42.2027372201273     0.840148623233146     0     4     -4
42.1894936035578     0.841585068433243     0     4     -4
42.1762501794383     0.842912247160651     0     4     -4
42.1630069486816     0.844059275531957     0     4     -4
42.1497639122005     0.84520775216303     0     4     -4
42.1365210709078     0.846179630885587     0     4     -4
42.1232784257165     0.846993899125629     0     4     -4
42.1100359775395     0.847877297474438     0     4     -4
42.09679372729     0.848693820475564     0     4     -4
42.083551675881     0.849238481684896     0     4     -4
42.0703098242257     0.849892188278938     0     4     -4
42.0570681732375     0.850448172428523     0     4     -4
42.0438267238296     0.850933501150889     0     4     -4
42.0305854769156     0.851519871406656     0     4     -4
42.0173444334088     0.851863454792821     0     4     -4
42.0041035942229     0.852316078972768     0     4     -4
41.9908629602715     0.852631175363412     0     4     -4
41.9776225324684     0.852936639774178     0     4     -4
41.9643823117272     0.853317027595463     0     4     -4
41.9511422989619     0.85348565151712     0     4     -4
41.9379024950865     0.853696100276287     0     4     -4
41.9246629010149     0.853987797368306     0     4     -4
41.9114235176612     0.854165380936837     0     4     -4
41.8981843459396     0.854412300459079     0     4     -4
41.8849453867643     0.854436727443958     0     4     -4
41.8717066410497     0.854681208184088     0     4     -4
41.8584681097102     0.854746715804687     0     4     -4
41.8452297936601     0.854838387821475     0     4     -4
41.8319916938142     0.854945479214417     0     4     -4
41.8187538110869     0.855013830284119     0     4     -4
41.8055161463931     0.855118704368594     0     4     -4
41.7922787006474     0.855038831411075     0     4     -4
41.7790414747648     0.855143345914539     0     4     -4
41.7658044696602     0.855034853425475     0     4     -4
41.7525676862486     0.855189209577476     0     4     -4
41.7393311254452     0.855229524224769     0     4     -4
41.726094788165     0.855259172754798     0     4     -4
41.7128586753234     0.855061191996635     0     4     -4
41.6996227878358     0.855069637188756     0     4     -4
41.6863871266174     0.855025834022323     0     4     -4
41.673151692584     0.854828935158863     0     4     -4
41.6599164866509     0.854922567104174     0     4     -4
41.646681509734     0.854744159492981     0     4     -4
41.6334467627489     0.854833907757759     0     4     -4
41.6202122466115     0.854673858675709     0     4     -4
41.6069779622377     0.854492750864645     0     4     -4
41.5937439105435     0.854320500262186     0     4     -4
41.580510092445     0.854215787478337     0     4     -4
41.5672765088584     0.854098394804618     0     4     -4
41.5540431606999     0.854023470261379     0     4     -4
41.5408100488858     0.853834367715724     0     4     -4
41.5275771743327     0.853680964184751     0     4     -4
41.5143445379569     0.853404133417165     0     4     -4
41.5011121406751     0.853349388092365     0     4     -4
41.487879983404     0.853155846138651     0     4     -4
41.4746480670603     0.852875512701465     0     4     -4
41.4614163925608     0.852869923704406     0     4     -4
41.4481849608227     0.852645558086162     0     4     -4
41.4349537727627     0.852384669771085     0     4     -4
41.4217228292982     0.852261990587493     0     4     -4
41.4084921313462     0.852022532291582     0     4     -4
41.395261679824     0.851882584036079     0     4     -4
41.3820314756491     0.851734005902953     0     4     -4
41.368801519739     0.851455277444001     0     4     -4
41.3555718130111     0.851120444879108     0     4     -4
41.3423423563831     0.850967237374582     0     4     -4
41.3291131507728     0.8506217997311     0     4     -4
41.315884197098     0.850561705836856     0     4     -4
41.3026554962766     0.850221390302247     0     4     -4
41.2894270492266     0.850144517589674     0     4     -4
41.2761988568661     0.849688540048169     0     4     -4
41.2629709201134     0.84961008783046     0     4     -4
41.2497432398867     0.849260813574939     0     4     -4
41.2365158171043     0.849069254101365     0     4     -4
41.2232886526848     0.848877817452983     0     4     -4
41.2100617475467     0.84847381608592     0     4     -4
41.1968351026086     0.848311050389934     0     4     -4
41.1836087187894     0.848035559722155     0     4     -4
41.1703825970079     0.8478118521201     0     4     -4
41.1571567381829     0.847521297995651     0     4     -4
41.1439311432336     0.847247625019897     0     4     -4
41.130705813079     0.84704955870881     0     4     -4
41.1174807486384     0.846696719685608     0     4     -4
41.1042559508312     0.846371503480875     0     4     -4
41.0910314205766     0.846280591299607     0     4     -4
41.0778071587943     0.84575638490093     0     4     -4
41.0645831664038     0.845588815461494     0     4     -4
41.0513594443248     0.845423275340689     0     4     -4
41.0381359934772     0.845103379848472     0     4     -4
41.0249128147808     0.844725342699943     0     4     -4
41.0116899091557     0.844520965263369     0     4     -4
40.9984672775219     0.844226021811766     0     4     -4
40.9852449207996     0.843914214288512     0     4     -4
40.9720228399091     0.843772950246911     0     4     -4
40.9588010357708     0.8433659996135     0     4     -4
40.9455795093053     0.84309477807749     0     4     -4
40.932358261433     0.842652868047503     0     4     -4
40.9191372930747     0.842331874426186     0     4     -4
40.9059166051511     0.842126043279746     0     4     -4
40.8926961985833     0.841784924243283     0     4     -4
40.8794760742921     0.841585777329359     0     4     -4
40.8662562331986     0.841169556695215     0     4     -4
40.8530366762241     0.840895568394329     0     4     -4
40.8398174042898     0.84053204812694     0     4     -4
40.8265984183172     0.840204277734814     0     4     -4
40.8133797192277     0.839933461497966     0     4     -4
40.800161307943     0.839542159639899     0     4     -4
40.7869431853848     0.839241913228187     0     4     -4
40.7737253524748     0.838792535117935     0     4     -4
40.7605078101351     0.838417473845163     0     4     -4
40.7472905592876     0.838026706695452     0     4     -4
40.7340736008544     0.837573308444813     0     4     -4
40.7208569357578     0.837136166704686     0     4     -4
40.7076405649202     0.83676050383738     0     4     -4
40.6944244892639     0.836389553456901     0     4     -4
40.6812087097115     0.836025419904926     0     4     -4
40.6679932271857     0.835433016806893     0     4     -4
40.6547780426093     0.835005755055782     0     4     -4
40.6415631569051     0.834524110483452     0     4     -4
40.628348570996     0.834035153500777     0     4     -4
40.6151342858053     0.833557921774081     0     4     -4
40.601920302256     0.833129943012093     0     4     -4
40.5887066212714     0.832627770011646     0     4     -4
40.5754932437751     0.832052973102587     0     4     -4
40.5622801706905     0.831597335058604     0     4     -4
40.5490674029412     0.830996943155102     0     4     -4
40.5358549414509     0.830433768995291     0     4     -4
40.5226427871436     0.829805825038212     0     4     -4
40.5094309409432     0.829349052710144     0     4     -4
40.4962194037737     0.828762971124453     0     4     -4
40.4830081765594     0.828170136157649     0     4     -4
40.4697972602245     0.827657670734677     0     4     -4
40.4565866556934     0.827114805612299     0     4     -4
40.4433763638906     0.826423037707253     0     4     -4
40.4301663857409     0.825867888074341     0     4     -4
40.4169567221688     0.825334622001687     0     4     -4
40.4037473740993     0.82488802487348     0     4     -4
40.3905383424574     0.824101340685174     0     4     -4
40.3773296281681     0.823484724526672     0     4     -4
40.3641212321566     0.82291151936717     0     4     -4
