40.3773296281681     0.0887844987316526     0     0     10
40.3905383424574     0.0892527271007784     0     0     10
40.4037473740993     0.0890219262219171     0     0     10
40.4169567221688     0.0890041945325092     0     0     10
40.4301663857409     0.0891712837654007     0     0     10
40.4433763638906     0.089147297762965     0     0     10
40.4565866556934     0.0892226747632238     0     0     10
40.4697972602245     0.0890195171090347     0     0     10
40.4830081765594     0.0895107091676412     0     0     10
40.4962194037737     0.0888873476818487     0     0     10
40.5094309409432     0.0887284469362525     0     0     10
40.5226427871436     0.0888363348845672     0     0     10
40.5358549414509     0.0888062460396413     0     0     10
40.5490674029412     0.0886961648613904     0     0     10
40.5622801706905     0.0886451333962924     0     0     10
40.5754932437751     0.088859009522354     0     0     10
40.5887066212714     0.0885687820501544     0     0     10
40.601920302256     0.0885249371996725     0     0     10
40.6151342858053     0.088446511378768     0     0     10
40.628348570996     0.0881852227915594     0     0     10
40.6415631569051     0.088432404370721     0     0     10
40.6547780426093     0.0880510315102026     0     0     10
40.6679932271857     0.0886535156253425     0     0     10
40.6812087097115     0.0888514804078404     0     0     10
40.6944244892639     0.0885593931560526     0     0     10
40.7076405649202     0.0886471823800874     0     0     10
40.7208569357578     0.0885815181831385     0     0     10
40.7340736008544     0.0883888984379237     0     0     10
40.7472905592876     0.0882779374265402     0     0     10
40.7605078101351     0.088477660302823     0     0     10
40.7737253524748     0.087866140764264     0     0     10
40.7869431853848     0.0876485881460058     0     0     10
40.800161307943     0.0874974158818973     0     0     10
40.8133797192277     0.0880807027098979     0     0     10
40.8265984183172     0.0880454405948859     0     0     10
40.8398174042898     0.0883024975048435     0     0     10
40.8530366762241     0.0879338536973324     0     0     10
40.8662562331986     0.087985153192943     0     0     10
40.8794760742921     0.0879093550819273     0     0     10
40.8926961985833     0.0877602546063908     0     0     10
40.9059166051511     0.0879794581298836     0     0     10
40.9191372930747     0.0876016289891703     0     0     10
40.932358261433     0.0876088779541896     0     0     10
40.9455795093053     0.0877248792720799     0     0     10
40.9588010357708     0.0876377604636834     0     0     10
40.9720228399091     0.0880926783224759     0     0     10
40.9852449207996     0.0872254685408579     0     0     10
40.9984672775219     0.0872735908548796     0     0     10
41.0116899091557     0.0874550232363974     0     0     10
41.0249128147808     0.0873040371149793     0     0     10
41.0381359934772     0.0870140188762523     0     0     10
41.0513594443248     0.0866432746384873     0     0     10
41.0645831664038     0.087306680562633     0     0     10
41.0778071587943     0.0871158754735007     0     0     10
41.0910314205766     0.0872038986943401     0     0     10
41.1042559508312     0.0868036679074038     0     0     10
41.1174807486384     0.08703074267909     0     0     10
41.130705813079     0.0867094882645238     0     0     10
41.1439311432336     0.0866763156758027     0     0     10
41.1571567381829     0.0865570063945559     0     0     10
41.1703825970079     0.0872238402072624     0     0     10
41.1836087187894     0.0863110571711471     0     0     10
41.1968351026086     0.0867474491090556     0     0     10
41.2100617475467     0.086792348449692     0     0     10
41.2232886526848     0.0869516543688704     0     0     10
41.2365158171043     0.0868273837369252     0     0     10
41.2497432398867     0.0870905611437194     0     0     10
41.2629709201134     0.086872834094857     0     0     10
41.2761988568661     0.0859793967531914     0     0     10
41.2894270492266     0.0862208566581908     0     0     10
41.3026554962766     0.0866547590234294     0     0     10
41.315884197098     0.0861216897523248     0     0     10
41.3291131507728     0.0858977589219023     0     0     10
41.3423423563831     0.0866600329765713     0     0     10
41.3555718130111     0.0864242669793615     0     0     10
41.368801519739     0.0859022280455382     0     0     10
41.3820314756491     0.0862204707803867     0     0     10
41.395261679824     0.085797892246883     0     0     10
41.4084921313462     0.0862690212129066     0     0     10
41.4217228292982     0.0859500292913889     0     0     10
41.4349537727627     0.0856035235790383     0     0     10
41.4481849608227     0.0857096213230687     0     0     10
41.4614163925608     0.0854944634348208     0     0     10
41.4746480670603     0.0851690301437527     0     0     10
41.487879983404     0.0855550921989161     0     0     10
41.5011121406751     0.08543181680235     0     0     10
41.5143445379569     0.0857869856998341     0     0     10
41.5275771743327     0.0856510840716887     0     0     10
41.5408100488858     0.0860387926483186     0     0     10
41.5540431606999     0.0858126227075792     0     0     10
41.5672765088584     0.0854847565482695     0     0     10
41.580510092445     0.0856219691051038     0     0     10
41.5937439105435     0.0853700102470291     0     0     10
41.6069779622377     0.0855213161585772     0     0     10
41.6202122466115     0.0856405542646702     0     0     10
41.6334467627489     0.0851855951250715     0     0     10
41.646681509734     0.0854011545637824     0     0     10
41.6599164866509     0.0855780325282985     0     0     10
41.673151692584     0.0854654063231382     0     0     10
41.6863871266174     0.0854657792494908     0     0     10
41.6996227878358     0.0854229015144419     0     0     10
41.7128586753234     0.0853758023393654     0     0     10
41.726094788165     0.0850600449432139     0     0     10
41.7393311254452     0.0853394398166021     0     0     10
41.7525676862486     0.0852958645308547     0     0     10
41.7658044696602     0.0847782787252216     0     0     10
41.7790414747648     0.0848541865668944     0     0     10
41.7922787006474     0.0846433286356743     0     0     10
41.8055161463931     0.0846714828551753     0     0     10
41.8187538110869     0.0848815735591418     0     0     10
41.8319916938142     0.0840236920551831     0     0     10
41.8452297936601     0.0836644673244595     0     0     10
41.8584681097102     0.0834752958461711     0     0     10
41.8717066410497     0.0841569725025149     0     0     10
41.8849453867643     0.084176844080207     0     0     10
41.8981843459396     0.0844033539620621     0     0     10
41.9114235176612     0.0845540114833922     0     0     10
41.9246629010149     0.0844054399986387     0     0     10
41.9379024950865     0.0838953247532579     0     0     10
41.9511422989619     0.0837420184829851     0     0     10
41.9643823117272     0.084344718461075     0     0     10
41.9776225324684     0.0840011347308208     0     0     10
41.9908629602715     0.084624236887857     0     0     10
42.0041035942229     0.0844394891347032     0     0     10
42.0173444334088     0.0843556777474988     0     0     10
42.0305854769156     0.0838576530529975     0     0     10
42.0438267238296     0.0840439909520585     0     0     10
42.0570681732375     0.0844598582148487     0     0     10
42.0703098242257     0.0844441518142463     0     0     10
42.083551675881     0.0834377621179736     0     0     10
42.09679372729     0.0838165999873673     0     0     10
42.1100359775395     0.0835735764342456     0     0     10
42.1232784257165     0.084076735165861     0     0     10
42.1365210709078     0.0840791968666774     0     0     10
42.1497639122005     0.0839323000950704     0     0     10
42.1630069486816     0.0839723419540323     0     0     10
42.1762501794383     0.0835297787997872     0     0     10
42.1894936035578     0.0835097100031438     0     0     10
42.2027372201273     0.0834362053197379     0     0     10
42.2159810282344     0.083272278425108     0     0     10
42.2292250269662     0.0831252504520306     0     0     10
42.2424692154105     0.0830524521121387     0     0     10
42.2557135926547     0.0826042996271874     0     0     10
42.2689581577864     0.0824485311039063     0     0     10
42.2822029098935     0.0828159363468335     0     0     10
42.2954478480635     0.0831213808626385     0     0     10
42.3086929713844     0.0833889875917956     0     0     10
42.3219382789441     0.0833105745848406     0     0     10
42.3351837698304     0.0830137856625256     0     0     10
42.3484294431316     0.0829713431841346     0     0     10
42.3616752979356     0.0831698136386182     0     0     10
42.3749213333306     0.0830512570624004     0     0     10
42.3881675484049     0.0830226101913375     0     0     10
42.4014139422467     0.0825305279470642     0     0     10
42.4146605139445     0.0822799647597486     0     0     10
42.4279072625865     0.0827596232088937     0     0     10
42.4411541872613     0.0825328869671297     0     0     10
42.4544012870576     0.0826317977184168     0     0     10
42.4676485610637     0.0821746789535109     0     0     10
42.4808960083686     0.0826574948234108     0     0     10
42.4941436280607     0.0828823903346757     0     0     10
42.5073914192291     0.0828302591497015     0     0     10
42.5206393809625     0.0821782195729711     0     0     10
42.5338875123499     0.0827789754175805     0     0     10
42.5471358124802     0.0823322447349869     0     0     10
42.5603842804426     0.0827333663749023     0     0     10
42.573632915326     0.0822742270727214     0     0     10
42.5868817162196     0.0821866416904428     0     0     10
42.6001306822128     0.0817809808460377     0     0     10
42.6133798123947     0.0821697552087156     0     0     10
42.6266291058547     0.0820099558486866     0     0     10
42.6398785616822     0.0818389336132312     0     0     10
42.6531281789667     0.0820787162072039     0     0     10
42.6663779567977     0.0818637997881594     0     0     10
42.6796278942648     0.0814296109785317     0     0     10
42.6928779904575     0.0817023277714094     0     0     10
42.7061282444657     0.0811504327349159     0     0     10
42.719378655379     0.0814642272357378     0     0     10
42.7326292222872     0.0814514465859649     0     0     10
42.7458799442802     0.0815814577029421     0     0     10
42.759130820448     0.0812736129490988     0     0     10
42.7723818498804     0.0817743565626872     0     0     10
42.7856330316676     0.0812860383116235     0     0     10
42.7988843648995     0.0815186583459054     0     0     10
42.8121358486664     0.081545147597185     0     0     10
42.8253874820585     0.0817197044517411     0     0     10
42.8386392641659     0.0812361959224788     0     0     10
42.8518911940789     0.081114132186315     0     0     10
42.865143270888     0.0812090396333868     0     0     10
42.8783954936836     0.0813139768992145     0     0     10
42.891647861556     0.0814579476374356     0     0     10
42.9049003735958     0.0812541744246287     0     0     10
42.9181530288935     0.0814626154560549     0     0     10
42.9314058265398     0.0811444790882735     0     0     10
42.9446587656254     0.081475503692492     0     0     10
42.9579118452409     0.0812977592869524     0     0     10
42.9711650644771     0.0808146941302025     0     0     10
42.9844184224248     0.0811708116166937     0     0     10
42.9976719181749     0.0807694943560672     0     0     10
43.0109255508184     0.0806463908206995     0     0     10
43.0241793194461     0.0802646507869245     0     0     10
43.0374332231491     0.0802380186815951     0     0     10
43.0506872610184     0.0810200199816946     0     0     10
43.0639414321452     0.0806104589581369     0     0     10
43.0771957356206     0.0803991104033729     0     0     10
43.0904501705359     0.0805308385253902     0     0     10
43.1037047359822     0.0805819808226734     0     0     10
43.1169594310509     0.0806052085453955     0     0     10
43.1302142548334     0.0806207165042063     0     0     10
43.1434692064209     0.0800015574206336     0     0     10
43.1567242849051     0.0802052993891969     0     0     10
43.1699794893773     0.0799381580925413     0     0     10
43.183234818929     0.0804178855134132     0     0     10
43.1964902726519     0.0799808719551115     0     0     10
43.2097458496376     0.0803858126318765     0     0     10
43.2230015489777     0.0799663530865812     0     0     10
43.236257369764     0.079850519577584     0     0     10
43.2495133110882     0.0799695941469409     0     0     10
43.2627693720421     0.0800314714130915     0     0     10
43.2760255517175     0.0798118556724948     0     0     10
43.2892818492064     0.0798344475057714     0     0     10
43.3025382636006     0.0797670464897094     0     0     10
43.3157947939921     0.0799111528276796     0     0     10
43.3290514394729     0.0798245519240853     0     0     10
43.3423081991352     0.0801032733374762     0     0     10
43.3555650720708     0.0796798355342281     0     0     10
43.3688220573721     0.0802790429128798     0     0     10
43.3820791541312     0.0798548193980486     0     0     10
43.3953363614402     0.0791940881634959     0     0     10
43.4085936783915     0.0791804071361067     0     0     10
43.4218511040773     0.0795644692356813     0     0     10
43.43510863759     0.0788040193699479     0     0     10
43.4483662780219     0.0789773126617913     0     0     10
43.4616240244654     0.0790556046875986     0     0     10
43.4748818760131     0.0788681038447904     0     0     10
43.4881398317573     0.0791746217518341     0     0     10
43.5013978907905     0.0788798839668172     0     0     10
43.5146560522055     0.078991562478478     0     0     10
43.5279143150947     0.078976106226241     0     0     10
43.5411726785508     0.0790021673837832     0     0     10
43.5544311416664     0.079199967525798     0     0     10
43.5676897035343     0.078857264152446     0     0     10
43.5809483632472     0.0788955944196515     0     0     10
43.5942071198979     0.0788129733269678     0     0     10
43.6074659725792     0.0786757486374403     0     0     10
43.6207249203839     0.0786310041536476     0     0     10
43.6339839624049     0.078038325563271     0     0     10
43.6472430977351     0.0775968824584207     0     0     10
43.6605023254675     0.077587507290972     0     0     10
43.6737616446951     0.0783943631048539     0     0     10
43.6870210545109     0.07829299198402     0     0     10
43.7002805540078     0.0779363013384684     0     0     10
43.7135401422791     0.0780525782243082     0     0     10
43.7267998184177     0.0782099936915744     0     0     10
43.7400595815169     0.0783284280980089     0     0     10
43.7533194306699     0.0781049151551013     0     0     10
43.7665793649697     0.0778487930671571     0     0     10
43.7798393835097     0.0776937041165217     0     0     10
43.7930994853832     0.0776729433434197     0     0     10
43.8063596696833     0.0776280525629068     0     0     10
43.8196199355036     0.0773984614381312     0     0     10
43.8328802819372     0.0773477541812884     0     0     10
43.8461407080776     0.0778068276655898     0     0     10
43.8594012130182     0.0771710026737847     0     0     10
43.8726617958525     0.0772219766185164     0     0     10
43.8859224556739     0.0771700637166057     0     0     10
43.8991831915758     0.0772216514687576     0     0     10
43.912444002652     0.0775052722905572     0     0     10
43.9257048879957     0.0775376490003853     0     0     10
43.9389658467008     0.077380441921238     0     0     10
43.9522268778607     0.0774936795470523     0     0     10
43.9654879805692     0.0770053024926682     0     0     10
43.9787491539198     0.0769077361205557     0     0     10
43.9920103970062     0.0769185236353262     0     0     10
44.0052717089222     0.0766041052068906     0     0     10
44.0185330887614     0.0764688078585583     0     0     10
44.0317945356177     0.0763852006901521     0     0     10
44.0450560485848     0.0763651686945422     0     0     10
44.0583176267565     0.076484735654357     0     0     10
44.0715792692266     0.076231308394997     0     0     10
44.0848409750891     0.0763394430223699     0     0     10
44.0981027434377     0.0767900306177482     0     0     10
44.1113645733664     0.0765947713484203     0     0     10
44.1246264639691     0.0766057960201121     0     0     10
44.1378884143397     0.0767990350702116     0     0     10
44.1511504235722     0.0765570240827078     0     0     10
44.1644124907606     0.0767171833274502     0     0     10
44.1776746149988     0.0764283032182921     0     0     10
44.190936795381     0.0761646316696661     0     0     10
44.2041990310011     0.0764154819167126     0     0     10
44.2174613209532     0.076612371824266     0     0     10
44.2307236643314     0.0759327432240984     0     0     10
44.2439860602298     0.0756920436290201     0     0     10
44.2572485077426     0.0759879049032898     0     0     10
44.2705110059638     0.0759304857031737     0     0     10
44.2837735539876     0.0754990710811928     0     0     10
44.2970361509082     0.076155696326478     0     0     10
44.3102987958199     0.0759796309903168     0     0     10
44.3235614878167     0.0762952861758352     0     0     10
44.336824225993     0.0760814645594736     0     0     10
44.3500870094429     0.0756990797829365     0     0     10
44.3633498372608     0.0756205164765761     0     0     10
44.376612708541     0.0760335322764053     0     0     10
44.3898756223776     0.0757601380538479     0     0     10
44.4031385778651     0.0757288293955347     0     0     10
44.4164015740977     0.0756819067314303     0     0     10
44.4296646101698     0.0752443687386892     0     0     10
44.4429276851758     0.0756444747615271     0     0     10
44.45619079821     0.0752057404086307     0     0     10
44.4694539483668     0.0749450741040201     0     0     10
44.4827171347406     0.0752285040189545     0     0     10
44.4959803564257     0.0752329955395781     0     0     10
44.5092436125167     0.0748465087004108     0     0     10
44.522506902108     0.0752802365724801     0     0     10
44.5357702242939     0.0748588079590452     0     0     10
44.549033578169     0.0751750718605356     0     0     10
44.5622969628277     0.0752361924276101     0     0     10
44.5755603773645     0.0747869879663697     0     0     10
44.5888238208739     0.0750461390104879     0     0     10
44.6020872924504     0.0751907121236321     0     0     10
44.6153507911885     0.0750379314316309     0     0     10
44.6286143161827     0.0751207837463741     0     0     10
44.6418778665275     0.0747458906148961     0     0     10
44.6551414413176     0.0742300258653671     0     0     10
44.6684050396474     0.0746080622593111     0     0     10
44.6816686606115     0.0742201254796858     0     0     10
44.6949323033044     0.0741158194997067     0     0     10
44.7081959668207     0.0741927205964983     0     0     10
44.7214596502551     0.0741740684063331     0     0     10
44.7347233527021     0.0742034068605259     0     0     10
44.7479870732562     0.074597692169449     0     0     10
44.7612508110122     0.0745957962884628     0     0     10
44.7745145650645     0.0745682942923285     0     0     10
44.7877783345079     0.0740805658808636     0     0     10
44.8010421184369     0.0741778558100397     0     0     10
44.8143059159461     0.0744336866165187     0     0     10
44.8275697261302     0.0737839077445795     0     0     10
44.8408335480838     0.0734048138469731     0     0     10
44.8540973809016     0.0734511751846205     0     0     10
44.8673612236781     0.0733215327285195     0     0     10
44.8806250755081     0.0733215514168281     0     0     10
44.8938889354862     0.0731871643128659     0     0     10
44.9071528027069     0.0732945802785728     0     0     10
44.9204166762651     0.0733409886577121     0     0     10
44.9336805552553     0.0736389541898629     0     0     10
44.9469444387722     0.0735110072658867     0     0     10
44.9602083259105     0.0738287485579243     0     0     10
44.9734722157648     0.0737111258539293     0     0     10
44.9867361074297     0.0735987686258579     0     0     10
45     0.0733517690129407     0     0     10
