44.9867361074297     0.867156199792798     0     4     4
44.9734722157648     0.867060779321255     0     4     4
44.9602083259105     0.866828695113638     0     4     4
44.9469444387722     0.867162716262431     0     4     4
44.9336805552553     0.866919731218627     0     4     4
44.9204166762651     0.867168558886992     0     4     4
44.9071528027069     0.866977956032582     0     4     4
44.8938889354862     0.867038733235003     0     4     4
44.8806250755081     0.867127438981494     0     4     4
44.8673612236781     0.866966248133218     0     4     4
44.8540973809016     0.867251512030856     0     4     4
44.8408335480838     0.867121121210592     0     4     4
44.8275697261302     0.867096870419048     0     4     4
44.8143059159461     0.867100001586237     0     4     4
44.8010421184369     0.867117103985007     0     4     4
44.7877783345079     0.866523217325912     0     4     4
44.7745145650645     0.8671025334387     0     4     4
44.7612508110122     0.867440084911603     0     4     4
44.7479870732562     0.867263527026144     0     4     4
44.7347233527021     0.867145022187663     0     4     4
44.7214596502551     0.867217251749015     0     4     4
44.7081959668207     0.867227231099346     0     4     4
44.6949323033044     0.867094866747989     0     4     4
44.6816686606115     0.867001418037994     0     4     4
44.6684050396474     0.867073237679013     0     4     4
44.6551414413176     0.867217379577429     0     4     4
44.6418778665275     0.867145109413091     0     4     4
44.6286143161827     0.867205126748572     0     4     4
44.6153507911885     0.867129309985965     0     4     4
44.6020872924504     0.867244149508557     0     4     4
44.5888238208739     0.86720968860754     0     4     4
44.5755603773645     0.867153602521709     0     4     4
44.5622969628277     0.867188275673677     0     4     4
44.549033578169     0.8671510617509     0     4     4
44.5357702242939     0.867132894101309     0     4     4
44.522506902108     0.867092630348372     0     4     4
44.5092436125167     0.867214242899516     0     4     4
44.4959803564257     0.867052351718042     0     4     4
44.4827171347406     0.867192336761348     0     4     4
44.4694539483668     0.867044002012172     0     4     4
44.45619079821     0.867235894144897     0     4     4
44.4429276851758     0.867134749911011     0     4     4
44.4296646101698     0.867126293943204     0     4     4
44.4164015740977     0.866940257319286     0     4     4
44.4031385778651     0.867125806344667     0     4     4
44.3898756223776     0.866976776231159     0     4     4
44.376612708541     0.867093672690068     0     4     4
44.3633498372608     0.866989189415152     0     4     4
44.3500870094429     0.867225029688094     0     4     4
44.336824225993     0.867091914253814     0     4     4
44.3235614878167     0.867196954155754     0     4     4
44.3102987958199     0.866873885648529     0     4     4
44.2970361509082     0.867141846451243     0     4     4
44.2837735539876     0.867056340979577     0     4     4
44.2705110059638     0.867146936157985     0     4     4
44.2572485077426     0.866925236367288     0     4     4
44.2439860602298     0.867044449806648     0     4     4
44.2307236643314     0.866825562726883     0     4     4
44.2174613209532     0.867154314724876     0     4     4
44.2041990310011     0.866823670286444     0     4     4
44.190936795381     0.866850654275745     0     4     4
44.1776746149988     0.866847984207249     0     4     4
44.1644124907606     0.866832023444953     0     4     4
44.1511504235722     0.8667587372335     0     4     4
44.1378884143397     0.866788529712584     0     4     4
44.1246264639691     0.866640650579576     0     4     4
44.1113645733664     0.86665833826497     0     4     4
44.0981027434377     0.86655757174157     0     4     4
44.0848409750891     0.866687719757213     0     4     4
44.0715792692266     0.866424178658507     0     4     4
44.0583176267565     0.866569266607792     0     4     4
44.0450560485848     0.866299207848286     0     4     4
44.0317945356177     0.866426721619953     0     4     4
44.0185330887614     0.866155762604458     0     4     4
44.0052717089222     0.866427259934729     0     4     4
43.9920103970062     0.866140539407427     0     4     4
43.9787491539198     0.86630230825937     0     4     4
43.9654879805692     0.866245749256423     0     4     4
43.9522268778607     0.866308650707008     0     4     4
43.9389658467008     0.866197585230404     0     4     4
43.9257048879957     0.866235446541455     0     4     4
43.912444002652     0.866167261111168     0     4     4
43.8991831915758     0.866056469715564     0     4     4
43.8859224556739     0.866110589273125     0     4     4
43.8726617958525     0.866050796601727     0     4     4
43.8594012130182     0.866016847878438     0     4     4
43.8461407080776     0.865884823056097     0     4     4
43.8328802819372     0.865942082865341     0     4     4
43.8196199355036     0.865774260819184     0     4     4
43.8063596696833     0.865768630958902     0     4     4
43.7930994853832     0.865832856283158     0     4     4
43.7798393835097     0.865705085651959     0     4     4
43.7665793649697     0.865633016891511     0     4     4
43.7533194306699     0.86550697295966     0     4     4
43.7400595815169     0.865465592211382     0     4     4
43.7267998184177     0.86538385171369     0     4     4
43.7135401422791     0.865248830944707     0     4     4
43.7002805540078     0.865390505633517     0     4     4
43.6870210545109     0.865080040889727     0     4     4
43.6737616446951     0.865029390931996     0     4     4
43.6605023254675     0.864911997859319     0     4     4
43.6472430977351     0.864767948557733     0     4     4
43.6339839624049     0.864774258844207     0     4     4
43.6207249203839     0.864609592255709     0     4     4
43.6074659725792     0.864605474383621     0     4     4
43.5942071198979     0.864416111409381     0     4     4
43.5809483632472     0.864166819600357     0     4     4
43.5676897035343     0.864246472792051     0     4     4
43.5544311416664     0.864183696075946     0     4     4
43.5411726785508     0.863895770042427     0     4     4
43.5279143150947     0.863908059048485     0     4     4
43.5146560522055     0.863639824244377     0     4     4
43.5013978907905     0.863614643782088     0     4     4
43.4881398317573     0.863614728282394     0     4     4
43.4748818760131     0.863306413852302     0     4     4
43.4616240244654     0.863206177645562     0     4     4
43.4483662780219     0.862972392836949     0     4     4
43.43510863759     0.862870402215876     0     4     4
43.4218511040773     0.862604288454748     0     4     4
43.4085936783915     0.862400304652708     0     4     4
43.3953363614402     0.86233076284576     0     4     4
43.3820791541312     0.861945224825559     0     4     4
43.3688220573721     0.861719837049501     0     4     4
43.3555650720708     0.861479346265418     0     4     4
43.3423081991352     0.860800804069443     0     4     4
43.3290514394729     0.860733858212726     0     4     4
43.3157947939921     0.860391612120638     0     4     4
43.3025382636006     0.860171058583419     0     4     4
43.2892818492064     0.859609198331854     0     4     4
43.2760255517175     0.85932121420461     0     4     4
43.2627693720421     0.858978730786166     0     4     4
43.2495133110882     0.858428471053916     0     4     4
43.236257369764     0.858064178236497     0     4     4
43.2230015489777     0.857528284200289     0     4     4
43.2097458496376     0.856963048220033     0     4     4
43.1964902726519     0.856249897836774     0     4     4
43.183234818929     0.855680146818612     0     4     4
43.1699794893773     0.855018308927162     0     4     4
43.1567242849051     0.854269337015035     0     4     4
43.1434692064209     0.853525588533992     0     4     4
43.1302142548334     0.852638455854792     0     4     4
43.1169594310509     0.85162715695993     0     4     4
43.1037047359822     0.850862944266692     0     4     4
43.0904501705359     0.849587081883208     0     4     4
43.0771957356206     0.848489308548746     0     4     4
43.0639414321452     0.847098521558417     0     4     4
43.0506872610184     0.845865486864374     0     4     4
43.0374332231491     0.84415616825366     0     4     4
43.0241793194461     0.842546562551836     0     4     4
43.0109255508184     0.84064499272518     0     4     4
42.9976719181749     0.83857093506947     0     4     4
42.9844184224248     0.836297184603779     0     4     4
42.9711650644771     0.833882019220088     0     4     4
42.9579118452409     0.83096356457659     0     4     4
42.9446587656254     0.827922974432028     0     4     4
42.9314058265398     0.824474575801967     0     4     4
42.9181530288935     0.820711805362564     0     4     4
42.9049003735958     0.816394123157541     0     4     4
42.891647861556     0.811454910712467     0     4     4
42.8783954936836     0.806043099257632     0     4     4
42.865143270888     0.799753507762808     0     4     4
42.8518911940789     0.792322862488101     0     4     4
42.8386392641659     0.783903215257434     0     4     4
42.8253874820585     0.774136450528655     0     4     4
42.8121358486664     0.76295349537461     0     4     4
42.7988843648995     0.74978993446485     0     4     4
42.7856330316676     0.733466262507261     0     4     4
42.7723818498804     0.7158838518448     0     4     4
42.759130820448     0.693017166666379     0     4     4
42.7458799442802     0.667213973435915     0     4     4
42.7326292222872     0.635288151437522     0     4     4
42.719378655379     0.599076006512156     0     4     4
42.7061282444657     0.551953814112313     0     4     4
42.6928779904575     0.500450356546674     0     4     4
42.6796278942648     0.439516507556019     0     4     4
42.6663779567977     0.37305910743079     0     4     4
42.6531281789667     0.298127940823327     0     4     4
42.6398785616822     0.229062979045984     0     4     4
42.6266291058547     0.167478528760106     0     4     4
42.6133798123947     0.126642265929331     0     4     4
42.6001306822128     0.111815042477646     0     4     4
42.5868817162196     0.125069171385035     0     4     4
42.573632915326     0.16335045665367     0     4     4
42.5603842804426     0.217152068948599     0     4     4
42.5471358124802     0.282071742828757     0     4     4
42.5338875123499     0.347583374614683     0     4     4
42.5206393809625     0.410456658113105     0     4     4
42.5073914192291     0.466542163212322     0     4     4
42.4941436280607     0.517600799063315     0     4     4
42.4808960083686     0.559169873605527     0     4     4
42.4676485610637     0.596592815355908     0     4     4
42.4544012870576     0.626175482269785     0     4     4
42.4411541872613     0.653973209292273     0     4     4
42.4279072625865     0.676933085834828     0     4     4
42.4146605139445     0.695403818299442     0     4     4
42.4014139422467     0.713282043503054     0     4     4
42.3881675484049     0.727796908032515     0     4     4
42.3749213333306     0.739648980786204     0     4     4
42.3616752979356     0.751302331120778     0     4     4
42.3484294431316     0.760554620363155     0     4     4
42.3351837698304     0.76854130512685     0     4     4
42.3219382789441     0.775586097684573     0     4     4
42.3086929713844     0.781951910596425     0     4     4
42.2954478480635     0.787166171742126     0     4     4
42.2822029098935     0.79180806551509     0     4     4
42.2689581577864     0.796448805782981     0     4     4
42.2557135926547     0.800411980934391     0     4     4
42.2424692154105     0.803868686739732     0     4     4
42.2292250269662     0.807066397191524     0     4     4
42.2159810282344     0.809926561697793     0     4     4
42.2027372201273     0.812421986892529     0     4     4
42.1894936035578     0.814654328827207     0     4     4
42.1762501794383     0.816917767213386     0     4     4
42.1630069486816     0.81889053106819     0     4     4
42.1497639122005     0.820436885119162     0     4     4
42.1365210709078     0.822238848411948     0     4     4
42.1232784257165     0.823629563946455     0     4     4
42.1100359775395     0.825002472222763     0     4     4
42.09679372729     0.82643808374222     0     4     4
42.083551675881     0.827411475389453     0     4     4
42.0703098242257     0.82852631614321     0     4     4
42.0570681732375     0.829565089896183     0     4     4
42.0438267238296     0.830242827666074     0     4     4
42.0305854769156     0.831346159587244     0     4     4
42.0173444334088     0.832203681871266     0     4     4
42.0041035942229     0.832915779505573     0     4     4
41.9908629602715     0.833709228182798     0     4     4
41.9776225324684     0.834264627144192     0     4     4
41.9643823117272     0.834781421590372     0     4     4
41.9511422989619     0.835175410289324     0     4     4
41.9379024950865     0.835850367284531     0     4     4
41.9246629010149     0.836309652308142     0     4     4
41.9114235176612     0.836626978602162     0     4     4
41.8981843459396     0.837229532722732     0     4     4
41.8849453867643     0.837450078968467     0     4     4
41.8717066410497     0.837841724445886     0     4     4
41.8584681097102     0.838092390633523     0     4     4
41.8452297936601     0.838366648794793     0     4     4
41.8319916938142     0.838598105584772     0     4     4
41.8187538110869     0.838951349086153     0     4     4
41.8055161463931     0.839180052952629     0     4     4
41.7922787006474     0.83928998264565     0     4     4
41.7790414747648     0.83935864469538     0     4     4
41.7658044696602     0.839464464334104     0     4     4
41.7525676862486     0.83982628138886     0     4     4
41.7393311254452     0.839966992814893     0     4     4
41.726094788165     0.839978422718548     0     4     4
41.7128586753234     0.840269768756286     0     4     4
41.6996227878358     0.840226927489771     0     4     4
41.6863871266174     0.840172441625444     0     4     4
41.673151692584     0.840335551169692     0     4     4
41.6599164866509     0.840572884491818     0     4     4
41.646681509734     0.840333998700236     0     4     4
41.6334467627489     0.840605107911819     0     4     4
41.6202122466115     0.840561147062583     0     4     4
41.6069779622377     0.840391043349287     0     4     4
41.5937439105435     0.84052214942762     0     4     4
41.580510092445     0.840552971254016     0     4     4
41.5672765088584     0.840587337823766     0     4     4
41.5540431606999     0.840586494290894     0     4     4
41.5408100488858     0.840387017141164     0     4     4
41.5275771743327     0.840527105022148     0     4     4
41.5143445379569     0.840420931998705     0     4     4
41.5011121406751     0.840493914397763     0     4     4
41.487879983404     0.840363455803456     0     4     4
41.4746480670603     0.84006788147095     0     4     4
41.4614163925608     0.840153746338902     0     4     4
41.4481849608227     0.840262447519865     0     4     4
41.4349537727627     0.840125115130976     0     4     4
41.4217228292982     0.83995352665658     0     4     4
41.4084921313462     0.839908445828361     0     4     4
41.395261679824     0.839850503421119     0     4     4
41.3820314756491     0.839781493401003     0     4     4
41.368801519739     0.839624894901254     0     4     4
41.3555718130111     0.839526752948775     0     4     4
41.3423423563831     0.839397675097102     0     4     4
41.3291131507728     0.83939494981804     0     4     4
41.315884197098     0.839049683422116     0     4     4
41.3026554962766     0.838960334391109     0     4     4
41.2894270492266     0.838920207422109     0     4     4
41.2761988568661     0.83867519131181     0     4     4
41.2629709201134     0.838682777458457     0     4     4
41.2497432398867     0.838446021995007     0     4     4
41.2365158171043     0.838282164017973     0     4     4
41.2232886526848     0.838204937082193     0     4     4
41.2100617475467     0.838056958579689     0     4     4
41.1968351026086     0.837999939808807     0     4     4
41.1836087187894     0.837733873035368     0     4     4
41.1703825970079     0.837581879601246     0     4     4
41.1571567381829     0.837260543678497     0     4     4
41.1439311432336     0.837129595694978     0     4     4
41.130705813079     0.837174081638416     0     4     4
41.1174807486384     0.837160453160979     0     4     4
41.1042559508312     0.836874037705573     0     4     4
41.0910314205766     0.836593557216308     0     4     4
41.0778071587943     0.83647593160791     0     4     4
41.0645831664038     0.836134694140545     0     4     4
41.0513594443248     0.836089870161707     0     4     4
41.0381359934772     0.836085845386868     0     4     4
41.0249128147808     0.835812818212589     0     4     4
41.0116899091557     0.835705789537938     0     4     4
40.9984672775219     0.835412050594361     0     4     4
40.9852449207996     0.835419424327706     0     4     4
40.9720228399091     0.835177536422225     0     4     4
40.9588010357708     0.834925842407851     0     4     4
40.9455795093053     0.834939810980054     0     4     4
40.932358261433     0.834736776382949     0     4     4
40.9191372930747     0.834354000965759     0     4     4
40.9059166051511     0.834319220146854     0     4     4
40.8926961985833     0.834202917818862     0     4     4
40.8794760742921     0.833791418322824     0     4     4
40.8662562331986     0.83354903466788     0     4     4
40.8530366762241     0.833437732619187     0     4     4
40.8398174042898     0.833361806853959     0     4     4
40.8265984183172     0.833274232691025     0     4     4
40.8133797192277     0.833007414310828     0     4     4
40.800161307943     0.832858862595744     0     4     4
40.7869431853848     0.832580628735132     0     4     4
40.7737253524748     0.83229964983503     0     4     4
40.7605078101351     0.832054040242516     0     4     4
40.7472905592876     0.832162033230787     0     4     4
40.7340736008544     0.831795779985045     0     4     4
40.7208569357578     0.831522324012346     0     4     4
40.7076405649202     0.83127667972338     0     4     4
40.6944244892639     0.831206608110837     0     4     4
40.6812087097115     0.83076552598413     0     4     4
40.6679932271857     0.830510051630597     0     4     4
40.6547780426093     0.83046033727693     0     4     4
40.6415631569051     0.830178307645365     0     4     4
40.628348570996     0.829953014491096     0     4     4
40.6151342858053     0.829907594028434     0     4     4
40.601920302256     0.829543801789726     0     4     4
40.5887066212714     0.829313093960915     0     4     4
40.5754932437751     0.829030066108025     0     4     4
40.5622801706905     0.828728615879202     0     4     4
40.5490674029412     0.828358329675001     0     4     4
40.5358549414509     0.82821406347862     0     4     4
40.5226427871436     0.827967868226074     0     4     4
40.5094309409432     0.827897242838398     0     4     4
40.4962194037737     0.827468627809185     0     4     4
40.4830081765594     0.827379166855461     0     4     4
40.4697972602245     0.827017640245627     0     4     4
40.4565866556934     0.826961515576296     0     4     4
40.4433763638906     0.826482718520543     0     4     4
40.4301663857409     0.826146162235384     0     4     4
40.4169567221688     0.825942968856002     0     4     4
40.4037473740993     0.82567012431773     0     4     4
40.3905383424574     0.825381428841599     0     4     4
40.3773296281681     0.825119468128765     0     4     4
40.3641212321566     0.824793472564696     0     4     4
