40.3773296281681     0.249110893025197     0     -6     -4
40.3905383424574     0.263840969312311     0     -6     -4
40.4037473740993     0.273634319907239     0     -6     -4
40.4169567221688     0.285552025293388     0     -6     -4
40.4301663857409     0.302329916255015     0     -6     -4
40.4433763638906     0.314842854993405     0     -6     -4
40.4565866556934     0.324260302201192     0     -6     -4
40.4697972602245     0.339127998451861     0     -6     -4
40.4830081765594     0.357974955724773     0     -6     -4
40.4962194037737     0.365810850768931     0     -6     -4
40.5094309409432     0.374653492254472     0     -6     -4
40.5226427871436     0.392193846036036     0     -6     -4
40.5358549414509     0.40320083168749     0     -6     -4
40.5490674029412     0.406506776349277     0     -6     -4
40.5622801706905     0.419138457517614     0     -6     -4
40.5754932437751     0.432463608424075     0     -6     -4
40.5887066212714     0.435270835866724     0     -6     -4
40.601920302256     0.438074761667825     0     -6     -4
40.6151342858053     0.450469281134576     0     -6     -4
40.628348570996     0.456154454348649     0     -6     -4
40.6415631569051     0.453559240705567     0     -6     -4
40.6547780426093     0.458155347292615     0     -6     -4
40.6679932271857     0.465942361555581     0     -6     -4
40.6812087097115     0.463037742067202     0     -6     -4
40.6944244892639     0.458633015943333     0     -6     -4
40.7076405649202     0.463159220518273     0     -6     -4
40.7208569357578     0.46384887500425     0     -6     -4
40.7340736008544     0.454574542472289     0     -6     -4
40.7472905592876     0.448487225110571     0     -6     -4
40.7605078101351     0.449831372460583     0     -6     -4
40.7737253524748     0.441725760492065     0     -6     -4
40.7869431853848     0.427841599722211     0     -6     -4
40.800161307943     0.423782528005652     0     -6     -4
40.8133797192277     0.417915984119511     0     -6     -4
40.8265984183172     0.401374100220087     0     -6     -4
40.8398174042898     0.382977948373234     0     -6     -4
40.8530366762241     0.375323268432369     0     -6     -4
40.8662562331986     0.357703489002939     0     -6     -4
40.8794760742921     0.332617183021985     0     -6     -4
40.8926961985833     0.317853541564686     0     -6     -4
40.9059166051511     0.304065329075745     0     -6     -4
40.9191372930747     0.276578338394552     0     -6     -4
40.932358261433     0.248491975150133     0     -6     -4
40.9455795093053     0.236211885964677     0     -6     -4
40.9588010357708     0.217575810607807     0     -6     -4
40.9720228399091     0.189481912023386     0     -6     -4
40.9852449207996     0.174648393638971     0     -6     -4
40.9984672775219     0.167959492147653     0     -6     -4
41.0116899091557     0.154847122962166     0     -6     -4
41.0249128147808     0.143294870732232     0     -6     -4
41.0381359934772     0.148573197389728     0     -6     -4
41.0513594443248     0.158435896361318     0     -6     -4
41.0645831664038     0.166893505254062     0     -6     -4
41.0778071587943     0.184868064879353     0     -6     -4
41.0910314205766     0.213868982316984     0     -6     -4
41.1042559508312     0.243828634693979     0     -6     -4
41.1174807486384     0.280288738316631     0     -6     -4
41.130705813079     0.321425592788424     0     -6     -4
41.1439311432336     0.359605289475869     0     -6     -4
41.1571567381829     0.396431956024843     0     -6     -4
41.1703825970079     0.440230544385989     0     -6     -4
41.1836087187894     0.481654922768906     0     -6     -4
41.1968351026086     0.511463533895291     0     -6     -4
41.2100617475467     0.544124785004714     0     -6     -4
41.2232886526848     0.57556858728767     0     -6     -4
41.2365158171043     0.600504347865442     0     -6     -4
41.2497432398867     0.617818753941924     0     -6     -4
41.2629709201134     0.632492361844861     0     -6     -4
41.2761988568661     0.650929794080735     0     -6     -4
41.2894270492266     0.666464920296628     0     -6     -4
41.3026554962766     0.674311006059858     0     -6     -4
41.315884197098     0.679674360158781     0     -6     -4
41.3291131507728     0.689652206459283     0     -6     -4
41.3423423563831     0.69901883945662     0     -6     -4
41.3555718130111     0.701234326166654     0     -6     -4
41.368801519739     0.70012844964688     0     -6     -4
41.3820314756491     0.704181066932555     0     -6     -4
41.395261679824     0.708977849915114     0     -6     -4
41.4084921313462     0.706800565500573     0     -6     -4
41.4217228292982     0.70031385360517     0     -6     -4
41.4349537727627     0.698278467240347     0     -6     -4
41.4481849608227     0.698370135463854     0     -6     -4
41.4614163925608     0.691156771902307     0     -6     -4
41.4746480670603     0.677059048911652     0     -6     -4
41.487879983404     0.664734592084467     0     -6     -4
41.5011121406751     0.655817985453505     0     -6     -4
41.5143445379569     0.637467564775598     0     -6     -4
41.5275771743327     0.606542851765266     0     -6     -4
41.5408100488858     0.576891495155709     0     -6     -4
41.5540431606999     0.549261472994475     0     -6     -4
41.5672765088584     0.506541140825802     0     -6     -4
41.580510092445     0.459050892685353     0     -6     -4
41.5937439105435     0.434762423979085     0     -6     -4
41.6069779622377     0.449955103540873     0     -6     -4
41.6202122466115     0.505541192075346     0     -6     -4
41.6334467627489     0.592947342943324     0     -6     -4
41.646681509734     0.681816105786767     0     -6     -4
41.6599164866509     0.738094349495138     0     -6     -4
41.673151692584     0.765640458019564     0     -6     -4
41.6863871266174     0.780239753797918     0     -6     -4
41.6996227878358     0.790528040505272     0     -6     -4
41.7128586753234     0.801197524362147     0     -6     -4
41.726094788165     0.812932374754014     0     -6     -4
41.7393311254452     0.822967349650549     0     -6     -4
41.7525676862486     0.82879081604172     0     -6     -4
41.7658044696602     0.833662586548491     0     -6     -4
41.7790414747648     0.838552601064421     0     -6     -4
41.7922787006474     0.841341145075985     0     -6     -4
41.8055161463931     0.843367566834358     0     -6     -4
41.8187538110869     0.845008623706681     0     -6     -4
41.8319916938142     0.846525057536345     0     -6     -4
41.8452297936601     0.847572060818282     0     -6     -4
41.8584681097102     0.848111698796215     0     -6     -4
41.8717066410497     0.848842731749753     0     -6     -4
41.8849453867643     0.84937434254185     0     -6     -4
41.8981843459396     0.849729556047939     0     -6     -4
41.9114235176612     0.850112828658626     0     -6     -4
41.9246629010149     0.850424509306222     0     -6     -4
41.9379024950865     0.850588134498702     0     -6     -4
41.9511422989619     0.850663056683013     0     -6     -4
41.9643823117272     0.851119349442561     0     -6     -4
41.9776225324684     0.851252837432062     0     -6     -4
41.9908629602715     0.851262146532701     0     -6     -4
42.0041035942229     0.851473477771295     0     -6     -4
42.0173444334088     0.851380529816528     0     -6     -4
42.0305854769156     0.851630444788295     0     -6     -4
42.0438267238296     0.851799510952155     0     -6     -4
42.0570681732375     0.851611111083502     0     -6     -4
42.0703098242257     0.851812953352843     0     -6     -4
42.083551675881     0.851927342494908     0     -6     -4
42.09679372729     0.851863050180486     0     -6     -4
42.1100359775395     0.852096290265338     0     -6     -4
42.1232784257165     0.852154006161854     0     -6     -4
42.1365210709078     0.85198016072402     0     -6     -4
42.1497639122005     0.852217687516745     0     -6     -4
42.1630069486816     0.852140759645363     0     -6     -4
42.1762501794383     0.85225985264882     0     -6     -4
42.1894936035578     0.852352667627004     0     -6     -4
42.2027372201273     0.852330283579075     0     -6     -4
42.2159810282344     0.852374169724933     0     -6     -4
42.2292250269662     0.852443345985472     0     -6     -4
42.2424692154105     0.852280093268796     0     -6     -4
42.2557135926547     0.852538248523865     0     -6     -4
42.2689581577864     0.852572850605061     0     -6     -4
42.2822029098935     0.852674880006136     0     -6     -4
42.2954478480635     0.852760894427531     0     -6     -4
42.3086929713844     0.852467178992952     0     -6     -4
42.3219382789441     0.852767835255203     0     -6     -4
42.3351837698304     0.852624188485286     0     -6     -4
42.3484294431316     0.852862717656543     0     -6     -4
42.3616752979356     0.852850585261935     0     -6     -4
42.3749213333306     0.852934497093847     0     -6     -4
42.3881675484049     0.853006110799411     0     -6     -4
42.4014139422467     0.852891651869766     0     -6     -4
42.4146605139445     0.853253261943079     0     -6     -4
42.4279072625865     0.853066800576078     0     -6     -4
42.4411541872613     0.853244415610712     0     -6     -4
42.4544012870576     0.853339057475618     0     -6     -4
42.4676485610637     0.853334734084963     0     -6     -4
42.4808960083686     0.853366163153952     0     -6     -4
42.4941436280607     0.853212316804496     0     -6     -4
42.5073914192291     0.853201159818312     0     -6     -4
42.5206393809625     0.853147137495618     0     -6     -4
42.5338875123499     0.853502183140593     0     -6     -4
42.5471358124802     0.853227109457072     0     -6     -4
42.5603842804426     0.853428644465102     0     -6     -4
42.573632915326     0.85332774303732     0     -6     -4
42.5868817162196     0.853535430742027     0     -6     -4
42.6001306822128     0.85333256640983     0     -6     -4
42.6133798123947     0.853472229986772     0     -6     -4
42.6266291058547     0.853473616963702     0     -6     -4
42.6398785616822     0.853559098508805     0     -6     -4
42.6531281789667     0.853556583080496     0     -6     -4
42.6663779567977     0.853581340651201     0     -6     -4
42.6796278942648     0.85358173026265     0     -6     -4
42.6928779904575     0.853744527271319     0     -6     -4
42.7061282444657     0.853600484370328     0     -6     -4
42.719378655379     0.853627077305392     0     -6     -4
42.7326292222872     0.853689500692399     0     -6     -4
42.7458799442802     0.853834390276351     0     -6     -4
42.759130820448     0.853792274475863     0     -6     -4
42.7723818498804     0.85371962538821     0     -6     -4
42.7856330316676     0.853833838208097     0     -6     -4
42.7988843648995     0.853844410439936     0     -6     -4
42.8121358486664     0.853875505913305     0     -6     -4
42.8253874820585     0.853928044726283     0     -6     -4
42.8386392641659     0.853957025222194     0     -6     -4
42.8518911940789     0.853909457061509     0     -6     -4
42.865143270888     0.854087804011688     0     -6     -4
42.8783954936836     0.854008203740779     0     -6     -4
42.891647861556     0.854072900803019     0     -6     -4
42.9049003735958     0.854141093563567     0     -6     -4
42.9181530288935     0.854189614183314     0     -6     -4
42.9314058265398     0.854218519653984     0     -6     -4
42.9446587656254     0.854251661771876     0     -6     -4
42.9579118452409     0.854384549088299     0     -6     -4
42.9711650644771     0.854410455426858     0     -6     -4
42.9844184224248     0.854382125790568     0     -6     -4
42.9976719181749     0.85449394831767     0     -6     -4
43.0109255508184     0.854520712401453     0     -6     -4
43.0241793194461     0.854558163649745     0     -6     -4
43.0374332231491     0.854554091043371     0     -6     -4
43.0506872610184     0.854625782819613     0     -6     -4
43.0639414321452     0.854574700490768     0     -6     -4
43.0771957356206     0.854652602045484     0     -6     -4
43.0904501705359     0.854708091145298     0     -6     -4
43.1037047359822     0.854743050884648     0     -6     -4
43.1169594310509     0.854836912793028     0     -6     -4
43.1302142548334     0.854688902494185     0     -6     -4
43.1434692064209     0.854757724364831     0     -6     -4
43.1567242849051     0.854742904065959     0     -6     -4
43.1699794893773     0.854805726788434     0     -6     -4
43.183234818929     0.854778341420407     0     -6     -4
43.1964902726519     0.854768246689965     0     -6     -4
43.2097458496376     0.854750283827914     0     -6     -4
43.2230015489777     0.854721437077095     0     -6     -4
43.236257369764     0.854817263237012     0     -6     -4
43.2495133110882     0.854850435458416     0     -6     -4
43.2627693720421     0.854798545186795     0     -6     -4
43.2760255517175     0.854894556998756     0     -6     -4
43.2892818492064     0.854794498205138     0     -6     -4
43.3025382636006     0.854843675526849     0     -6     -4
43.3157947939921     0.855003842524369     0     -6     -4
43.3290514394729     0.854965816118323     0     -6     -4
43.3423081991352     0.854914848248668     0     -6     -4
43.3555650720708     0.855027646186062     0     -6     -4
43.3688220573721     0.854930802518688     0     -6     -4
43.3820791541312     0.85502887952616     0     -6     -4
43.3953363614402     0.855016011548719     0     -6     -4
43.4085936783915     0.854978429374473     0     -6     -4
43.4218511040773     0.855163029996402     0     -6     -4
43.43510863759     0.855015852029766     0     -6     -4
43.4483662780219     0.855102845622761     0     -6     -4
43.4616240244654     0.855194529561434     0     -6     -4
43.4748818760131     0.855145079016028     0     -6     -4
43.4881398317573     0.85519236268806     0     -6     -4
43.5013978907905     0.855248929732525     0     -6     -4
43.5146560522055     0.855201641841947     0     -6     -4
43.5279143150947     0.855296024813891     0     -6     -4
43.5411726785508     0.855220382467342     0     -6     -4
43.5544311416664     0.855328453239186     0     -6     -4
43.5676897035343     0.855249297667541     0     -6     -4
43.5809483632472     0.855348321940624     0     -6     -4
43.5942071198979     0.855439284546854     0     -6     -4
43.6074659725792     0.855267404710789     0     -6     -4
43.6207249203839     0.855449191680489     0     -6     -4
43.6339839624049     0.855394911518004     0     -6     -4
43.6472430977351     0.855453720872739     0     -6     -4
43.6605023254675     0.855435572645186     0     -6     -4
43.6737616446951     0.855282484870057     0     -6     -4
43.6870210545109     0.85548260060845     0     -6     -4
43.7002805540078     0.855484094011699     0     -6     -4
43.7135401422791     0.855551884832234     0     -6     -4
43.7267998184177     0.85540084131408     0     -6     -4
43.7400595815169     0.855584250623095     0     -6     -4
43.7533194306699     0.855552635382202     0     -6     -4
43.7665793649697     0.855571181817459     0     -6     -4
43.7798393835097     0.85547337932366     0     -6     -4
43.7930994853832     0.855618744133049     0     -6     -4
43.8063596696833     0.855598426248162     0     -6     -4
43.8196199355036     0.855619827238592     0     -6     -4
43.8328802819372     0.855531571921403     0     -6     -4
43.8461407080776     0.855732053984229     0     -6     -4
43.8594012130182     0.85565507473711     0     -6     -4
43.8726617958525     0.855768309377049     0     -6     -4
43.8859224556739     0.855673142445754     0     -6     -4
43.8991831915758     0.855808008925496     0     -6     -4
43.912444002652     0.855727924615769     0     -6     -4
43.9257048879957     0.855764136012688     0     -6     -4
43.9389658467008     0.855871765685587     0     -6     -4
43.9522268778607     0.855938813267876     0     -6     -4
43.9654879805692     0.855922479951645     0     -6     -4
43.9787491539198     0.856069304067146     0     -6     -4
43.9920103970062     0.855985865369887     0     -6     -4
44.0052717089222     0.856082962824077     0     -6     -4
44.0185330887614     0.856076840721212     0     -6     -4
44.0317945356177     0.856092182626816     0     -6     -4
44.0450560485848     0.856139029286888     0     -6     -4
44.0583176267565     0.856212128879255     0     -6     -4
44.0715792692266     0.856269425881502     0     -6     -4
44.0848409750891     0.856254002173125     0     -6     -4
44.0981027434377     0.856181755087385     0     -6     -4
44.1113645733664     0.856200283362963     0     -6     -4
44.1246264639691     0.856180959982855     0     -6     -4
44.1378884143397     0.856303365704467     0     -6     -4
44.1511504235722     0.85645037613193     0     -6     -4
44.1644124907606     0.856315343574596     0     -6     -4
44.1776746149988     0.856386813056535     0     -6     -4
44.190936795381     0.856429950812366     0     -6     -4
44.2041990310011     0.856340357603168     0     -6     -4
44.2174613209532     0.856455693263266     0     -6     -4
44.2307236643314     0.856388782714729     0     -6     -4
44.2439860602298     0.856434080677228     0     -6     -4
44.2572485077426     0.856550995467514     0     -6     -4
44.2705110059638     0.856561267142627     0     -6     -4
44.2837735539876     0.856646535732869     0     -6     -4
44.2970361509082     0.85660227056551     0     -6     -4
44.3102987958199     0.856684563016346     0     -6     -4
44.3235614878167     0.856766566481278     0     -6     -4
44.336824225993     0.856723752290974     0     -6     -4
44.3500870094429     0.856809524464108     0     -6     -4
44.3633498372608     0.856828287430186     0     -6     -4
44.376612708541     0.856808658712946     0     -6     -4
44.3898756223776     0.856977715330461     0     -6     -4
44.4031385778651     0.856954861559354     0     -6     -4
44.4164015740977     0.856866219776659     0     -6     -4
44.4296646101698     0.857059879580153     0     -6     -4
44.4429276851758     0.857037157934747     0     -6     -4
44.45619079821     0.857259704048851     0     -6     -4
44.4694539483668     0.857240475663335     0     -6     -4
44.4827171347406     0.85733225501717     0     -6     -4
44.4959803564257     0.857323094694404     0     -6     -4
44.5092436125167     0.857480608408549     0     -6     -4
44.522506902108     0.857403913493556     0     -6     -4
44.5357702242939     0.857403882005339     0     -6     -4
44.549033578169     0.857542456361284     0     -6     -4
44.5622969628277     0.85753008376773     0     -6     -4
44.5755603773645     0.857662268984805     0     -6     -4
44.5888238208739     0.857731626094707     0     -6     -4
44.6020872924504     0.857697758973058     0     -6     -4
44.6153507911885     0.857743178844081     0     -6     -4
44.6286143161827     0.857817994485152     0     -6     -4
44.6418778665275     0.857639636307333     0     -6     -4
44.6551414413176     0.857943642380856     0     -6     -4
44.6684050396474     0.857941189859479     0     -6     -4
44.6816686606115     0.85789247665413     0     -6     -4
44.6949323033044     0.858006234606402     0     -6     -4
44.7081959668207     0.857987277574894     0     -6     -4
44.7214596502551     0.858014242752362     0     -6     -4
44.7347233527021     0.858004485786017     0     -6     -4
44.7479870732562     0.857990684795725     0     -6     -4
44.7612508110122     0.85817832872934     0     -6     -4
44.7745145650645     0.858135710989132     0     -6     -4
44.7877783345079     0.858091599091478     0     -6     -4
44.8010421184369     0.85810625655008     0     -6     -4
44.8143059159461     0.858213876353982     0     -6     -4
44.8275697261302     0.858229697258965     0     -6     -4
44.8408335480838     0.858261591821138     0     -6     -4
44.8540973809016     0.858321857590331     0     -6     -4
44.8673612236781     0.858282817757815     0     -6     -4
44.8806250755081     0.858398025218015     0     -6     -4
44.8938889354862     0.858358457283341     0     -6     -4
44.9071528027069     0.858387417594291     0     -6     -4
44.9204166762651     0.858570192065658     0     -6     -4
44.9336805552553     0.85843209654656     0     -6     -4
44.9469444387722     0.858513146809685     0     -6     -4
44.9602083259105     0.858434693202954     0     -6     -4
44.9734722157648     0.858522710485439     0     -6     -4
44.9867361074297     0.858566451521026     0     -6     -4
45     0.858484019845583     0     -6     -4
