44.9867361074297     0.0732218539606713     0     -2     10
44.9734722157648     0.0732479928360231     0     -2     10
44.9602083259105     0.0733869034374465     0     -2     10
44.9469444387722     0.0734120296882518     0     -2     10
44.9336805552553     0.0737147501245576     0     -2     10
44.9204166762651     0.0740462795900651     0     -2     10
44.9071528027069     0.0740287595015477     0     -2     10
44.8938889354862     0.0739894979257833     0     -2     10
44.8806250755081     0.0737189150622417     0     -2     10
44.8673612236781     0.0739841175095657     0     -2     10
44.8540973809016     0.0742213188923944     0     -2     10
44.8408335480838     0.0739139059811461     0     -2     10
44.8275697261302     0.0739921591400023     0     -2     10
44.8143059159461     0.0738451365892506     0     -2     10
44.8010421184369     0.0741586062380734     0     -2     10
44.7877783345079     0.0741571658724781     0     -2     10
44.7745145650645     0.0740109771467032     0     -2     10
44.7612508110122     0.0742795325222805     0     -2     10
44.7479870732562     0.0743900163253918     0     -2     10
44.7347233527021     0.0745430245908867     0     -2     10
44.7214596502551     0.0750988929967921     0     -2     10
44.7081959668207     0.0743842984782466     0     -2     10
44.6949323033044     0.0753030332419212     0     -2     10
44.6816686606115     0.0744721525021053     0     -2     10
44.6684050396474     0.0747322286361567     0     -2     10
44.6551414413176     0.0750565954772165     0     -2     10
44.6418778665275     0.0754043502555173     0     -2     10
44.6286143161827     0.074886086515698     0     -2     10
44.6153507911885     0.0746482642403657     0     -2     10
44.6020872924504     0.0747014947719407     0     -2     10
44.5888238208739     0.0748903397385328     0     -2     10
44.5755603773645     0.074927955477061     0     -2     10
44.5622969628277     0.0752584041338009     0     -2     10
44.549033578169     0.0755562522106738     0     -2     10
44.5357702242939     0.0754560540769925     0     -2     10
44.522506902108     0.0753641120336161     0     -2     10
44.5092436125167     0.0755690995204769     0     -2     10
44.4959803564257     0.0756872960628332     0     -2     10
44.4827171347406     0.0754245335483552     0     -2     10
44.4694539483668     0.0758524147582127     0     -2     10
44.45619079821     0.0755977038823896     0     -2     10
44.4429276851758     0.0758116682959185     0     -2     10
44.4296646101698     0.0756164465215804     0     -2     10
44.4164015740977     0.0758374810644672     0     -2     10
44.4031385778651     0.0756313982275862     0     -2     10
44.3898756223776     0.0758655155193028     0     -2     10
44.376612708541     0.0757535169339787     0     -2     10
44.3633498372608     0.076043951401216     0     -2     10
44.3500870094429     0.0759793172900177     0     -2     10
44.336824225993     0.0760753976196655     0     -2     10
44.3235614878167     0.0761259476288824     0     -2     10
44.3102987958199     0.076606463182444     0     -2     10
44.2970361509082     0.0762425051520632     0     -2     10
44.2837735539876     0.0761960810971686     0     -2     10
44.2705110059638     0.0764774254734206     0     -2     10
44.2572485077426     0.0761325163486013     0     -2     10
44.2439860602298     0.0760439342073347     0     -2     10
44.2307236643314     0.0760287790493394     0     -2     10
44.2174613209532     0.076254723217363     0     -2     10
44.2041990310011     0.0765677521653886     0     -2     10
44.190936795381     0.0761312598002258     0     -2     10
44.1776746149988     0.076288032279638     0     -2     10
44.1644124907606     0.0761529190080399     0     -2     10
44.1511504235722     0.0765791113045235     0     -2     10
44.1378884143397     0.0768164781416527     0     -2     10
44.1246264639691     0.0767554112689241     0     -2     10
44.1113645733664     0.0768973174127537     0     -2     10
44.0981027434377     0.0770650575234501     0     -2     10
44.0848409750891     0.0771902372707753     0     -2     10
44.0715792692266     0.0770503593110799     0     -2     10
44.0583176267565     0.0771994115567754     0     -2     10
44.0450560485848     0.0776069920784643     0     -2     10
44.0317945356177     0.0770497787504606     0     -2     10
44.0185330887614     0.077721339550992     0     -2     10
44.0052717089222     0.0770508141882568     0     -2     10
43.9920103970062     0.0769105651857431     0     -2     10
43.9787491539198     0.0770538007205685     0     -2     10
43.9654879805692     0.0771681995503143     0     -2     10
43.9522268778607     0.0774294544211925     0     -2     10
43.9389658467008     0.0771946536158757     0     -2     10
43.9257048879957     0.0771053923550773     0     -2     10
43.912444002652     0.0773919021845262     0     -2     10
43.8991831915758     0.0775599905158416     0     -2     10
43.8859224556739     0.0777324917089345     0     -2     10
43.8726617958525     0.0778598688853462     0     -2     10
43.8594012130182     0.077908031021693     0     -2     10
43.8461407080776     0.0778858076659121     0     -2     10
43.8328802819372     0.0783849742066422     0     -2     10
43.8196199355036     0.0779647489853108     0     -2     10
43.8063596696833     0.077808559084234     0     -2     10
43.7930994853832     0.0779678852274368     0     -2     10
43.7798393835097     0.0776006860333071     0     -2     10
43.7665793649697     0.0776525415021655     0     -2     10
43.7533194306699     0.0775355801808477     0     -2     10
43.7400595815169     0.0781462769181428     0     -2     10
43.7267998184177     0.0777465659737287     0     -2     10
43.7135401422791     0.0778379991903885     0     -2     10
43.7002805540078     0.078317858400491     0     -2     10
43.6870210545109     0.07808489996961     0     -2     10
43.6737616446951     0.0785311685732045     0     -2     10
43.6605023254675     0.0786725005308037     0     -2     10
43.6472430977351     0.0784688192461589     0     -2     10
43.6339839624049     0.0787079472554888     0     -2     10
43.6207249203839     0.0784754191119337     0     -2     10
43.6074659725792     0.0786265305084144     0     -2     10
43.5942071198979     0.0787937642401535     0     -2     10
43.5809483632472     0.0790019401690528     0     -2     10
43.5676897035343     0.0785510307093979     0     -2     10
43.5544311416664     0.0793788834390822     0     -2     10
43.5411726785508     0.078979396834103     0     -2     10
43.5279143150947     0.0788519412287742     0     -2     10
43.5146560522055     0.0797540647781643     0     -2     10
43.5013978907905     0.0793052137369501     0     -2     10
43.4881398317573     0.079330565843447     0     -2     10
43.4748818760131     0.0792195107770577     0     -2     10
43.4616240244654     0.0793482370744211     0     -2     10
43.4483662780219     0.079113627526768     0     -2     10
43.43510863759     0.0792759387377659     0     -2     10
43.4218511040773     0.0793811457401436     0     -2     10
43.4085936783915     0.0794076564050953     0     -2     10
43.3953363614402     0.0793494239644405     0     -2     10
43.3820791541312     0.0796342904550027     0     -2     10
43.3688220573721     0.079850456459294     0     -2     10
43.3555650720708     0.0799622661837479     0     -2     10
43.3423081991352     0.0799658147120724     0     -2     10
43.3290514394729     0.0800005932320356     0     -2     10
43.3157947939921     0.0801444698452665     0     -2     10
43.3025382636006     0.0801290463052067     0     -2     10
43.2892818492064     0.0803843382928663     0     -2     10
43.2760255517175     0.0800087565695371     0     -2     10
43.2627693720421     0.0800379902583757     0     -2     10
43.2495133110882     0.0802929621249885     0     -2     10
43.236257369764     0.0802263175554449     0     -2     10
43.2230015489777     0.080341839116555     0     -2     10
43.2097458496376     0.0797424848669105     0     -2     10
43.1964902726519     0.0801589953190682     0     -2     10
43.183234818929     0.0800199678648082     0     -2     10
43.1699794893773     0.0803372858675178     0     -2     10
43.1567242849051     0.0805446348542364     0     -2     10
43.1434692064209     0.080770551609532     0     -2     10
43.1302142548334     0.0804852984574101     0     -2     10
43.1169594310509     0.0812099951169407     0     -2     10
43.1037047359822     0.0809694122562474     0     -2     10
43.0904501705359     0.0806604178243478     0     -2     10
43.0771957356206     0.0805962220401957     0     -2     10
43.0639414321452     0.0807446594016984     0     -2     10
43.0506872610184     0.0811468614362454     0     -2     10
43.0374332231491     0.0810653783197489     0     -2     10
43.0241793194461     0.0805036186404087     0     -2     10
43.0109255508184     0.0810253294024125     0     -2     10
42.9976719181749     0.08078040347406     0     -2     10
42.9844184224248     0.0809677159807519     0     -2     10
42.9711650644771     0.0808094512270733     0     -2     10
42.9579118452409     0.0811091189345938     0     -2     10
42.9446587656254     0.0810492074654936     0     -2     10
42.9314058265398     0.0813021462720074     0     -2     10
42.9181530288935     0.081445481224127     0     -2     10
42.9049003735958     0.0812360114938259     0     -2     10
42.891647861556     0.0813779559864415     0     -2     10
42.8783954936836     0.0813854448621238     0     -2     10
42.865143270888     0.0811456663130459     0     -2     10
42.8518911940789     0.0813771592044592     0     -2     10
42.8386392641659     0.0816520941810411     0     -2     10
42.8253874820585     0.0815415330637525     0     -2     10
42.8121358486664     0.0815145803666132     0     -2     10
42.7988843648995     0.0811427833465027     0     -2     10
42.7856330316676     0.0809355450905039     0     -2     10
42.7723818498804     0.0814246860981408     0     -2     10
42.759130820448     0.0814365886006386     0     -2     10
42.7458799442802     0.0815288255653705     0     -2     10
42.7326292222872     0.0819231501279005     0     -2     10
42.719378655379     0.0816962469874337     0     -2     10
42.7061282444657     0.0816230288577709     0     -2     10
42.6928779904575     0.0819595281260951     0     -2     10
42.6796278942648     0.0823333880710505     0     -2     10
42.6663779567977     0.0819892918613662     0     -2     10
42.6531281789667     0.0823406888434717     0     -2     10
42.6398785616822     0.0823408675894306     0     -2     10
42.6266291058547     0.0822397580544702     0     -2     10
42.6133798123947     0.0820743785964474     0     -2     10
42.6001306822128     0.0817768090695839     0     -2     10
42.5868817162196     0.0824122419919556     0     -2     10
42.573632915326     0.0826210427968378     0     -2     10
42.5603842804426     0.0823024033697565     0     -2     10
42.5471358124802     0.082450822481189     0     -2     10
42.5338875123499     0.0828866482669353     0     -2     10
42.5206393809625     0.0824709810350428     0     -2     10
42.5073914192291     0.082295103365098     0     -2     10
42.4941436280607     0.0831411830043379     0     -2     10
42.4808960083686     0.0827142625215385     0     -2     10
42.4676485610637     0.0826196325794678     0     -2     10
42.4544012870576     0.0826722503323532     0     -2     10
42.4411541872613     0.0831306501694839     0     -2     10
42.4279072625865     0.0830390635666561     0     -2     10
42.4146605139445     0.082802628018705     0     -2     10
42.4014139422467     0.0829515380143401     0     -2     10
42.3881675484049     0.0826850592685175     0     -2     10
42.3749213333306     0.0832106414500082     0     -2     10
42.3616752979356     0.0829443220052949     0     -2     10
42.3484294431316     0.0830352022522516     0     -2     10
42.3351837698304     0.0831486405783621     0     -2     10
42.3219382789441     0.0829707820791008     0     -2     10
42.3086929713844     0.0838001176946283     0     -2     10
42.2954478480635     0.0834336030468789     0     -2     10
42.2822029098935     0.0832044742481022     0     -2     10
42.2689581577864     0.0828919200794181     0     -2     10
42.2557135926547     0.0835968567941829     0     -2     10
42.2424692154105     0.0833306640206374     0     -2     10
42.2292250269662     0.0835132559416079     0     -2     10
42.2159810282344     0.0832962843127884     0     -2     10
42.2027372201273     0.0835083401805163     0     -2     10
42.1894936035578     0.0834020196827665     0     -2     10
42.1762501794383     0.0838711421450237     0     -2     10
42.1630069486816     0.0838746532807613     0     -2     10
42.1497639122005     0.0837267774418248     0     -2     10
42.1365210709078     0.083274167667794     0     -2     10
42.1232784257165     0.0840611101637341     0     -2     10
42.1100359775395     0.084001971388414     0     -2     10
42.09679372729     0.0843302802315423     0     -2     10
42.083551675881     0.0843034443424495     0     -2     10
42.0703098242257     0.0844629721192782     0     -2     10
42.0570681732375     0.0840935413325365     0     -2     10
42.0438267238296     0.0845838892283247     0     -2     10
42.0305854769156     0.084422693389074     0     -2     10
42.0173444334088     0.0843576211765929     0     -2     10
42.0041035942229     0.0844601788639228     0     -2     10
41.9908629602715     0.084229288612455     0     -2     10
41.9776225324684     0.0849628900213507     0     -2     10
41.9643823117272     0.0849087119551334     0     -2     10
41.9511422989619     0.0848333486851286     0     -2     10
41.9379024950865     0.0843078801100534     0     -2     10
41.9246629010149     0.0844617246672605     0     -2     10
41.9114235176612     0.0849971178226248     0     -2     10
41.8981843459396     0.0852597172161703     0     -2     10
41.8849453867643     0.0849299072387465     0     -2     10
41.8717066410497     0.0850110361195848     0     -2     10
41.8584681097102     0.0850815201811182     0     -2     10
41.8452297936601     0.085299601355594     0     -2     10
41.8319916938142     0.0849768356006126     0     -2     10
41.8187538110869     0.0849744921744735     0     -2     10
41.8055161463931     0.0852384826318549     0     -2     10
41.7922787006474     0.0852742218866772     0     -2     10
41.7790414747648     0.0846857322664195     0     -2     10
41.7658044696602     0.0850682353997348     0     -2     10
41.7525676862486     0.0850795249060288     0     -2     10
41.7393311254452     0.0853170809457116     0     -2     10
41.726094788165     0.0858386983284729     0     -2     10
41.7128586753234     0.0854821393477455     0     -2     10
41.6996227878358     0.0853497906241485     0     -2     10
41.6863871266174     0.085145534761924     0     -2     10
41.673151692584     0.0853735280374332     0     -2     10
41.6599164866509     0.0858956515587468     0     -2     10
41.646681509734     0.0859504239637628     0     -2     10
41.6334467627489     0.0858576955738365     0     -2     10
41.6202122466115     0.0860334200383689     0     -2     10
41.6069779622377     0.0858680521375756     0     -2     10
41.5937439105435     0.0855161373162054     0     -2     10
41.580510092445     0.08609244521882     0     -2     10
41.5672765088584     0.0857805113957047     0     -2     10
41.5540431606999     0.0856225709600423     0     -2     10
41.5408100488858     0.085847158782467     0     -2     10
41.5275771743327     0.0860385127447458     0     -2     10
41.5143445379569     0.0856820927140996     0     -2     10
41.5011121406751     0.0861583492677845     0     -2     10
41.487879983404     0.0861226358448878     0     -2     10
41.4746480670603     0.0862156226653363     0     -2     10
41.4614163925608     0.0862111899144585     0     -2     10
41.4481849608227     0.0856948181988971     0     -2     10
41.4349537727627     0.0865657533531707     0     -2     10
41.4217228292982     0.0865656302246236     0     -2     10
41.4084921313462     0.0867563621619823     0     -2     10
41.395261679824     0.0862688740758623     0     -2     10
41.3820314756491     0.0862692394474062     0     -2     10
41.368801519739     0.0865425400575749     0     -2     10
41.3555718130111     0.0862941054847315     0     -2     10
41.3423423563831     0.0864717642343088     0     -2     10
41.3291131507728     0.0867602657638058     0     -2     10
41.315884197098     0.0867669907268294     0     -2     10
41.3026554962766     0.0864896599973848     0     -2     10
41.2894270492266     0.0858838247682268     0     -2     10
41.2761988568661     0.0867845624160211     0     -2     10
41.2629709201134     0.0865162004095424     0     -2     10
41.2497432398867     0.0870679647210578     0     -2     10
41.2365158171043     0.0869422489076305     0     -2     10
41.2232886526848     0.0869424520930979     0     -2     10
41.2100617475467     0.0872492216970912     0     -2     10
41.1968351026086     0.0871297717492252     0     -2     10
41.1836087187894     0.0871410144364578     0     -2     10
41.1703825970079     0.0869251692519825     0     -2     10
41.1571567381829     0.0868297777611923     0     -2     10
41.1439311432336     0.087131433454737     0     -2     10
41.130705813079     0.0869322570052836     0     -2     10
41.1174807486384     0.0870848749825589     0     -2     10
41.1042559508312     0.0875193094779678     0     -2     10
41.0910314205766     0.0874292132743738     0     -2     10
41.0778071587943     0.0878456953372199     0     -2     10
41.0645831664038     0.0870037988427289     0     -2     10
41.0513594443248     0.0872578330458357     0     -2     10
41.0381359934772     0.0871318203393404     0     -2     10
41.0249128147808     0.0871940361942039     0     -2     10
41.0116899091557     0.087800242938542     0     -2     10
40.9984672775219     0.0877881348644824     0     -2     10
40.9852449207996     0.0870817861937835     0     -2     10
40.9720228399091     0.088000701280411     0     -2     10
40.9588010357708     0.0879175036383655     0     -2     10
40.9455795093053     0.0873166106696676     0     -2     10
40.932358261433     0.087524707718919     0     -2     10
40.9191372930747     0.0878659449832967     0     -2     10
40.9059166051511     0.0877192431449506     0     -2     10
40.8926961985833     0.0881251903192382     0     -2     10
40.8794760742921     0.0882274289990872     0     -2     10
40.8662562331986     0.0879896861036337     0     -2     10
40.8530366762241     0.0879024235666766     0     -2     10
40.8398174042898     0.0879497429493679     0     -2     10
40.8265984183172     0.0885412109433861     0     -2     10
40.8133797192277     0.0883709392951167     0     -2     10
40.800161307943     0.0882107827376662     0     -2     10
40.7869431853848     0.0881233455462507     0     -2     10
40.7737253524748     0.0882997042509013     0     -2     10
40.7605078101351     0.088252612603313     0     -2     10
40.7472905592876     0.0883400894424269     0     -2     10
40.7340736008544     0.0885300871805558     0     -2     10
40.7208569357578     0.0888301451664869     0     -2     10
40.7076405649202     0.0886442027583186     0     -2     10
40.6944244892639     0.0888252728044176     0     -2     10
40.6812087097115     0.0888673024995373     0     -2     10
40.6679932271857     0.0889118298951938     0     -2     10
40.6547780426093     0.0891442470754824     0     -2     10
40.6415631569051     0.0884736271694     0     -2     10
40.628348570996     0.0889278073220373     0     -2     10
40.6151342858053     0.0887790708521777     0     -2     10
40.601920302256     0.0888012812547448     0     -2     10
40.5887066212714     0.0888282856421792     0     -2     10
40.5754932437751     0.0897345635173263     0     -2     10
40.5622801706905     0.0896902750498008     0     -2     10
40.5490674029412     0.0892521703185507     0     -2     10
40.5358549414509     0.089022575076856     0     -2     10
40.5226427871436     0.0888191485351979     0     -2     10
40.5094309409432     0.0890200591688415     0     -2     10
40.4962194037737     0.0893158621027656     0     -2     10
40.4830081765594     0.0887957298375674     0     -2     10
40.4697972602245     0.0893446654579769     0     -2     10
40.4565866556934     0.089428382160202     0     -2     10
40.4433763638906     0.0888789649041593     0     -2     10
40.4301663857409     0.0892421372469389     0     -2     10
40.4169567221688     0.0891707874804682     0     -2     10
40.4037473740993     0.0887269040121101     0     -2     10
40.3905383424574     0.0890600215119162     0     -2     10
40.3773296281681     0.0895875577125031     0     -2     10
40.3641212321566     0.089540547229762     0     -2     10
