40.3773296281681     0.0921526866101772     0     6     -8
40.3905383424574     0.0921578835112499     0     6     -8
40.4037473740993     0.092335468787755     0     6     -8
40.4169567221688     0.0919900833667725     0     6     -8
40.4301663857409     0.0918092447514225     0     6     -8
40.4433763638906     0.0916753278998274     0     6     -8
40.4565866556934     0.0917335384107858     0     6     -8
40.4697972602245     0.0915493684220733     0     6     -8
40.4830081765594     0.0913478425078284     0     6     -8
40.4962194037737     0.0913548556253937     0     6     -8
40.5094309409432     0.0912574719240711     0     6     -8
40.5226427871436     0.0911101330190041     0     6     -8
40.5358549414509     0.0915080906734333     0     6     -8
40.5490674029412     0.0912012119460467     0     6     -8
40.5622801706905     0.0910836589793937     0     6     -8
40.5754932437751     0.0914363680269639     0     6     -8
40.5887066212714     0.0913022368557907     0     6     -8
40.601920302256     0.0911026918237887     0     6     -8
40.6151342858053     0.0912759988544507     0     6     -8
40.628348570996     0.0909558384984775     0     6     -8
40.6415631569051     0.0903477731666136     0     6     -8
40.6547780426093     0.0908703954447476     0     6     -8
40.6679932271857     0.0905821611041454     0     6     -8
40.6812087097115     0.0909343591735703     0     6     -8
40.6944244892639     0.0903391319947019     0     6     -8
40.7076405649202     0.0907159529521443     0     6     -8
40.7208569357578     0.0906491714707188     0     6     -8
40.7340736008544     0.0908425739717332     0     6     -8
40.7472905592876     0.0911628339467261     0     6     -8
40.7605078101351     0.0905913640622906     0     6     -8
40.7737253524748     0.0906219750872164     0     6     -8
40.7869431853848     0.0909055300849136     0     6     -8
40.800161307943     0.0912332631522204     0     6     -8
40.8133797192277     0.0909644385826572     0     6     -8
40.8265984183172     0.0909918604089279     0     6     -8
40.8398174042898     0.0912202840197843     0     6     -8
40.8530366762241     0.0912173865240703     0     6     -8
40.8662562331986     0.091264605893957     0     6     -8
40.8794760742921     0.0911755376314392     0     6     -8
40.8926961985833     0.0913696298934745     0     6     -8
40.9059166051511     0.091632515694108     0     6     -8
40.9191372930747     0.0918971706929448     0     6     -8
40.932358261433     0.0922415942628479     0     6     -8
40.9455795093053     0.0924870881950943     0     6     -8
40.9588010357708     0.092481406211073     0     6     -8
40.9720228399091     0.0926814334420136     0     6     -8
40.9852449207996     0.0929555456300058     0     6     -8
40.9984672775219     0.092824147932364     0     6     -8
41.0116899091557     0.0930308558118764     0     6     -8
41.0249128147808     0.0934620525972767     0     6     -8
41.0381359934772     0.0932019518559659     0     6     -8
41.0513594443248     0.0936599938122126     0     6     -8
41.0645831664038     0.0940367176937293     0     6     -8
41.0778071587943     0.0944399434441618     0     6     -8
41.0910314205766     0.0945583574377931     0     6     -8
41.1042559508312     0.0951542010114567     0     6     -8
41.1174807486384     0.0955957487011761     0     6     -8
41.130705813079     0.0954441292328675     0     6     -8
41.1439311432336     0.0956455272194415     0     6     -8
41.1571567381829     0.0956985244218903     0     6     -8
41.1703825970079     0.0965140492569572     0     6     -8
41.1836087187894     0.0963484702366537     0     6     -8
41.1968351026086     0.0968367348687289     0     6     -8
41.2100617475467     0.0973027434782761     0     6     -8
41.2232886526848     0.0973776134795858     0     6     -8
41.2365158171043     0.0975209415488287     0     6     -8
41.2497432398867     0.0975021507373895     0     6     -8
41.2629709201134     0.0975294342989712     0     6     -8
41.2761988568661     0.0980362847621815     0     6     -8
41.2894270492266     0.0980136032457729     0     6     -8
41.3026554962766     0.0985063496454538     0     6     -8
41.315884197098     0.0989359619516942     0     6     -8
41.3291131507728     0.0992650481639916     0     6     -8
41.3423423563831     0.099574978272679     0     6     -8
41.3555718130111     0.0999091895424604     0     6     -8
41.368801519739     0.100093024772853     0     6     -8
41.3820314756491     0.100619382625055     0     6     -8
41.395261679824     0.100662160747482     0     6     -8
41.4084921313462     0.101016645219777     0     6     -8
41.4217228292982     0.101460689040082     0     6     -8
41.4349537727627     0.101554687178175     0     6     -8
41.4481849608227     0.101383342841163     0     6     -8
41.4614163925608     0.101626273010028     0     6     -8
41.4746480670603     0.101472625765282     0     6     -8
41.487879983404     0.101644524139845     0     6     -8
41.5011121406751     0.102369789219917     0     6     -8
41.5143445379569     0.102588962909282     0     6     -8
41.5275771743327     0.103032013134775     0     6     -8
41.5408100488858     0.103111141460021     0     6     -8
41.5540431606999     0.103187370391447     0     6     -8
41.5672765088584     0.103286922991829     0     6     -8
41.580510092445     0.103003005009802     0     6     -8
41.5937439105435     0.103633123065838     0     6     -8
41.6069779622377     0.1037044107439     0     6     -8
41.6202122466115     0.103519555185555     0     6     -8
41.6334467627489     0.104130524745759     0     6     -8
41.646681509734     0.104335383764315     0     6     -8
41.6599164866509     0.104248097238397     0     6     -8
41.673151692584     0.104254067615384     0     6     -8
41.6863871266174     0.104317921437751     0     6     -8
41.6996227878358     0.104659473704089     0     6     -8
41.7128586753234     0.104367096957523     0     6     -8
41.726094788165     0.104938451929599     0     6     -8
41.7393311254452     0.104960405009042     0     6     -8
41.7525676862486     0.10487751524239     0     6     -8
41.7658044696602     0.105000578087936     0     6     -8
41.7790414747648     0.104950801667919     0     6     -8
41.7922787006474     0.105476569369787     0     6     -8
41.8055161463931     0.105682475082546     0     6     -8
41.8187538110869     0.105666994272953     0     6     -8
41.8319916938142     0.10570797166519     0     6     -8
41.8452297936601     0.105819269109174     0     6     -8
41.8584681097102     0.105791149436592     0     6     -8
41.8717066410497     0.105854025278972     0     6     -8
41.8849453867643     0.10576372944978     0     6     -8
41.8981843459396     0.105831225284639     0     6     -8
41.9114235176612     0.105696353689156     0     6     -8
41.9246629010149     0.105582442487128     0     6     -8
41.9379024950865     0.105864576930361     0     6     -8
41.9511422989619     0.10568980630967     0     6     -8
41.9643823117272     0.106132141480181     0     6     -8
41.9776225324684     0.106250307176535     0     6     -8
41.9908629602715     0.106239431723379     0     6     -8
42.0041035942229     0.106259421255696     0     6     -8
42.0173444334088     0.105940782391949     0     6     -8
42.0305854769156     0.106044249723314     0     6     -8
42.0438267238296     0.106347595658572     0     6     -8
42.0570681732375     0.106051167877112     0     6     -8
42.0703098242257     0.106010473087     0     6     -8
42.083551675881     0.105724409888223     0     6     -8
42.09679372729     0.105752704648806     0     6     -8
42.1100359775395     0.105841828376954     0     6     -8
42.1232784257165     0.105927019287281     0     6     -8
42.1365210709078     0.105759488497921     0     6     -8
42.1497639122005     0.106077810465865     0     6     -8
42.1630069486816     0.105959282184988     0     6     -8
42.1762501794383     0.105889505833024     0     6     -8
42.1894936035578     0.105842158760804     0     6     -8
42.2027372201273     0.106044939773945     0     6     -8
42.2159810282344     0.105872120213774     0     6     -8
42.2292250269662     0.10586311091598     0     6     -8
42.2424692154105     0.10570110274532     0     6     -8
42.2557135926547     0.105784383204408     0     6     -8
42.2689581577864     0.105517435329373     0     6     -8
42.2822029098935     0.105490729267082     0     6     -8
42.2954478480635     0.105214001239457     0     6     -8
42.3086929713844     0.105485946171848     0     6     -8
42.3219382789441     0.105620318664134     0     6     -8
42.3351837698304     0.10529802787555     0     6     -8
42.3484294431316     0.105407040392024     0     6     -8
42.3616752979356     0.105856388000929     0     6     -8
42.3749213333306     0.105523888785315     0     6     -8
42.3881675484049     0.105730692426754     0     6     -8
42.4014139422467     0.105736239725689     0     6     -8
42.4146605139445     0.10554077823589     0     6     -8
42.4279072625865     0.1055544240816     0     6     -8
42.4411541872613     0.105219446590958     0     6     -8
42.4544012870576     0.105173858602645     0     6     -8
42.4676485610637     0.104864487042291     0     6     -8
42.4808960083686     0.104906585367683     0     6     -8
42.4941436280607     0.105003131801853     0     6     -8
42.5073914192291     0.104622988461325     0     6     -8
42.5206393809625     0.104750545174238     0     6     -8
42.5338875123499     0.104651385417302     0     6     -8
42.5471358124802     0.104983968088703     0     6     -8
42.5603842804426     0.105078473249516     0     6     -8
42.573632915326     0.105163297802572     0     6     -8
42.5868817162196     0.105009489021455     0     6     -8
42.6001306822128     0.105092920022355     0     6     -8
42.6133798123947     0.104803730337264     0     6     -8
42.6266291058547     0.104840361109418     0     6     -8
42.6398785616822     0.104468784155193     0     6     -8
42.6531281789667     0.104747728980793     0     6     -8
42.6663779567977     0.104452820879623     0     6     -8
42.6796278942648     0.104468436299585     0     6     -8
42.6928779904575     0.104444907753333     0     6     -8
42.7061282444657     0.104291148659896     0     6     -8
42.719378655379     0.103950657892405     0     6     -8
42.7326292222872     0.104166584685407     0     6     -8
42.7458799442802     0.104254492805558     0     6     -8
42.759130820448     0.104320263222387     0     6     -8
42.7723818498804     0.104085349348016     0     6     -8
42.7856330316676     0.10430037574627     0     6     -8
42.7988843648995     0.104031603039316     0     6     -8
42.8121358486664     0.104508343295696     0     6     -8
42.8253874820585     0.103878445997399     0     6     -8
42.8386392641659     0.104346593254049     0     6     -8
42.8518911940789     0.104603849966893     0     6     -8
42.865143270888     0.104139069859989     0     6     -8
42.8783954936836     0.104325571017985     0     6     -8
42.891647861556     0.104385029474564     0     6     -8
42.9049003735958     0.10401193641451     0     6     -8
42.9181530288935     0.103928333193332     0     6     -8
42.9314058265398     0.103916451868882     0     6     -8
42.9446587656254     0.103465446787756     0     6     -8
42.9579118452409     0.103753394578524     0     6     -8
42.9711650644771     0.103475041647615     0     6     -8
42.9844184224248     0.103632631136921     0     6     -8
42.9976719181749     0.10372034983062     0     6     -8
43.0109255508184     0.103584534215005     0     6     -8
43.0241793194461     0.104038710974016     0     6     -8
43.0374332231491     0.103817402229693     0     6     -8
43.0506872610184     0.103412341607754     0     6     -8
43.0639414321452     0.10368679372945     0     6     -8
43.0771957356206     0.103596494392773     0     6     -8
43.0904501705359     0.103266616483344     0     6     -8
43.1037047359822     0.103112189498805     0     6     -8
43.1169594310509     0.102838156561255     0     6     -8
43.1302142548334     0.10235950593538     0     6     -8
43.1434692064209     0.103053042212775     0     6     -8
43.1567242849051     0.102836719157936     0     6     -8
43.1699794893773     0.102797883097386     0     6     -8
43.183234818929     0.102526514066685     0     6     -8
43.1964902726519     0.102620128122797     0     6     -8
43.2097458496376     0.103046039114396     0     6     -8
43.2230015489777     0.103083976584563     0     6     -8
43.236257369764     0.102888032956414     0     6     -8
43.2495133110882     0.102626922987224     0     6     -8
43.2627693720421     0.102608554798998     0     6     -8
43.2760255517175     0.102901618222326     0     6     -8
43.2892818492064     0.102440578304867     0     6     -8
43.3025382636006     0.102381433438932     0     6     -8
43.3157947939921     0.102378308925135     0     6     -8
43.3290514394729     0.102042641813483     0     6     -8
43.3423081991352     0.101998659706687     0     6     -8
43.3555650720708     0.102026727449844     0     6     -8
43.3688220573721     0.102116434766981     0     6     -8
43.3820791541312     0.102201474025144     0     6     -8
43.3953363614402     0.102417540121328     0     6     -8
43.4085936783915     0.102341212539978     0     6     -8
43.4218511040773     0.102298295162988     0     6     -8
43.43510863759     0.10196524109772     0     6     -8
43.4483662780219     0.101853399919846     0     6     -8
43.4616240244654     0.1017559657829     0     6     -8
43.4748818760131     0.101555018426361     0     6     -8
43.4881398317573     0.101560144282393     0     6     -8
43.5013978907905     0.101226529884009     0     6     -8
43.5146560522055     0.10141600423545     0     6     -8
43.5279143150947     0.101408506845428     0     6     -8
43.5411726785508     0.101276743370406     0     6     -8
43.5544311416664     0.101105094648457     0     6     -8
43.5676897035343     0.101259411511183     0     6     -8
43.5809483632472     0.101306614464163     0     6     -8
43.5942071198979     0.10108285507567     0     6     -8
43.6074659725792     0.101449064601674     0     6     -8
43.6207249203839     0.10133822352533     0     6     -8
43.6339839624049     0.101428461782194     0     6     -8
43.6472430977351     0.10096708976473     0     6     -8
43.6605023254675     0.100939648085725     0     6     -8
43.6737616446951     0.100689944008114     0     6     -8
43.6870210545109     0.100636081535669     0     6     -8
43.7002805540078     0.100612712806742     0     6     -8
43.7135401422791     0.100380400254382     0     6     -8
43.7267998184177     0.100525357256223     0     6     -8
43.7400595815169     0.100408406196608     0     6     -8
43.7533194306699     0.100465111048568     0     6     -8
43.7665793649697     0.100506274001429     0     6     -8
43.7798393835097     0.100997967642798     0     6     -8
43.7930994853832     0.100592266606213     0     6     -8
43.8063596696833     0.100678786390202     0     6     -8
43.8196199355036     0.100610726303403     0     6     -8
43.8328802819372     0.100469318877401     0     6     -8
43.8461407080776     0.10021194951854     0     6     -8
43.8594012130182     0.100412114672758     0     6     -8
43.8726617958525     0.100071148887951     0     6     -8
43.8859224556739     0.0999785586482874     0     6     -8
43.8991831915758     0.0999865976777415     0     6     -8
43.912444002652     0.0996270950833197     0     6     -8
43.9257048879957     0.0998502022209632     0     6     -8
43.9389658467008     0.099623151083519     0     6     -8
43.9522268778607     0.0998696997994338     0     6     -8
43.9654879805692     0.099674297934209     0     6     -8
43.9787491539198     0.0998210257091478     0     6     -8
43.9920103970062     0.100046620451457     0     6     -8
44.0052717089222     0.0997937809622108     0     6     -8
44.0185330887614     0.0998285452616163     0     6     -8
44.0317945356177     0.100098320748777     0     6     -8
44.0450560485848     0.0997080670636879     0     6     -8
44.0583176267565     0.0991233505429393     0     6     -8
44.0715792692266     0.0993152420135952     0     6     -8
44.0848409750891     0.0989374989509828     0     6     -8
44.0981027434377     0.0990408408126662     0     6     -8
44.1113645733664     0.0991150098606633     0     6     -8
44.1246264639691     0.0985662037372767     0     6     -8
44.1378884143397     0.0986071997304004     0     6     -8
44.1511504235722     0.0986060217556499     0     6     -8
44.1644124907606     0.0988156634683611     0     6     -8
44.1776746149988     0.0989354763424726     0     6     -8
44.190936795381     0.0986054996261102     0     6     -8
44.2041990310011     0.0989395032520565     0     6     -8
44.2174613209532     0.0992471688491107     0     6     -8
44.2307236643314     0.0991949016977424     0     6     -8
44.2439860602298     0.0990142048457318     0     6     -8
44.2572485077426     0.0986266107071047     0     6     -8
44.2705110059638     0.0987403548029507     0     6     -8
44.2837735539876     0.0986230321827683     0     6     -8
44.2970361509082     0.098725942383802     0     6     -8
44.3102987958199     0.098460568980455     0     6     -8
44.3235614878167     0.0981863574113033     0     6     -8
44.336824225993     0.0980700674932713     0     6     -8
44.3500870094429     0.0979590081844489     0     6     -8
44.3633498372608     0.0980646539871454     0     6     -8
44.376612708541     0.0979663083092846     0     6     -8
44.3898756223776     0.0981520670178076     0     6     -8
44.4031385778651     0.0982094643174354     0     6     -8
44.4164015740977     0.0980516959924015     0     6     -8
44.4296646101698     0.0981377295819849     0     6     -8
44.4429276851758     0.0981982912552391     0     6     -8
44.45619079821     0.0980629327974337     0     6     -8
44.4694539483668     0.0980609027737088     0     6     -8
44.4827171347406     0.0978982928469536     0     6     -8
44.4959803564257     0.0977655719342532     0     6     -8
44.5092436125167     0.0974075347313783     0     6     -8
44.522506902108     0.0973932144925341     0     6     -8
44.5357702242939     0.0973985979119763     0     6     -8
44.549033578169     0.0968819100703728     0     6     -8
44.5622969628277     0.0970959268995731     0     6     -8
44.5755603773645     0.0972609709989456     0     6     -8
44.5888238208739     0.0973224501074712     0     6     -8
44.6020872924504     0.0971590522298613     0     6     -8
44.6153507911885     0.0973473616790748     0     6     -8
44.6286143161827     0.0975314425471062     0     6     -8
44.6418778665275     0.097286281666565     0     6     -8
44.6551414413176     0.0971472816467832     0     6     -8
44.6684050396474     0.0970344545566324     0     6     -8
44.6816686606115     0.0968505372400826     0     6     -8
44.6949323033044     0.0966534907666831     0     6     -8
44.7081959668207     0.0963738789850261     0     6     -8
44.7214596502551     0.0966222507189094     0     6     -8
44.7347233527021     0.0963685086705948     0     6     -8
44.7479870732562     0.0964147182630814     0     6     -8
44.7612508110122     0.0960746940710649     0     6     -8
44.7745145650645     0.0962649532956739     0     6     -8
44.7877783345079     0.0965498201573991     0     6     -8
44.8010421184369     0.0966087215706529     0     6     -8
44.8143059159461     0.0963841449452573     0     6     -8
44.8275697261302     0.0964791955934239     0     6     -8
44.8408335480838     0.0961158146268117     0     6     -8
44.8540973809016     0.0960180590586628     0     6     -8
44.8673612236781     0.095630134281652     0     6     -8
44.8806250755081     0.0956124373885101     0     6     -8
44.8938889354862     0.0954885627512886     0     6     -8
44.9071528027069     0.0951902400143529     0     6     -8
44.9204166762651     0.0954947368027149     0     6     -8
44.9336805552553     0.0953912379252356     0     6     -8
44.9469444387722     0.0955222360183916     0     6     -8
44.9602083259105     0.0955408068485346     0     6     -8
44.9734722157648     0.0955790706891106     0     6     -8
44.9867361074297     0.0957896144351645     0     6     -8
45     0.0953809906372615     0     6     -8
