44.9867361074297     0.0748485361685126     0     -2     10
44.9734722157648     0.0751530120451814     0     -2     10
44.9602083259105     0.0749728064133078     0     -2     10
44.9469444387722     0.0748804402791115     0     -2     10
44.9336805552553     0.0751887652575606     0     -2     10
44.9204166762651     0.0752370347192201     0     -2     10
44.9071528027069     0.074885550735297     0     -2     10
44.8938889354862     0.074784548223086     0     -2     10
44.8806250755081     0.0747658253134169     0     -2     10
44.8673612236781     0.074740109047119     0     -2     10
44.8540973809016     0.0745280972163417     0     -2     10
44.8408335480838     0.0751961017768775     0     -2     10
44.8275697261302     0.0749868991186541     0     -2     10
44.8143059159461     0.0755345842609488     0     -2     10
44.8010421184369     0.0755522129594514     0     -2     10
44.7877783345079     0.0758219462534529     0     -2     10
44.7745145650645     0.0755717114421464     0     -2     10
44.7612508110122     0.075350325324534     0     -2     10
44.7479870732562     0.0755843650710182     0     -2     10
44.7347233527021     0.0761423945273784     0     -2     10
44.7214596502551     0.0755009110426912     0     -2     10
44.7081959668207     0.0754049066008199     0     -2     10
44.6949323033044     0.0756763721175957     0     -2     10
44.6816686606115     0.0752795604545323     0     -2     10
44.6684050396474     0.0756799511348284     0     -2     10
44.6551414413176     0.0756801904001712     0     -2     10
44.6418778665275     0.0756230531133091     0     -2     10
44.6286143161827     0.0760909234666296     0     -2     10
44.6153507911885     0.0760256765613525     0     -2     10
44.6020872924504     0.0762179283379558     0     -2     10
44.5888238208739     0.0766287547194693     0     -2     10
44.5755603773645     0.076584550624206     0     -2     10
44.5622969628277     0.0760623094359924     0     -2     10
44.549033578169     0.0765301401601384     0     -2     10
44.5357702242939     0.0762026754530178     0     -2     10
44.522506902108     0.0763709645173851     0     -2     10
44.5092436125167     0.0761910853814023     0     -2     10
44.4959803564257     0.0760807300631706     0     -2     10
44.4827171347406     0.0758402359331243     0     -2     10
44.4694539483668     0.0759858252249809     0     -2     10
44.45619079821     0.0758657801321227     0     -2     10
44.4429276851758     0.0761423199472294     0     -2     10
44.4296646101698     0.0761395987457769     0     -2     10
44.4164015740977     0.0766813979490332     0     -2     10
44.4031385778651     0.0765021923925347     0     -2     10
44.3898756223776     0.0767431500673446     0     -2     10
44.376612708541     0.0766159521773887     0     -2     10
44.3633498372608     0.0769541132340273     0     -2     10
44.3500870094429     0.0768714810308308     0     -2     10
44.336824225993     0.0774524340443047     0     -2     10
44.3235614878167     0.0775556142009914     0     -2     10
44.3102987958199     0.0770519755620742     0     -2     10
44.2970361509082     0.0768587707958705     0     -2     10
44.2837735539876     0.0772165091736046     0     -2     10
44.2705110059638     0.077162325075574     0     -2     10
44.2572485077426     0.0768117479894639     0     -2     10
44.2439860602298     0.0768652706196613     0     -2     10
44.2307236643314     0.077049095955214     0     -2     10
44.2174613209532     0.0771232840183558     0     -2     10
44.2041990310011     0.0775994972177134     0     -2     10
44.190936795381     0.0777919411510263     0     -2     10
44.1776746149988     0.0773135606007708     0     -2     10
44.1644124907606     0.0779129944771172     0     -2     10
44.1511504235722     0.0778011451233315     0     -2     10
44.1378884143397     0.0777394679001143     0     -2     10
44.1246264639691     0.0776938871925046     0     -2     10
44.1113645733664     0.0779618875530303     0     -2     10
44.0981027434377     0.0777821997806357     0     -2     10
44.0848409750891     0.0773966581500743     0     -2     10
44.0715792692266     0.0773773963820827     0     -2     10
44.0583176267565     0.0772956365473154     0     -2     10
44.0450560485848     0.0774432917453279     0     -2     10
44.0317945356177     0.0774796561948749     0     -2     10
44.0185330887614     0.0774146463471059     0     -2     10
44.0052717089222     0.077165944796101     0     -2     10
43.9920103970062     0.077658157453581     0     -2     10
43.9787491539198     0.0786511427012872     0     -2     10
43.9654879805692     0.0785469161267124     0     -2     10
43.9522268778607     0.0786678560407579     0     -2     10
43.9389658467008     0.0789741424095778     0     -2     10
43.9257048879957     0.0787400149199359     0     -2     10
43.912444002652     0.0789295375072793     0     -2     10
43.8991831915758     0.0792815384264562     0     -2     10
43.8859224556739     0.078934947000435     0     -2     10
43.8726617958525     0.0787651253192812     0     -2     10
43.8594012130182     0.0788951098310244     0     -2     10
43.8461407080776     0.0781559352211747     0     -2     10
43.8328802819372     0.0788867476545313     0     -2     10
43.8196199355036     0.0782762792701489     0     -2     10
43.8063596696833     0.0785983764839747     0     -2     10
43.7930994853832     0.0786954142575288     0     -2     10
43.7798393835097     0.0789231747505897     0     -2     10
43.7665793649697     0.079190079885639     0     -2     10
43.7533194306699     0.0795360338570108     0     -2     10
43.7400595815169     0.0796564251603382     0     -2     10
43.7267998184177     0.0793427618083785     0     -2     10
43.7135401422791     0.0799335998234772     0     -2     10
43.7002805540078     0.0797088011131605     0     -2     10
43.6870210545109     0.0794406276201129     0     -2     10
43.6737616446951     0.0793324307010798     0     -2     10
43.6605023254675     0.0796461153337868     0     -2     10
43.6472430977351     0.0792416153782119     0     -2     10
43.6339839624049     0.0795820420707009     0     -2     10
43.6207249203839     0.0793578791774452     0     -2     10
43.6074659725792     0.0795728499951007     0     -2     10
43.5942071198979     0.0793892051080365     0     -2     10
43.5809483632472     0.0803127314835486     0     -2     10
43.5676897035343     0.0803409393971994     0     -2     10
43.5544311416664     0.080904941172695     0     -2     10
43.5411726785508     0.0805048269179048     0     -2     10
43.5279143150947     0.0801690860391343     0     -2     10
43.5146560522055     0.080152990678774     0     -2     10
43.5013978907905     0.0803868819461527     0     -2     10
43.4881398317573     0.0803905926378283     0     -2     10
43.4748818760131     0.0801636035699877     0     -2     10
43.4616240244654     0.0802210212146836     0     -2     10
43.4483662780219     0.0801082409465371     0     -2     10
43.43510863759     0.0807044730455133     0     -2     10
43.4218511040773     0.0806245180031683     0     -2     10
43.4085936783915     0.0806569312470045     0     -2     10
43.3953363614402     0.0812864695453628     0     -2     10
43.3820791541312     0.0810130053534158     0     -2     10
43.3688220573721     0.0809590946441466     0     -2     10
43.3555650720708     0.0811645082721429     0     -2     10
43.3423081991352     0.0812308967523503     0     -2     10
43.3290514394729     0.0811801699811664     0     -2     10
43.3157947939921     0.0814021238480973     0     -2     10
43.3025382636006     0.0814352348415217     0     -2     10
43.2892818492064     0.0812324997816355     0     -2     10
43.2760255517175     0.0809347624234832     0     -2     10
43.2627693720421     0.0805690850540059     0     -2     10
43.2495133110882     0.0807944755069819     0     -2     10
43.236257369764     0.0810757692872908     0     -2     10
43.2230015489777     0.0815680018879312     0     -2     10
43.2097458496376     0.0815676992684888     0     -2     10
43.1964902726519     0.0819222331348661     0     -2     10
43.183234818929     0.0818385411141457     0     -2     10
43.1699794893773     0.0820280612408081     0     -2     10
43.1567242849051     0.0817098568985472     0     -2     10
43.1434692064209     0.0823546947052473     0     -2     10
43.1302142548334     0.0819834638668685     0     -2     10
43.1169594310509     0.0814302412681499     0     -2     10
43.1037047359822     0.0821262107992772     0     -2     10
43.0904501705359     0.0818033536895786     0     -2     10
43.0771957356206     0.0816420252020254     0     -2     10
43.0639414321452     0.0819047579542812     0     -2     10
43.0506872610184     0.0812215359498355     0     -2     10
43.0374332231491     0.0817233729786762     0     -2     10
43.0241793194461     0.0818280276301868     0     -2     10
43.0109255508184     0.0820700873806279     0     -2     10
42.9976719181749     0.0822004339274453     0     -2     10
42.9844184224248     0.0825007828894081     0     -2     10
42.9711650644771     0.0827263830623652     0     -2     10
42.9579118452409     0.0827914361546843     0     -2     10
42.9446587656254     0.0831133791922898     0     -2     10
42.9314058265398     0.0830820733727769     0     -2     10
42.9181530288935     0.0831991965528214     0     -2     10
42.9049003735958     0.0828757772996689     0     -2     10
42.891647861556     0.0831716028997839     0     -2     10
42.8783954936836     0.0830055050113091     0     -2     10
42.865143270888     0.0823734481912376     0     -2     10
42.8518911940789     0.0825921438865969     0     -2     10
42.8386392641659     0.0826249266480438     0     -2     10
42.8253874820585     0.0825660639338936     0     -2     10
42.8121358486664     0.0823815015317366     0     -2     10
42.7988843648995     0.0824148062402969     0     -2     10
42.7856330316676     0.0825520344973283     0     -2     10
42.7723818498804     0.083088028069511     0     -2     10
42.759130820448     0.0833503449779637     0     -2     10
42.7458799442802     0.0830830766638772     0     -2     10
42.7326292222872     0.0832083697351535     0     -2     10
42.719378655379     0.0835340047511049     0     -2     10
42.7061282444657     0.0833827240090699     0     -2     10
42.6928779904575     0.0838814596252171     0     -2     10
42.6796278942648     0.0833533901862525     0     -2     10
42.6663779567977     0.0834025344679511     0     -2     10
42.6531281789667     0.0833662009086314     0     -2     10
42.6398785616822     0.0833773592862435     0     -2     10
42.6266291058547     0.0830469682422199     0     -2     10
42.6133798123947     0.083395753677423     0     -2     10
42.6001306822128     0.0835015912774221     0     -2     10
42.5868817162196     0.0831710043321799     0     -2     10
42.573632915326     0.0838188609859737     0     -2     10
42.5603842804426     0.0835915041701658     0     -2     10
42.5471358124802     0.0839767885391572     0     -2     10
42.5338875123499     0.0840364128403546     0     -2     10
42.5206393809625     0.0845303343257272     0     -2     10
42.5073914192291     0.0841374101363843     0     -2     10
42.4941436280607     0.084530951732894     0     -2     10
42.4808960083686     0.0843820695865398     0     -2     10
42.4676485610637     0.0842472332788556     0     -2     10
42.4544012870576     0.083783816187675     0     -2     10
42.4411541872613     0.0845438970475687     0     -2     10
42.4279072625865     0.0844603458906152     0     -2     10
42.4146605139445     0.0840682236714467     0     -2     10
42.4014139422467     0.0841922751279186     0     -2     10
42.3881675484049     0.0847130848048542     0     -2     10
42.3749213333306     0.084426848284131     0     -2     10
42.3616752979356     0.0846380005955528     0     -2     10
42.3484294431316     0.0850347556841798     0     -2     10
42.3351837698304     0.0847428884275387     0     -2     10
42.3219382789441     0.0853942996077063     0     -2     10
42.3086929713844     0.085167722487748     0     -2     10
42.2954478480635     0.0847861349862784     0     -2     10
42.2822029098935     0.0850332525680315     0     -2     10
42.2689581577864     0.0847536084394263     0     -2     10
42.2557135926547     0.084773762373886     0     -2     10
42.2424692154105     0.0849017237203544     0     -2     10
42.2292250269662     0.0851544629045422     0     -2     10
42.2159810282344     0.085419949827723     0     -2     10
42.2027372201273     0.0852714259307434     0     -2     10
42.1894936035578     0.0856127215059358     0     -2     10
42.1762501794383     0.0855784484452199     0     -2     10
42.1630069486816     0.0857411412963455     0     -2     10
42.1497639122005     0.0858136191943337     0     -2     10
42.1365210709078     0.0851173205802871     0     -2     10
42.1232784257165     0.0859686604032137     0     -2     10
42.1100359775395     0.085512682906341     0     -2     10
42.09679372729     0.0859348970332363     0     -2     10
42.083551675881     0.085981966843288     0     -2     10
42.0703098242257     0.0857905065441724     0     -2     10
42.0570681732375     0.0858687837005728     0     -2     10
42.0438267238296     0.0856032622955999     0     -2     10
42.0305854769156     0.0861482711235156     0     -2     10
42.0173444334088     0.0859506546014427     0     -2     10
42.0041035942229     0.0862901858191779     0     -2     10
41.9908629602715     0.0863286270126528     0     -2     10
41.9776225324684     0.0864824035534832     0     -2     10
41.9643823117272     0.0864408188184449     0     -2     10
41.9511422989619     0.0867799806942302     0     -2     10
41.9379024950865     0.0864079815651945     0     -2     10
41.9246629010149     0.0862465063618186     0     -2     10
41.9114235176612     0.0863368414952031     0     -2     10
41.8981843459396     0.0865507176512553     0     -2     10
41.8849453867643     0.0864975894612214     0     -2     10
41.8717066410497     0.0863205399593626     0     -2     10
41.8584681097102     0.0866811402858588     0     -2     10
41.8452297936601     0.0862626337606125     0     -2     10
41.8319916938142     0.0867594375530737     0     -2     10
41.8187538110869     0.0867841672574649     0     -2     10
41.8055161463931     0.0872432812925721     0     -2     10
41.7922787006474     0.0867794364436544     0     -2     10
41.7790414747648     0.0868017252343279     0     -2     10
41.7658044696602     0.0871041938384928     0     -2     10
41.7525676862486     0.0871707301585008     0     -2     10
41.7393311254452     0.0872409825976821     0     -2     10
41.726094788165     0.0873434494968845     0     -2     10
41.7128586753234     0.0875924780143297     0     -2     10
41.6996227878358     0.0873476258704569     0     -2     10
41.6863871266174     0.0868040634885863     0     -2     10
41.673151692584     0.086990629556551     0     -2     10
41.6599164866509     0.0866538379729845     0     -2     10
41.646681509734     0.0871916258547461     0     -2     10
41.6334467627489     0.0870997700662532     0     -2     10
41.6202122466115     0.0867259878723226     0     -2     10
41.6069779622377     0.0872149248712451     0     -2     10
41.5937439105435     0.0871540141049976     0     -2     10
41.580510092445     0.0871299803393864     0     -2     10
41.5672765088584     0.0875071319882661     0     -2     10
41.5540431606999     0.0877306259672411     0     -2     10
41.5408100488858     0.0871705933323466     0     -2     10
41.5275771743327     0.0874360346380174     0     -2     10
41.5143445379569     0.0882384721265069     0     -2     10
41.5011121406751     0.0880400569563035     0     -2     10
41.487879983404     0.0873286781797101     0     -2     10
41.4746480670603     0.0879255355887224     0     -2     10
41.4614163925608     0.0874895465142384     0     -2     10
41.4481849608227     0.0876258901356908     0     -2     10
41.4349537727627     0.0877337915088446     0     -2     10
41.4217228292982     0.0876906091423041     0     -2     10
41.4084921313462     0.0880388319758638     0     -2     10
41.395261679824     0.0876490137363664     0     -2     10
41.3820314756491     0.0879974053221856     0     -2     10
41.368801519739     0.0878926342154773     0     -2     10
41.3555718130111     0.0878905439873491     0     -2     10
41.3423423563831     0.0881422192203377     0     -2     10
41.3291131507728     0.0882969313421917     0     -2     10
41.315884197098     0.0881862192195536     0     -2     10
41.3026554962766     0.0885736737088186     0     -2     10
41.2894270492266     0.0888893567138211     0     -2     10
41.2761988568661     0.0890111249442289     0     -2     10
41.2629709201134     0.0889351867398559     0     -2     10
41.2497432398867     0.0888556763750375     0     -2     10
41.2365158171043     0.0885344696452091     0     -2     10
41.2232886526848     0.0884693325641322     0     -2     10
41.2100617475467     0.0883355382616995     0     -2     10
41.1968351026086     0.088352012909495     0     -2     10
41.1836087187894     0.0890517268117063     0     -2     10
41.1703825970079     0.0888524335037391     0     -2     10
41.1571567381829     0.088863555703442     0     -2     10
41.1439311432336     0.0888886455214174     0     -2     10
41.130705813079     0.0887439541624809     0     -2     10
41.1174807486384     0.0891333938359085     0     -2     10
41.1042559508312     0.0894369403191717     0     -2     10
41.0910314205766     0.0899840055477012     0     -2     10
41.0778071587943     0.0893017548774078     0     -2     10
41.0645831664038     0.0892965049071834     0     -2     10
41.0513594443248     0.0892612440695082     0     -2     10
41.0381359934772     0.0893265229100167     0     -2     10
41.0249128147808     0.089134659271206     0     -2     10
41.0116899091557     0.0893955657252813     0     -2     10
40.9984672775219     0.089370975419742     0     -2     10
40.9852449207996     0.0895036274942366     0     -2     10
40.9720228399091     0.0893495920223549     0     -2     10
40.9588010357708     0.089576341777762     0     -2     10
40.9455795093053     0.0899361273337083     0     -2     10
40.932358261433     0.0898483577775421     0     -2     10
40.9191372930747     0.0907177030927727     0     -2     10
40.9059166051511     0.0903578754695818     0     -2     10
40.8926961985833     0.090122907337582     0     -2     10
40.8794760742921     0.0899326954172159     0     -2     10
40.8662562331986     0.0905661494310395     0     -2     10
40.8530366762241     0.0899751501858581     0     -2     10
40.8398174042898     0.0901307189628178     0     -2     10
40.8265984183172     0.0902121936149111     0     -2     10
40.8133797192277     0.0900931745285174     0     -2     10
40.800161307943     0.0897669634102732     0     -2     10
40.7869431853848     0.0904354751984714     0     -2     10
40.7737253524748     0.0906145603777789     0     -2     10
40.7605078101351     0.0907379606246332     0     -2     10
40.7472905592876     0.0905772719682844     0     -2     10
40.7340736008544     0.0908973293098383     0     -2     10
40.7208569357578     0.0909907455656336     0     -2     10
40.7076405649202     0.0911669981721882     0     -2     10
40.6944244892639     0.0908800427152265     0     -2     10
40.6812087097115     0.0907473408806882     0     -2     10
40.6679932271857     0.090964264120056     0     -2     10
40.6547780426093     0.0908012759834701     0     -2     10
40.6415631569051     0.0913420103792351     0     -2     10
40.628348570996     0.091190575041407     0     -2     10
40.6151342858053     0.0913010084922499     0     -2     10
40.601920302256     0.0909329535080056     0     -2     10
40.5887066212714     0.0910807419206213     0     -2     10
40.5754932437751     0.0913357484700391     0     -2     10
40.5622801706905     0.0915079293913168     0     -2     10
40.5490674029412     0.0912587534378875     0     -2     10
40.5358549414509     0.0913810134927432     0     -2     10
40.5226427871436     0.0913314706463164     0     -2     10
40.5094309409432     0.0911278306792681     0     -2     10
40.4962194037737     0.0916958533048981     0     -2     10
40.4830081765594     0.0917348054295898     0     -2     10
40.4697972602245     0.0914793259851879     0     -2     10
40.4565866556934     0.0915515404895639     0     -2     10
40.4433763638906     0.0914038381715064     0     -2     10
40.4301663857409     0.0916879713460046     0     -2     10
40.4169567221688     0.0909763446314767     0     -2     10
40.4037473740993     0.0917402697933318     0     -2     10
40.3905383424574     0.0916590808067062     0     -2     10
40.3773296281681     0.0914162240246938     0     -2     10
40.3641212321566     0.0914256317113874     0     -2     10
