44.9867361074297     0.378872106929063     0     0     -8
44.9734722157648     0.374010586883251     0     0     -8
44.9602083259105     0.374299585994304     0     0     -8
44.9469444387722     0.371976217991961     0     0     -8
44.9336805552553     0.370403204560302     0     0     -8
44.9204166762651     0.369970634069844     0     0     -8
44.9071528027069     0.36629055925981     0     0     -8
44.8938889354862     0.373798085499087     0     0     -8
44.8806250755081     0.376872959599873     0     0     -8
44.8673612236781     0.374027117937588     0     0     -8
44.8540973809016     0.372972596652217     0     0     -8
44.8408335480838     0.370668788826579     0     0     -8
44.8275697261302     0.369691469045018     0     0     -8
44.8143059159461     0.3693430555233     0     0     -8
44.8010421184369     0.363467618562675     0     0     -8
44.7877783345079     0.373852343409887     0     0     -8
44.7745145650645     0.373484370809534     0     0     -8
44.7612508110122     0.368323410831583     0     0     -8
44.7479870732562     0.368476599223454     0     0     -8
44.7347233527021     0.366569785205228     0     0     -8
44.7214596502551     0.367140674505587     0     0     -8
44.7081959668207     0.362781673061528     0     0     -8
44.6949323033044     0.375605875548186     0     0     -8
44.6816686606115     0.371145397951083     0     0     -8
44.6684050396474     0.371109591633124     0     0     -8
44.6551414413176     0.369129551691473     0     0     -8
44.6418778665275     0.368041105174985     0     0     -8
44.6286143161827     0.36550886133524     0     0     -8
44.6153507911885     0.363891763387813     0     0     -8
44.6020872924504     0.361090475536443     0     0     -8
44.5888238208739     0.3716006910746     0     0     -8
44.5755603773645     0.371480136457928     0     0     -8
44.5622969628277     0.367057852164528     0     0     -8
44.549033578169     0.363537943896132     0     0     -8
44.5357702242939     0.362665903532688     0     0     -8
44.522506902108     0.359609328042002     0     0     -8
44.5092436125167     0.359713348111765     0     0     -8
44.4959803564257     0.356338581061008     0     0     -8
44.4827171347406     0.367162342984167     0     0     -8
44.4694539483668     0.365132643587324     0     0     -8
44.45619079821     0.365181193816464     0     0     -8
44.4429276851758     0.364327772498522     0     0     -8
44.4296646101698     0.363446950912423     0     0     -8
44.4164015740977     0.361503643148381     0     0     -8
44.4031385778651     0.35627808069925     0     0     -8
44.3898756223776     0.367085237937432     0     0     -8
44.376612708541     0.366504312204087     0     0     -8
44.3633498372608     0.361979886756652     0     0     -8
44.3500870094429     0.361541012466969     0     0     -8
44.336824225993     0.358543091079802     0     0     -8
44.3235614878167     0.360957500595996     0     0     -8
44.3102987958199     0.35574716909716     0     0     -8
44.2970361509082     0.357711719698909     0     0     -8
44.2837735539876     0.366751285201514     0     0     -8
44.2705110059638     0.368951611109815     0     0     -8
44.2572485077426     0.361156385869232     0     0     -8
44.2439860602298     0.363083110157791     0     0     -8
44.2307236643314     0.36193983235826     0     0     -8
44.2174613209532     0.362292530573377     0     0     -8
44.2041990310011     0.355341583671973     0     0     -8
44.190936795381     0.370569563286032     0     0     -8
44.1776746149988     0.366021588720248     0     0     -8
44.1644124907606     0.362478427106949     0     0     -8
44.1511504235722     0.359827770063368     0     0     -8
44.1378884143397     0.361160750462719     0     0     -8
44.1246264639691     0.35608079914983     0     0     -8
44.1113645733664     0.3492551888543     0     0     -8
44.0981027434377     0.349541002823608     0     0     -8
44.0848409750891     0.363061059780732     0     0     -8
44.0715792692266     0.359222026986271     0     0     -8
44.0583176267565     0.356072904515382     0     0     -8
44.0450560485848     0.352598296530837     0     0     -8
44.0317945356177     0.350417803352447     0     0     -8
44.0185330887614     0.348246564251944     0     0     -8
44.0052717089222     0.343508783975107     0     0     -8
43.9920103970062     0.356232107688584     0     0     -8
43.9787491539198     0.352136492358974     0     0     -8
43.9654879805692     0.35201712935653     0     0     -8
43.9522268778607     0.351116449800927     0     0     -8
43.9389658467008     0.34886226712373     0     0     -8
43.9257048879957     0.344957475511809     0     0     -8
43.912444002652     0.336142819932372     0     0     -8
43.8991831915758     0.341762433072957     0     0     -8
43.8859224556739     0.352774042371326     0     0     -8
43.8726617958525     0.353407552327355     0     0     -8
43.8594012130182     0.347415739313131     0     0     -8
43.8461407080776     0.347386102411653     0     0     -8
43.8328802819372     0.340594702927004     0     0     -8
43.8196199355036     0.33705969758948     0     0     -8
43.8063596696833     0.331288265491512     0     0     -8
43.7930994853832     0.342283770573669     0     0     -8
43.7798393835097     0.342569337915621     0     0     -8
43.7665793649697     0.339501015342335     0     0     -8
43.7533194306699     0.333978977358915     0     0     -8
43.7400595815169     0.334264049990987     0     0     -8
43.7267998184177     0.331530399474586     0     0     -8
43.7135401422791     0.325348740674449     0     0     -8
43.7002805540078     0.32758329055834     0     0     -8
43.6870210545109     0.341968415090507     0     0     -8
43.6737616446951     0.334919641225347     0     0     -8
43.6605023254675     0.335556195766937     0     0     -8
43.6472430977351     0.335149788847758     0     0     -8
43.6339839624049     0.329246492913557     0     0     -8
43.6207249203839     0.32662354277376     0     0     -8
43.6074659725792     0.321725400583066     0     0     -8
43.5942071198979     0.330316609299429     0     0     -8
43.5809483632472     0.33281010876788     0     0     -8
43.5676897035343     0.324546195984107     0     0     -8
43.5544311416664     0.318000742554149     0     0     -8
43.5411726785508     0.322333394288981     0     0     -8
43.5279143150947     0.317753886622798     0     0     -8
43.5146560522055     0.307215972252776     0     0     -8
43.5013978907905     0.325445412239546     0     0     -8
43.4881398317573     0.318130507480203     0     0     -8
43.4748818760131     0.322596887896279     0     0     -8
43.4616240244654     0.31564620084345     0     0     -8
43.4483662780219     0.322335567142016     0     0     -8
43.43510863759     0.315561863934962     0     0     -8
43.4218511040773     0.31136789737373     0     0     -8
43.4085936783915     0.313551841998882     0     0     -8
43.3953363614402     0.327516740219516     0     0     -8
43.3820791541312     0.324997151936646     0     0     -8
43.3688220573721     0.318411425682457     0     0     -8
43.3555650720708     0.323863392556912     0     0     -8
43.3423081991352     0.317676955251271     0     0     -8
43.3290514394729     0.314589033923355     0     0     -8
43.3157947939921     0.314853830717067     0     0     -8
43.3025382636006     0.326002338185505     0     0     -8
43.2892818492064     0.320084001127068     0     0     -8
43.2760255517175     0.318036001941562     0     0     -8
43.2627693720421     0.314178296941923     0     0     -8
43.2495133110882     0.316904876111432     0     0     -8
43.236257369764     0.312576281371972     0     0     -8
43.2230015489777     0.307202629507225     0     0     -8
43.2097458496376     0.323022083063452     0     0     -8
43.1964902726519     0.313323671400375     0     0     -8
43.183234818929     0.310968377347941     0     0     -8
43.1699794893773     0.312974963351764     0     0     -8
43.1567242849051     0.317613274741252     0     0     -8
43.1434692064209     0.313745245340514     0     0     -8
43.1302142548334     0.312419850730857     0     0     -8
43.1169594310509     0.322334069806778     0     0     -8
43.1037047359822     0.320093198454292     0     0     -8
43.0904501705359     0.312939083781905     0     0     -8
43.0771957356206     0.320245740542684     0     0     -8
43.0639414321452     0.318214436704248     0     0     -8
43.0506872610184     0.317172830832894     0     0     -8
43.0374332231491     0.313582925049023     0     0     -8
43.0241793194461     0.318110123553674     0     0     -8
43.0109255508184     0.325846432620475     0     0     -8
42.9976719181749     0.322537495452904     0     0     -8
42.9844184224248     0.318435290109615     0     0     -8
42.9711650644771     0.322755828030216     0     0     -8
42.9579118452409     0.317030475098882     0     0     -8
42.9446587656254     0.321141701889418     0     0     -8
42.9314058265398     0.316513420855266     0     0     -8
42.9181530288935     0.327754919686353     0     0     -8
42.9049003735958     0.323151146007847     0     0     -8
42.891647861556     0.319632395150286     0     0     -8
42.8783954936836     0.321656145865181     0     0     -8
42.865143270888     0.317767568074287     0     0     -8
42.8518911940789     0.313301045429982     0     0     -8
42.8386392641659     0.316387395402012     0     0     -8
42.8253874820585     0.323974758327596     0     0     -8
42.8121358486664     0.32441438734801     0     0     -8
42.7988843648995     0.31754808950586     0     0     -8
42.7856330316676     0.317538470992194     0     0     -8
42.7723818498804     0.318579309057339     0     0     -8
42.759130820448     0.314650232414236     0     0     -8
42.7458799442802     0.309824741502013     0     0     -8
42.7326292222872     0.323297218352318     0     0     -8
42.719378655379     0.323692647882801     0     0     -8
42.7061282444657     0.32072983275935     0     0     -8
42.6928779904575     0.322205196185953     0     0     -8
42.6796278942648     0.325562464501244     0     0     -8
42.6663779567977     0.318918508187629     0     0     -8
42.6531281789667     0.316982132170474     0     0     -8
42.6398785616822     0.326530662576222     0     0     -8
42.6266291058547     0.32150690095486     0     0     -8
42.6133798123947     0.315839921619867     0     0     -8
42.6001306822128     0.316664279633385     0     0     -8
42.5868817162196     0.319605441644415     0     0     -8
42.573632915326     0.31509223708903     0     0     -8
42.5603842804426     0.308697582934422     0     0     -8
42.5471358124802     0.309397658232663     0     0     -8
42.5338875123499     0.322789625770249     0     0     -8
42.5206393809625     0.318929161580655     0     0     -8
42.5073914192291     0.31252411305121     0     0     -8
42.4941436280607     0.314338096255571     0     0     -8
42.4808960083686     0.308360172017166     0     0     -8
42.4676485610637     0.304529925728143     0     0     -8
42.4544012870576     0.305630622773733     0     0     -8
42.4411541872613     0.316115226100904     0     0     -8
42.4279072625865     0.310054092118608     0     0     -8
42.4146605139445     0.305533180488819     0     0     -8
42.4014139422467     0.306488834743062     0     0     -8
42.3881675484049     0.305085762337732     0     0     -8
42.3749213333306     0.306375989440456     0     0     -8
42.3616752979356     0.303813082312967     0     0     -8
42.3484294431316     0.310538800112038     0     0     -8
42.3351837698304     0.308762204636091     0     0     -8
42.3219382789441     0.302251296837867     0     0     -8
42.3086929713844     0.304900998436308     0     0     -8
42.2954478480635     0.300251960111146     0     0     -8
42.2822029098935     0.294086336119856     0     0     -8
42.2689581577864     0.295700979412098     0     0     -8
42.2557135926547     0.30572572045198     0     0     -8
42.2424692154105     0.302847859860142     0     0     -8
42.2292250269662     0.298016619319603     0     0     -8
42.2159810282344     0.298183881034327     0     0     -8
42.2027372201273     0.295721703358436     0     0     -8
42.1894936035578     0.288857486221959     0     0     -8
42.1762501794383     0.283033983478984     0     0     -8
42.1630069486816     0.294609567607554     0     0     -8
42.1497639122005     0.291187827441297     0     0     -8
42.1365210709078     0.284992687502294     0     0     -8
42.1232784257165     0.289918521410093     0     0     -8
42.1100359775395     0.283819004527141     0     0     -8
42.09679372729     0.288557707069376     0     0     -8
42.083551675881     0.284007909932484     0     0     -8
42.0703098242257     0.29369881051437     0     0     -8
42.0570681732375     0.29032721789932     0     0     -8
42.0438267238296     0.286867914956392     0     0     -8
42.0305854769156     0.287720308062203     0     0     -8
42.0173444334088     0.285790321469497     0     0     -8
42.0041035942229     0.278023419601506     0     0     -8
41.9908629602715     0.284129756156583     0     0     -8
41.9776225324684     0.290780104052564     0     0     -8
41.9643823117272     0.288885942332388     0     0     -8
41.9511422989619     0.284593577171941     0     0     -8
41.9379024950865     0.278492093014675     0     0     -8
41.9246629010149     0.28149252850759     0     0     -8
41.9114235176612     0.280360083539727     0     0     -8
41.8981843459396     0.273140010985774     0     0     -8
41.8849453867643     0.284389100746382     0     0     -8
41.8717066410497     0.280487982334916     0     0     -8
41.8584681097102     0.280817049710827     0     0     -8
41.8452297936601     0.278375728246364     0     0     -8
41.8319916938142     0.280524753806162     0     0     -8
41.8187538110869     0.27830970414406     0     0     -8
41.8055161463931     0.273978856796236     0     0     -8
41.7922787006474     0.283030174746178     0     0     -8
41.7790414747648     0.281158962229021     0     0     -8
41.7658044696602     0.273476254165483     0     0     -8
41.7525676862486     0.27595002175402     0     0     -8
41.7393311254452     0.276542738526503     0     0     -8
41.726094788165     0.275548746917606     0     0     -8
41.7128586753234     0.271054607377743     0     0     -8
41.6996227878358     0.280468029090364     0     0     -8
41.6863871266174     0.275275993587149     0     0     -8
41.673151692584     0.276668445465794     0     0     -8
41.6599164866509     0.270543352942747     0     0     -8
41.646681509734     0.274090931811997     0     0     -8
41.6334467627489     0.265927614388406     0     0     -8
41.6202122466115     0.268626434643869     0     0     -8
41.6069779622377     0.276637135617545     0     0     -8
41.5937439105435     0.271128196885655     0     0     -8
41.580510092445     0.259194839434236     0     0     -8
41.5672765088584     0.264937166888946     0     0     -8
41.5540431606999     0.264488631371072     0     0     -8
41.5408100488858     0.260176603297337     0     0     -8
41.5275771743327     0.257040160641603     0     0     -8
41.5143445379569     0.262816614295853     0     0     -8
41.5011121406751     0.259692521731176     0     0     -8
41.487879983404     0.25620854768899     0     0     -8
41.4746480670603     0.251973054927766     0     0     -8
41.4614163925608     0.251217380926712     0     0     -8
41.4481849608227     0.253882210115227     0     0     -8
41.4349537727627     0.253420938345044     0     0     -8
41.4217228292982     0.250996042807728     0     0     -8
41.4084921313462     0.247143619300172     0     0     -8
41.395261679824     0.246020888777606     0     0     -8
41.3820314756491     0.245102422846701     0     0     -8
41.368801519739     0.234543068270928     0     0     -8
41.3555718130111     0.226030385997716     0     0     -8
41.3423423563831     0.22149204662717     0     0     -8
41.3291131507728     0.221934019994118     0     0     -8
41.315884197098     0.214094183312155     0     0     -8
41.3026554962766     0.204510147034123     0     0     -8
41.2894270492266     0.195904305122692     0     0     -8
41.2761988568661     0.19042347842144     0     0     -8
41.2629709201134     0.184372764788941     0     0     -8
41.2497432398867     0.175820368617885     0     0     -8
41.2365158171043     0.168227952759559     0     0     -8
41.2232886526848     0.162094658153172     0     0     -8
41.2100617475467     0.156775881690352     0     0     -8
41.1968351026086     0.152438280753537     0     0     -8
41.1836087187894     0.147379942755584     0     0     -8
41.1703825970079     0.141479863229123     0     0     -8
41.1571567381829     0.138557235806377     0     0     -8
41.1439311432336     0.139623582510814     0     0     -8
41.130705813079     0.138394334163875     0     0     -8
41.1174807486384     0.135017013592618     0     0     -8
41.1042559508312     0.134075216779273     0     0     -8
41.0910314205766     0.138357151918096     0     0     -8
41.0778071587943     0.139319748794032     0     0     -8
41.0645831664038     0.136545691729174     0     0     -8
41.0513594443248     0.137445882936755     0     0     -8
41.0381359934772     0.143482723933286     0     0     -8
41.0249128147808     0.145620542482571     0     0     -8
41.0116899091557     0.142422197635157     0     0     -8
40.9984672775219     0.14333828095944     0     0     -8
40.9852449207996     0.14929717402147     0     0     -8
40.9720228399091     0.15092347938729     0     0     -8
40.9588010357708     0.150131485419758     0     0     -8
40.9455795093053     0.152086465439831     0     0     -8
40.932358261433     0.159077246710169     0     0     -8
40.9191372930747     0.159186699374164     0     0     -8
40.9059166051511     0.156655868834614     0     0     -8
40.8926961985833     0.158783021278982     0     0     -8
40.8794760742921     0.168044643642823     0     0     -8
40.8662562331986     0.164141512539127     0     0     -8
40.8530366762241     0.163420449042151     0     0     -8
40.8398174042898     0.166657937349611     0     0     -8
40.8265984183172     0.170412218539275     0     0     -8
40.8133797192277     0.165666116911688     0     0     -8
40.800161307943     0.166826706513231     0     0     -8
40.7869431853848     0.175762531897128     0     0     -8
40.7737253524748     0.173296934521796     0     0     -8
40.7605078101351     0.169328741510482     0     0     -8
40.7472905592876     0.172895081877864     0     0     -8
40.7340736008544     0.176391512116084     0     0     -8
40.7208569357578     0.171645924468103     0     0     -8
40.7076405649202     0.170780581747866     0     0     -8
40.6944244892639     0.178561361298771     0     0     -8
40.6812087097115     0.17787890582077     0     0     -8
40.6679932271857     0.172867735849393     0     0     -8
40.6547780426093     0.171683419627866     0     0     -8
40.6415631569051     0.176268724412069     0     0     -8
40.628348570996     0.17439275951213     0     0     -8
40.6151342858053     0.169804928631835     0     0     -8
40.601920302256     0.175837991310238     0     0     -8
40.5887066212714     0.178377305886259     0     0     -8
40.5754932437751     0.171871262928108     0     0     -8
40.5622801706905     0.169965355622717     0     0     -8
40.5490674029412     0.173967099872381     0     0     -8
40.5358549414509     0.173535649986738     0     0     -8
40.5226427871436     0.166161587399321     0     0     -8
40.5094309409432     0.171815963203541     0     0     -8
40.4962194037737     0.173590743864876     0     0     -8
40.4830081765594     0.170503105632817     0     0     -8
40.4697972602245     0.166249762179711     0     0     -8
40.4565866556934     0.168123615703342     0     0     -8
40.4433763638906     0.168034782117581     0     0     -8
40.4301663857409     0.163596474707027     0     0     -8
40.4169567221688     0.164181230759714     0     0     -8
40.4037473740993     0.165857720476052     0     0     -8
40.3905383424574     0.166360810757476     0     0     -8
40.3773296281681     0.16147636647913     0     0     -8
40.3641212321566     0.159544612703104     0     0     -8
