40.3773296281681     0.174449251224225     0     -4     -2
40.3905383424574     0.180682199750485     0     -4     -2
40.4037473740993     0.187252886397168     0     -4     -2
40.4169567221688     0.1945214176075     0     -4     -2
40.4301663857409     0.200837908129508     0     -4     -2
40.4433763638906     0.20560769084462     0     -4     -2
40.4565866556934     0.211241622267874     0     -4     -2
40.4697972602245     0.218999184176399     0     -4     -2
40.4830081765594     0.228348099589088     0     -4     -2
40.4962194037737     0.233733509822723     0     -4     -2
40.5094309409432     0.239281799424094     0     -4     -2
40.5226427871436     0.247205453636394     0     -4     -2
40.5358549414509     0.256038303657667     0     -4     -2
40.5490674029412     0.262281251397359     0     -4     -2
40.5622801706905     0.268504320758469     0     -4     -2
40.5754932437751     0.275882239540582     0     -4     -2
40.5887066212714     0.2861091985286     0     -4     -2
40.601920302256     0.293279960232461     0     -4     -2
40.6151342858053     0.297622286102099     0     -4     -2
40.628348570996     0.30491632362056     0     -4     -2
40.6415631569051     0.315319435818287     0     -4     -2
40.6547780426093     0.323806632213319     0     -4     -2
40.6679932271857     0.327611803231313     0     -4     -2
40.6812087097115     0.335649664689198     0     -4     -2
40.6944244892639     0.346319917931042     0     -4     -2
40.7076405649202     0.352049492706112     0     -4     -2
40.7208569357578     0.355265564153165     0     -4     -2
40.7340736008544     0.364303366038537     0     -4     -2
40.7472905592876     0.37474163080231     0     -4     -2
40.7605078101351     0.377719103928023     0     -4     -2
40.7737253524748     0.381760839840756     0     -4     -2
40.7869431853848     0.392031623800802     0     -4     -2
40.800161307943     0.398758819313573     0     -4     -2
40.8133797192277     0.400218496643183     0     -4     -2
40.8265984183172     0.405938660949722     0     -4     -2
40.8398174042898     0.415683739081443     0     -4     -2
40.8530366762241     0.418695710084584     0     -4     -2
40.8662562331986     0.419588574544396     0     -4     -2
40.8794760742921     0.427851084303704     0     -4     -2
40.8926961985833     0.434630985900055     0     -4     -2
40.9059166051511     0.434261886178993     0     -4     -2
40.9191372930747     0.436410473721883     0     -4     -2
40.932358261433     0.444276611362271     0     -4     -2
40.9455795093053     0.44683349771979     0     -4     -2
40.9588010357708     0.444533907392062     0     -4     -2
40.9720228399091     0.449257490367065     0     -4     -2
40.9852449207996     0.456139457666236     0     -4     -2
40.9984672775219     0.454934609564433     0     -4     -2
41.0116899091557     0.452813138754686     0     -4     -2
41.0249128147808     0.457938281764283     0     -4     -2
41.0381359934772     0.460960068203831     0     -4     -2
41.0513594443248     0.455967133232276     0     -4     -2
41.0645831664038     0.45481848333773     0     -4     -2
41.0778071587943     0.461360313745217     0     -4     -2
41.0910314205766     0.458935496712402     0     -4     -2
41.1042559508312     0.451642033453711     0     -4     -2
41.1174807486384     0.452967593074081     0     -4     -2
41.130705813079     0.455241814841557     0     -4     -2
41.1439311432336     0.448151551289922     0     -4     -2
41.1571567381829     0.441586353986812     0     -4     -2
41.1703825970079     0.445268684599048     0     -4     -2
41.1836087187894     0.443157370993095     0     -4     -2
41.1968351026086     0.432878167374983     0     -4     -2
41.2100617475467     0.424303968338999     0     -4     -2
41.2232886526848     0.4268910113025     0     -4     -2
41.2365158171043     0.420615114951565     0     -4     -2
41.2497432398867     0.407861844421302     0     -4     -2
41.2629709201134     0.401173150955947     0     -4     -2
41.2761988568661     0.401612996875432     0     -4     -2
41.2894270492266     0.392356217493116     0     -4     -2
41.3026554962766     0.374669262768301     0     -4     -2
41.315884197098     0.368152124206383     0     -4     -2
41.3291131507728     0.367035812224673     0     -4     -2
41.3423423563831     0.355838561004987     0     -4     -2
41.3555718130111     0.341670770077379     0     -4     -2
41.368801519739     0.336643946464129     0     -4     -2
41.3820314756491     0.336109617896494     0     -4     -2
41.395261679824     0.325496339774333     0     -4     -2
41.4084921313462     0.315464811165794     0     -4     -2
41.4217228292982     0.315983264271904     0     -4     -2
41.4349537727627     0.320106072182545     0     -4     -2
41.4481849608227     0.31999216928655     0     -4     -2
41.4614163925608     0.320901976907112     0     -4     -2
41.4746480670603     0.330796255332572     0     -4     -2
41.487879983404     0.346713797010349     0     -4     -2
41.5011121406751     0.361706290296618     0     -4     -2
41.5143445379569     0.379740973349933     0     -4     -2
41.5275771743327     0.405200405552281     0     -4     -2
41.5408100488858     0.433386211629373     0     -4     -2
41.5540431606999     0.461500209754793     0     -4     -2
41.5672765088584     0.497252941696304     0     -4     -2
41.580510092445     0.532497364144884     0     -4     -2
41.5937439105435     0.566427365822518     0     -4     -2
41.6069779622377     0.59770392606391     0     -4     -2
41.6202122466115     0.630278489076806     0     -4     -2
41.6334467627489     0.658988563779127     0     -4     -2
41.646681509734     0.682491547373813     0     -4     -2
41.6599164866509     0.700913133246519     0     -4     -2
41.673151692584     0.718120400820968     0     -4     -2
41.6863871266174     0.732403266646034     0     -4     -2
41.6996227878358     0.742679126922915     0     -4     -2
41.7128586753234     0.749036423615428     0     -4     -2
41.726094788165     0.756410702747405     0     -4     -2
41.7393311254452     0.76498129189234     0     -4     -2
41.7525676862486     0.770673921730238     0     -4     -2
41.7658044696602     0.774013397188421     0     -4     -2
41.7790414747648     0.776700397763609     0     -4     -2
41.7922787006474     0.780699414699255     0     -4     -2
41.8055161463931     0.783346781925323     0     -4     -2
41.8187538110869     0.782955572426768     0     -4     -2
41.8319916938142     0.78031824298753     0     -4     -2
41.8452297936601     0.779932860842281     0     -4     -2
41.8584681097102     0.779977110177523     0     -4     -2
41.8717066410497     0.778736556365926     0     -4     -2
41.8849453867643     0.775850343590818     0     -4     -2
41.8981843459396     0.778308987155019     0     -4     -2
41.9114235176612     0.780292520050166     0     -4     -2
41.9246629010149     0.781110648008193     0     -4     -2
41.9379024950865     0.77880234476093     0     -4     -2
41.9511422989619     0.78168340357407     0     -4     -2
41.9643823117272     0.785005637383745     0     -4     -2
41.9776225324684     0.785550170469623     0     -4     -2
41.9908629602715     0.78558328952035     0     -4     -2
42.0041035942229     0.789391455773295     0     -4     -2
42.0173444334088     0.792151768076042     0     -4     -2
42.0305854769156     0.79325966880221     0     -4     -2
42.0438267238296     0.793893239081107     0     -4     -2
42.0570681732375     0.797130545905337     0     -4     -2
42.0703098242257     0.798795768260305     0     -4     -2
42.083551675881     0.798518688676698     0     -4     -2
42.09679372729     0.801934384776143     0     -4     -2
42.1100359775395     0.803862575841973     0     -4     -2
42.1232784257165     0.803968676781193     0     -4     -2
42.1365210709078     0.802971177328212     0     -4     -2
42.1497639122005     0.804803755652656     0     -4     -2
42.1630069486816     0.805703529143503     0     -4     -2
42.1762501794383     0.805262705511184     0     -4     -2
42.1894936035578     0.806928980885923     0     -4     -2
42.2027372201273     0.808523007151188     0     -4     -2
42.2159810282344     0.807803306472519     0     -4     -2
42.2292250269662     0.80716469845418     0     -4     -2
42.2424692154105     0.808490937721279     0     -4     -2
42.2557135926547     0.808989876428597     0     -4     -2
42.2689581577864     0.808827810437267     0     -4     -2
42.2822029098935     0.809773244474722     0     -4     -2
42.2954478480635     0.809994990104675     0     -4     -2
42.3086929713844     0.810185628079291     0     -4     -2
42.3219382789441     0.809251392440181     0     -4     -2
42.3351837698304     0.809692584443467     0     -4     -2
42.3484294431316     0.809753681472899     0     -4     -2
42.3616752979356     0.809787202016301     0     -4     -2
42.3749213333306     0.810632012408182     0     -4     -2
42.3881675484049     0.811465902449775     0     -4     -2
42.4014139422467     0.810859756654704     0     -4     -2
42.4146605139445     0.809805086000545     0     -4     -2
42.4279072625865     0.81009636014623     0     -4     -2
42.4411541872613     0.810329967994633     0     -4     -2
42.4544012870576     0.810591101997713     0     -4     -2
42.4676485610637     0.811021545186892     0     -4     -2
42.4808960083686     0.812015891621053     0     -4     -2
42.4941436280607     0.811931097188579     0     -4     -2
42.5073914192291     0.810490629269785     0     -4     -2
42.5206393809625     0.81119203620281     0     -4     -2
42.5338875123499     0.811694261239468     0     -4     -2
42.5471358124802     0.811966087929738     0     -4     -2
42.5603842804426     0.81223346536563     0     -4     -2
42.573632915326     0.812802253240506     0     -4     -2
42.5868817162196     0.812940740197721     0     -4     -2
42.6001306822128     0.811351713825988     0     -4     -2
42.6133798123947     0.811779129971666     0     -4     -2
42.6266291058547     0.812096638063168     0     -4     -2
42.6398785616822     0.811918256199634     0     -4     -2
42.6531281789667     0.812586069394662     0     -4     -2
42.6663779567977     0.812732000349809     0     -4     -2
42.6796278942648     0.813030405663442     0     -4     -2
42.6928779904575     0.811693449498312     0     -4     -2
42.7061282444657     0.811967376325455     0     -4     -2
42.719378655379     0.812521620479207     0     -4     -2
42.7326292222872     0.812644288703661     0     -4     -2
42.7458799442802     0.812533090328026     0     -4     -2
42.759130820448     0.812337372736478     0     -4     -2
42.7723818498804     0.811717009290343     0     -4     -2
42.7856330316676     0.811151907654358     0     -4     -2
42.7988843648995     0.810992341008965     0     -4     -2
42.8121358486664     0.81102486949532     0     -4     -2
42.8253874820585     0.811201729181007     0     -4     -2
42.8386392641659     0.811109412350131     0     -4     -2
42.8518911940789     0.811379526914065     0     -4     -2
42.865143270888     0.811235963318888     0     -4     -2
42.8783954936836     0.811752251121156     0     -4     -2
42.891647861556     0.810024371963531     0     -4     -2
42.9049003735958     0.810101005914643     0     -4     -2
42.9181530288935     0.81002369663132     0     -4     -2
42.9314058265398     0.810032055661673     0     -4     -2
42.9446587656254     0.810575326187449     0     -4     -2
42.9579118452409     0.810987738085935     0     -4     -2
42.9711650644771     0.811290032297483     0     -4     -2
42.9844184224248     0.809536120151273     0     -4     -2
42.9976719181749     0.810252451758172     0     -4     -2
43.0109255508184     0.809988082521525     0     -4     -2
43.0241793194461     0.810579940773544     0     -4     -2
43.0374332231491     0.810349412199273     0     -4     -2
43.0506872610184     0.810922431743439     0     -4     -2
43.0639414321452     0.810965043076672     0     -4     -2
43.0771957356206     0.809648706107675     0     -4     -2
43.0904501705359     0.810235934602971     0     -4     -2
43.1037047359822     0.810256720063398     0     -4     -2
43.1169594310509     0.810358946749253     0     -4     -2
43.1302142548334     0.810742379492431     0     -4     -2
43.1434692064209     0.810812611784447     0     -4     -2
43.1567242849051     0.811277503500808     0     -4     -2
43.1699794893773     0.810286117158769     0     -4     -2
43.183234818929     0.809709637498852     0     -4     -2
43.1964902726519     0.809692833033855     0     -4     -2
43.2097458496376     0.809741472814048     0     -4     -2
43.2230015489777     0.809469036830213     0     -4     -2
43.236257369764     0.809835721885679     0     -4     -2
43.2495133110882     0.810112335802154     0     -4     -2
43.2627693720421     0.808345037694284     0     -4     -2
43.2760255517175     0.808468240554378     0     -4     -2
43.2892818492064     0.808843682689147     0     -4     -2
43.3025382636006     0.808544832346517     0     -4     -2
43.3157947939921     0.808723989934181     0     -4     -2
43.3290514394729     0.809006548987481     0     -4     -2
43.3423081991352     0.809050427697951     0     -4     -2
43.3555650720708     0.809045375929636     0     -4     -2
43.3688220573721     0.807258742824049     0     -4     -2
43.3820791541312     0.807473275588874     0     -4     -2
43.3953363614402     0.807506416429598     0     -4     -2
43.4085936783915     0.80764616477257     0     -4     -2
43.4218511040773     0.80775964040713     0     -4     -2
43.43510863759     0.808110792511264     0     -4     -2
43.4483662780219     0.80813890736653     0     -4     -2
43.4616240244654     0.806460510949047     0     -4     -2
43.4748818760131     0.806971444848032     0     -4     -2
43.4881398317573     0.807003973445618     0     -4     -2
43.5013978907905     0.807579758207863     0     -4     -2
43.5146560522055     0.807570788900605     0     -4     -2
43.5279143150947     0.807821817164543     0     -4     -2
43.5411726785508     0.808618937630405     0     -4     -2
43.5544311416664     0.806409489121157     0     -4     -2
43.5676897035343     0.806844461521714     0     -4     -2
43.5809483632472     0.807166212027902     0     -4     -2
43.5942071198979     0.807103632938465     0     -4     -2
43.6074659725792     0.807810278220907     0     -4     -2
43.6207249203839     0.807562889660995     0     -4     -2
43.6339839624049     0.807868326979888     0     -4     -2
43.6472430977351     0.808028802299515     0     -4     -2
43.6605023254675     0.806421856517584     0     -4     -2
43.6737616446951     0.806743436246018     0     -4     -2
43.6870210545109     0.806738072300311     0     -4     -2
43.7002805540078     0.806972299788047     0     -4     -2
43.7135401422791     0.807383745254297     0     -4     -2
43.7267998184177     0.806641998964582     0     -4     -2
43.7400595815169     0.807204317179322     0     -4     -2
43.7533194306699     0.806037470877004     0     -4     -2
43.7665793649697     0.805987366571097     0     -4     -2
43.7798393835097     0.806280845878382     0     -4     -2
43.7930994853832     0.806510199671682     0     -4     -2
43.8063596696833     0.806950738971653     0     -4     -2
43.8196199355036     0.807722749290574     0     -4     -2
43.8328802819372     0.807468207766624     0     -4     -2
43.8461407080776     0.807808012846596     0     -4     -2
43.8594012130182     0.806522654236548     0     -4     -2
43.8726617958525     0.806936965006164     0     -4     -2
43.8859224556739     0.807327961593243     0     -4     -2
43.8991831915758     0.807868400242139     0     -4     -2
43.912444002652     0.808217662440319     0     -4     -2
43.9257048879957     0.808465621529297     0     -4     -2
43.9389658467008     0.808306929664605     0     -4     -2
43.9522268778607     0.807018134380194     0     -4     -2
43.9654879805692     0.807066761262123     0     -4     -2
43.9787491539198     0.807564482543831     0     -4     -2
43.9920103970062     0.807525125696968     0     -4     -2
44.0052717089222     0.807998283723327     0     -4     -2
44.0185330887614     0.808320553697811     0     -4     -2
44.0317945356177     0.807855992358958     0     -4     -2
44.0450560485848     0.806823136637267     0     -4     -2
44.0583176267565     0.806942240431752     0     -4     -2
44.0715792692266     0.806983499124684     0     -4     -2
44.0848409750891     0.80711438811838     0     -4     -2
44.0981027434377     0.807568166042181     0     -4     -2
44.1113645733664     0.807719171386062     0     -4     -2
44.1246264639691     0.808047059669412     0     -4     -2
44.1378884143397     0.808061058537267     0     -4     -2
44.1511504235722     0.806209701377654     0     -4     -2
44.1644124907606     0.806414522249593     0     -4     -2
44.1776746149988     0.806520137366692     0     -4     -2
44.190936795381     0.807018059872032     0     -4     -2
44.2041990310011     0.807583612482334     0     -4     -2
44.2174613209532     0.807563596456241     0     -4     -2
44.2307236643314     0.807772848320637     0     -4     -2
44.2439860602298     0.806398403892858     0     -4     -2
44.2572485077426     0.805934657533751     0     -4     -2
44.2705110059638     0.806167619704865     0     -4     -2
44.2837735539876     0.806048960714892     0     -4     -2
44.2970361509082     0.806272325742136     0     -4     -2
44.3102987958199     0.806560625098189     0     -4     -2
44.3235614878167     0.806865781730034     0     -4     -2
44.336824225993     0.806741728884781     0     -4     -2
44.3500870094429     0.804962243320554     0     -4     -2
44.3633498372608     0.804753545172985     0     -4     -2
44.376612708541     0.804913633001195     0     -4     -2
44.3898756223776     0.805048574746206     0     -4     -2
44.4031385778651     0.805365739622052     0     -4     -2
44.4164015740977     0.805438032150448     0     -4     -2
44.4296646101698     0.805463416747655     0     -4     -2
44.4429276851758     0.805565933880121     0     -4     -2
44.45619079821     0.80354571899115     0     -4     -2
44.4694539483668     0.803428465370888     0     -4     -2
44.4827171347406     0.803556973600514     0     -4     -2
44.4959803564257     0.803827547218206     0     -4     -2
44.5092436125167     0.803968058693061     0     -4     -2
44.522506902108     0.804049958017238     0     -4     -2
44.5357702242939     0.803419543992932     0     -4     -2
44.549033578169     0.801644049942482     0     -4     -2
44.5622969628277     0.801823885320538     0     -4     -2
44.5755603773645     0.801426783375655     0     -4     -2
44.5888238208739     0.801743212726643     0     -4     -2
44.6020872924504     0.802304940931843     0     -4     -2
44.6153507911885     0.80263194834113     0     -4     -2
44.6286143161827     0.802404121706336     0     -4     -2
44.6418778665275     0.802583421130006     0     -4     -2
44.6551414413176     0.799906610042454     0     -4     -2
44.6684050396474     0.800246357045737     0     -4     -2
44.6816686606115     0.800512482175     0     -4     -2
44.6949323033044     0.80045920744238     0     -4     -2
44.7081959668207     0.801408911914385     0     -4     -2
44.7214596502551     0.801129108022165     0     -4     -2
44.7347233527021     0.801741488329726     0     -4     -2
44.7479870732562     0.801565604052944     0     -4     -2
44.7612508110122     0.799228762323677     0     -4     -2
44.7745145650645     0.799199526211574     0     -4     -2
44.7877783345079     0.799332438632465     0     -4     -2
44.8010421184369     0.80008521209221     0     -4     -2
44.8143059159461     0.800164880461207     0     -4     -2
44.8275697261302     0.800455404271281     0     -4     -2
44.8408335480838     0.800651623421374     0     -4     -2
44.8540973809016     0.798890106865605     0     -4     -2
44.8673612236781     0.798935414069194     0     -4     -2
44.8806250755081     0.799339381301586     0     -4     -2
44.8938889354862     0.799419466233014     0     -4     -2
44.9071528027069     0.799742349409416     0     -4     -2
44.9204166762651     0.799342479326043     0     -4     -2
44.9336805552553     0.799718969611903     0     -4     -2
44.9469444387722     0.799708564400486     0     -4     -2
44.9602083259105     0.797489781099645     0     -4     -2
44.9734722157648     0.797639095935488     0     -4     -2
44.9867361074297     0.797591676894453     0     -4     -2
45     0.797850652260235     0     -4     -2
