40.3773296281681     0.0875357729167361     0     10     -4
40.3905383424574     0.087714673520946     0     10     -4
40.4037473740993     0.0892519397958823     0     10     -4
40.4169567221688     0.0902302806470689     0     10     -4
40.4301663857409     0.090623268548475     0     10     -4
40.4433763638906     0.0908979810035534     0     10     -4
40.4565866556934     0.0908732513762051     0     10     -4
40.4697972602245     0.0911780184834931     0     10     -4
40.4830081765594     0.0913048949287472     0     10     -4
40.4962194037737     0.0915088613037503     0     10     -4
40.5094309409432     0.0915093428571278     0     10     -4
40.5226427871436     0.0916378352721838     0     10     -4
40.5358549414509     0.0916817518515996     0     10     -4
40.5490674029412     0.0918418109963413     0     10     -4
40.5622801706905     0.0919193504104451     0     10     -4
40.5754932437751     0.0919320129946908     0     10     -4
40.5887066212714     0.0917876948760046     0     10     -4
40.601920302256     0.0919669920748466     0     10     -4
40.6151342858053     0.0918195802153261     0     10     -4
40.628348570996     0.0916019635070903     0     10     -4
40.6415631569051     0.0914011464422209     0     10     -4
40.6547780426093     0.0911595333280689     0     10     -4
40.6679932271857     0.0908378852621023     0     10     -4
40.6812087097115     0.0904481460209661     0     10     -4
40.6944244892639     0.0901045482451379     0     10     -4
40.7076405649202     0.0899511206325817     0     10     -4
40.7208569357578     0.0895452024754019     0     10     -4
40.7340736008544     0.0894361407010541     0     10     -4
40.7472905592876     0.0891774799547305     0     10     -4
40.7605078101351     0.0888741689122687     0     10     -4
40.7737253524748     0.0887075984806809     0     10     -4
40.7869431853848     0.0886709898612188     0     10     -4
40.800161307943     0.0882221291939578     0     10     -4
40.8133797192277     0.0880479482605621     0     10     -4
40.8265984183172     0.0877786701670695     0     10     -4
40.8398174042898     0.0874461761296954     0     10     -4
40.8530366762241     0.0874431563186815     0     10     -4
40.8662562331986     0.0876347853652734     0     10     -4
40.8794760742921     0.0877719601706617     0     10     -4
40.8926961985833     0.0881574033972063     0     10     -4
40.9059166051511     0.0886718763323925     0     10     -4
40.9191372930747     0.0894038535878411     0     10     -4
40.932358261433     0.090573004764982     0     10     -4
40.9455795093053     0.0919969246726664     0     10     -4
40.9588010357708     0.0931637263714626     0     10     -4
40.9720228399091     0.0948138842493625     0     10     -4
40.9852449207996     0.0969902324760365     0     10     -4
40.9984672775219     0.0993587251119163     0     10     -4
41.0116899091557     0.102005609306626     0     10     -4
41.0249128147808     0.104994668401012     0     10     -4
41.0381359934772     0.108470338745182     0     10     -4
41.0513594443248     0.112387020444161     0     10     -4
41.0645831664038     0.116500056843674     0     10     -4
41.0778071587943     0.121042628114247     0     10     -4
41.0910314205766     0.12597111005683     0     10     -4
41.1042559508312     0.131530534213454     0     10     -4
41.1174807486384     0.137350598923881     0     10     -4
41.130705813079     0.143495348648308     0     10     -4
41.1439311432336     0.150081942713995     0     10     -4
41.1571567381829     0.156909354489666     0     10     -4
41.1703825970079     0.163927458688945     0     10     -4
41.1836087187894     0.171604792696507     0     10     -4
41.1968351026086     0.179611748213537     0     10     -4
41.2100617475467     0.188177785907231     0     10     -4
41.2232886526848     0.197105526075553     0     10     -4
41.2365158171043     0.205976710191117     0     10     -4
41.2497432398867     0.215680081972985     0     10     -4
41.2629709201134     0.225468795103045     0     10     -4
41.2761988568661     0.235684899100887     0     10     -4
41.2894270492266     0.246043993002365     0     10     -4
41.3026554962766     0.256846242134214     0     10     -4
41.315884197098     0.267603491761756     0     10     -4
41.3291131507728     0.278757270744495     0     10     -4
41.3423423563831     0.290242747363996     0     10     -4
41.3555718130111     0.301965057856498     0     10     -4
41.368801519739     0.313713316091703     0     10     -4
41.3820314756491     0.325642497198751     0     10     -4
41.395261679824     0.337458073656328     0     10     -4
41.4084921313462     0.349525949213278     0     10     -4
41.4217228292982     0.361708408688986     0     10     -4
41.4349537727627     0.37388235365828     0     10     -4
41.4481849608227     0.386067073891592     0     10     -4
41.4614163925608     0.39779220711435     0     10     -4
41.4746480670603     0.409308765007905     0     10     -4
41.487879983404     0.420963085312155     0     10     -4
41.5011121406751     0.432309707366819     0     10     -4
41.5143445379569     0.443621851541923     0     10     -4
41.5275771743327     0.454693435681688     0     10     -4
41.5408100488858     0.465976911814487     0     10     -4
41.5540431606999     0.477251003125487     0     10     -4
41.5672765088584     0.48879677267953     0     10     -4
41.580510092445     0.499578659997269     0     10     -4
41.5937439105435     0.5112005986129     0     10     -4
41.6069779622377     0.522388962867772     0     10     -4
41.6202122466115     0.533761661010695     0     10     -4
41.6334467627489     0.54439670765267     0     10     -4
41.646681509734     0.555356824123497     0     10     -4
41.6599164866509     0.565826037909716     0     10     -4
41.673151692584     0.575793240843697     0     10     -4
41.6863871266174     0.585671758873875     0     10     -4
41.6996227878358     0.594970371371101     0     10     -4
41.7128586753234     0.604255883546153     0     10     -4
41.726094788165     0.613166631335328     0     10     -4
41.7393311254452     0.622144940058979     0     10     -4
41.7525676862486     0.631008201208303     0     10     -4
41.7658044696602     0.639345818894357     0     10     -4
41.7790414747648     0.647261392683404     0     10     -4
41.7922787006474     0.655369013281486     0     10     -4
41.8055161463931     0.663848699458863     0     10     -4
41.8187538110869     0.671851747662792     0     10     -4
41.8319916938142     0.679394419562348     0     10     -4
41.8452297936601     0.68702981855573     0     10     -4
41.8584681097102     0.694523677309654     0     10     -4
41.8717066410497     0.701705331832638     0     10     -4
41.8849453867643     0.70850740814424     0     10     -4
41.8981843459396     0.715315413474474     0     10     -4
41.9114235176612     0.721554182283745     0     10     -4
41.9246629010149     0.727492074108092     0     10     -4
41.9379024950865     0.733325032783799     0     10     -4
41.9511422989619     0.739177177945175     0     10     -4
41.9643823117272     0.7446001368949     0     10     -4
41.9776225324684     0.749730605398462     0     10     -4
41.9908629602715     0.755134830863295     0     10     -4
42.0041035942229     0.760266686869556     0     10     -4
42.0173444334088     0.765167950580872     0     10     -4
42.0305854769156     0.769960849257419     0     10     -4
42.0438267238296     0.77452605566448     0     10     -4
42.0570681732375     0.778748893860011     0     10     -4
42.0703098242257     0.78308398660364     0     10     -4
42.083551675881     0.787009377388613     0     10     -4
42.09679372729     0.791082693044111     0     10     -4
42.1100359775395     0.794657865420945     0     10     -4
42.1232784257165     0.798046471062096     0     10     -4
42.1365210709078     0.801392489173997     0     10     -4
42.1497639122005     0.80452245582804     0     10     -4
42.1630069486816     0.807672375393843     0     10     -4
42.1762501794383     0.81050372487335     0     10     -4
42.1894936035578     0.813330123766568     0     10     -4
42.2027372201273     0.816051592479907     0     10     -4
42.2159810282344     0.818628814560525     0     10     -4
42.2292250269662     0.821110397043113     0     10     -4
42.2424692154105     0.823469836509643     0     10     -4
42.2557135926547     0.825895733991723     0     10     -4
42.2689581577864     0.828027964149699     0     10     -4
42.2822029098935     0.829994718341995     0     10     -4
42.2954478480635     0.832002248791854     0     10     -4
42.3086929713844     0.833741670225683     0     10     -4
42.3219382789441     0.83558180416626     0     10     -4
42.3351837698304     0.837088122612154     0     10     -4
42.3484294431316     0.83876871768046     0     10     -4
42.3616752979356     0.840111555436947     0     10     -4
42.3749213333306     0.84149338294446     0     10     -4
42.3881675484049     0.8429366973161     0     10     -4
42.4014139422467     0.844008699702341     0     10     -4
42.4146605139445     0.84510513912313     0     10     -4
42.4279072625865     0.846258860864803     0     10     -4
42.4411541872613     0.84726225379271     0     10     -4
42.4544012870576     0.848282855192824     0     10     -4
42.4676485610637     0.849214610117313     0     10     -4
42.4808960083686     0.850118237972372     0     10     -4
42.4941436280607     0.850887074898014     0     10     -4
42.5073914192291     0.851589678641211     0     10     -4
42.5206393809625     0.852490185992054     0     10     -4
42.5338875123499     0.853321048754594     0     10     -4
42.5471358124802     0.854053659412724     0     10     -4
42.5603842804426     0.854821836938326     0     10     -4
42.573632915326     0.855689097502317     0     10     -4
42.5868817162196     0.856249706907226     0     10     -4
42.6001306822128     0.857098799973867     0     10     -4
42.6133798123947     0.857754401708767     0     10     -4
42.6266291058547     0.858477671283731     0     10     -4
42.6398785616822     0.859305840260657     0     10     -4
42.6531281789667     0.859761007287219     0     10     -4
42.6663779567977     0.860439681908221     0     10     -4
42.6796278942648     0.860854771556769     0     10     -4
42.6928779904575     0.861321542827727     0     10     -4
42.7061282444657     0.861929613029309     0     10     -4
42.719378655379     0.862447579362946     0     10     -4
42.7326292222872     0.862703856039502     0     10     -4
42.7458799442802     0.863197487340821     0     10     -4
42.759130820448     0.863525705203717     0     10     -4
42.7723818498804     0.864003995838567     0     10     -4
42.7856330316676     0.864258054285021     0     10     -4
42.7988843648995     0.864585912576559     0     10     -4
42.8121358486664     0.864878365106746     0     10     -4
42.8253874820585     0.865150430856901     0     10     -4
42.8386392641659     0.865482391727908     0     10     -4
42.8518911940789     0.865816546542891     0     10     -4
42.865143270888     0.866019989561675     0     10     -4
42.8783954936836     0.866323660927555     0     10     -4
42.891647861556     0.866478166642499     0     10     -4
42.9049003735958     0.866860253568077     0     10     -4
42.9181530288935     0.8670436383635     0     10     -4
42.9314058265398     0.867277242577222     0     10     -4
42.9446587656254     0.867473544471717     0     10     -4
42.9579118452409     0.867741899056963     0     10     -4
42.9711650644771     0.867817880262269     0     10     -4
42.9844184224248     0.868128715829796     0     10     -4
42.9976719181749     0.868329402038404     0     10     -4
43.0109255508184     0.868484653383678     0     10     -4
43.0241793194461     0.868695990564862     0     10     -4
43.0374332231491     0.868890359998872     0     10     -4
43.0506872610184     0.869004126971175     0     10     -4
43.0639414321452     0.86923169344599     0     10     -4
43.0771957356206     0.869468088541266     0     10     -4
43.0904501705359     0.869414025404866     0     10     -4
43.1037047359822     0.869660559759779     0     10     -4
43.1169594310509     0.869812721813626     0     10     -4
43.1302142548334     0.869906367051998     0     10     -4
43.1434692064209     0.870094049785485     0     10     -4
43.1567242849051     0.87032871994002     0     10     -4
43.1699794893773     0.870268813459651     0     10     -4
43.183234818929     0.870495819961824     0     10     -4
43.1964902726519     0.870493540814292     0     10     -4
43.2097458496376     0.870692591293935     0     10     -4
43.2230015489777     0.870739742572481     0     10     -4
43.236257369764     0.870862339753027     0     10     -4
43.2495133110882     0.870971632197804     0     10     -4
43.2627693720421     0.871002909111013     0     10     -4
43.2760255517175     0.87121187331886     0     10     -4
43.2892818492064     0.87120035495819     0     10     -4
43.3025382636006     0.871416870200731     0     10     -4
43.3157947939921     0.871422605844424     0     10     -4
43.3290514394729     0.871576251081663     0     10     -4
43.3423081991352     0.871594093441687     0     10     -4
43.3555650720708     0.871743507983242     0     10     -4
43.3688220573721     0.8718362193159     0     10     -4
43.3820791541312     0.871864047114299     0     10     -4
43.3953363614402     0.871976759021623     0     10     -4
43.4085936783915     0.872051793120196     0     10     -4
43.4218511040773     0.872104337139029     0     10     -4
43.43510863759     0.872188123758865     0     10     -4
43.4483662780219     0.872332961095667     0     10     -4
43.4616240244654     0.872401920574991     0     10     -4
43.4748818760131     0.872461793843385     0     10     -4
43.4881398317573     0.872451225112025     0     10     -4
43.5013978907905     0.872429615215671     0     10     -4
43.5146560522055     0.872589944283968     0     10     -4
43.5279143150947     0.872683413002943     0     10     -4
43.5411726785508     0.872678266826946     0     10     -4
43.5544311416664     0.872689631072931     0     10     -4
43.5676897035343     0.872752467892851     0     10     -4
43.5809483632472     0.872837706846594     0     10     -4
43.5942071198979     0.872925696519386     0     10     -4
43.6074659725792     0.872961368495269     0     10     -4
43.6207249203839     0.872940559252978     0     10     -4
43.6339839624049     0.872920177594074     0     10     -4
43.6472430977351     0.873036654249606     0     10     -4
43.6605023254675     0.873004248788545     0     10     -4
43.6737616446951     0.872980512170707     0     10     -4
43.6870210545109     0.873177378915224     0     10     -4
43.7002805540078     0.873159597853752     0     10     -4
43.7135401422791     0.873223311293739     0     10     -4
43.7267998184177     0.873272994713963     0     10     -4
43.7400595815169     0.873260919876032     0     10     -4
43.7533194306699     0.873287557329006     0     10     -4
43.7665793649697     0.873306347003319     0     10     -4
43.7798393835097     0.87337000794091     0     10     -4
43.7930994853832     0.873427352133905     0     10     -4
43.8063596696833     0.873384109851019     0     10     -4
43.8196199355036     0.873518309081612     0     10     -4
43.8328802819372     0.873483263070699     0     10     -4
43.8461407080776     0.873472173972185     0     10     -4
43.8594012130182     0.873495520420236     0     10     -4
43.8726617958525     0.873519962756856     0     10     -4
43.8859224556739     0.873678362665872     0     10     -4
43.8991831915758     0.873540860874037     0     10     -4
43.912444002652     0.873614138427756     0     10     -4
43.9257048879957     0.873670999107031     0     10     -4
43.9389658467008     0.873631289080916     0     10     -4
43.9522268778607     0.873634096682187     0     10     -4
43.9654879805692     0.873572880877635     0     10     -4
43.9787491539198     0.873728990421889     0     10     -4
43.9920103970062     0.873681048737572     0     10     -4
44.0052717089222     0.873864799318888     0     10     -4
44.0185330887614     0.873750342559055     0     10     -4
44.0317945356177     0.873896792974533     0     10     -4
44.0450560485848     0.873727148038877     0     10     -4
44.0583176267565     0.873777547123885     0     10     -4
44.0715792692266     0.873823172992283     0     10     -4
44.0848409750891     0.873711769506959     0     10     -4
44.0981027434377     0.873833169945877     0     10     -4
44.1113645733664     0.873883168940029     0     10     -4
44.1246264639691     0.873837667168207     0     10     -4
44.1378884143397     0.87380204756587     0     10     -4
44.1511504235722     0.873833779790685     0     10     -4
44.1644124907606     0.873901185970702     0     10     -4
44.1776746149988     0.873958366008797     0     10     -4
44.190936795381     0.873992704666092     0     10     -4
44.2041990310011     0.874011984297758     0     10     -4
44.2174613209532     0.87412188305711     0     10     -4
44.2307236643314     0.874032943514363     0     10     -4
44.2439860602298     0.874031832115467     0     10     -4
44.2572485077426     0.874134123911351     0     10     -4
44.2705110059638     0.874162787902023     0     10     -4
44.2837735539876     0.874203657375617     0     10     -4
44.2970361509082     0.874299586283124     0     10     -4
44.3102987958199     0.8742172128814     0     10     -4
44.3235614878167     0.874350721137058     0     10     -4
44.336824225993     0.874432272891534     0     10     -4
44.3500870094429     0.874441746308637     0     10     -4
44.3633498372608     0.87452832015846     0     10     -4
44.376612708541     0.874594546103473     0     10     -4
44.3898756223776     0.874629932327001     0     10     -4
44.4031385778651     0.87459266370841     0     10     -4
44.4164015740977     0.874647513464659     0     10     -4
44.4296646101698     0.87481545692474     0     10     -4
44.4429276851758     0.87474986715004     0     10     -4
44.45619079821     0.874824823682037     0     10     -4
44.4694539483668     0.874797290494652     0     10     -4
44.4827171347406     0.874816036990051     0     10     -4
44.4959803564257     0.874788869424415     0     10     -4
44.5092436125167     0.874872087216783     0     10     -4
44.522506902108     0.874893838822354     0     10     -4
44.5357702242939     0.874804177434386     0     10     -4
44.549033578169     0.874895556552615     0     10     -4
44.5622969628277     0.8748759688592     0     10     -4
44.5755603773645     0.874870829755569     0     10     -4
44.5888238208739     0.87488665971179     0     10     -4
44.6020872924504     0.87503680264862     0     10     -4
44.6153507911885     0.874899305817304     0     10     -4
44.6286143161827     0.874995642268972     0     10     -4
44.6418778665275     0.874957208469965     0     10     -4
44.6551414413176     0.874939548616063     0     10     -4
44.6684050396474     0.875101266360811     0     10     -4
44.6816686606115     0.874901114269469     0     10     -4
44.6949323033044     0.875035738681246     0     10     -4
44.7081959668207     0.874961277499714     0     10     -4
44.7214596502551     0.875128894406349     0     10     -4
44.7347233527021     0.875006479124759     0     10     -4
44.7479870732562     0.874889779602617     0     10     -4
44.7612508110122     0.874996952360572     0     10     -4
44.7745145650645     0.874996729265642     0     10     -4
44.7877783345079     0.875073557642471     0     10     -4
44.8010421184369     0.875069198243844     0     10     -4
44.8143059159461     0.874970971134561     0     10     -4
44.8275697261302     0.87499108159034     0     10     -4
44.8408335480838     0.875021284666514     0     10     -4
44.8540973809016     0.875002939003112     0     10     -4
44.8673612236781     0.875097853350828     0     10     -4
44.8806250755081     0.874958964071964     0     10     -4
44.8938889354862     0.874969287959663     0     10     -4
44.9071528027069     0.875086370495077     0     10     -4
44.9204166762651     0.874916385891415     0     10     -4
44.9336805552553     0.87499594728001     0     10     -4
44.9469444387722     0.875059355152571     0     10     -4
44.9602083259105     0.874970185868659     0     10     -4
44.9734722157648     0.87500840970722     0     10     -4
44.9867361074297     0.874905557906819     0     10     -4
45     0.874923850562541     0     10     -4
