44.9867361074297     0.855100096457805     0     6     6
44.9734722157648     0.854627053345691     0     6     6
44.9602083259105     0.855177276174184     0     6     6
44.9469444387722     0.855188239662155     0     6     6
44.9336805552553     0.855123080093939     0     6     6
44.9204166762651     0.854928025582366     0     6     6
44.9071528027069     0.855045945579876     0     6     6
44.8938889354862     0.855443025364995     0     6     6
44.8806250755081     0.854763480772048     0     6     6
44.8673612236781     0.855007723323255     0     6     6
44.8540973809016     0.854970635014198     0     6     6
44.8408335480838     0.855270816361528     0     6     6
44.8275697261302     0.855238449821404     0     6     6
44.8143059159461     0.855210502665096     0     6     6
44.8010421184369     0.855230327074797     0     6     6
44.7877783345079     0.855095009418318     0     6     6
44.7745145650645     0.854816166889267     0     6     6
44.7612508110122     0.855106916594588     0     6     6
44.7479870732562     0.855539240015162     0     6     6
44.7347233527021     0.854983383308771     0     6     6
44.7214596502551     0.855075404333249     0     6     6
44.7081959668207     0.85497114206013     0     6     6
44.6949323033044     0.854934839424415     0     6     6
44.6816686606115     0.855034580804274     0     6     6
44.6684050396474     0.855117294023563     0     6     6
44.6551414413176     0.85484498270429     0     6     6
44.6418778665275     0.855082479496482     0     6     6
44.6286143161827     0.855145366714065     0     6     6
44.6153507911885     0.855210054264763     0     6     6
44.6020872924504     0.855133019318285     0     6     6
44.5888238208739     0.85523386412116     0     6     6
44.5755603773645     0.855126877784591     0     6     6
44.5622969628277     0.854927735522689     0     6     6
44.549033578169     0.855137509233683     0     6     6
44.5357702242939     0.85513528556982     0     6     6
44.522506902108     0.85497169933919     0     6     6
44.5092436125167     0.855287857366838     0     6     6
44.4959803564257     0.855179213522138     0     6     6
44.4827171347406     0.855044603132901     0     6     6
44.4694539483668     0.855043065041139     0     6     6
44.45619079821     0.855249531732779     0     6     6
44.4429276851758     0.855156389427138     0     6     6
44.4296646101698     0.855409813003595     0     6     6
44.4164015740977     0.855363980026106     0     6     6
44.4031385778651     0.855430062475404     0     6     6
44.3898756223776     0.855057076161253     0     6     6
44.376612708541     0.855008417395642     0     6     6
44.3633498372608     0.855258956560696     0     6     6
44.3500870094429     0.855111532876952     0     6     6
44.336824225993     0.854982143283602     0     6     6
44.3235614878167     0.855094992512686     0     6     6
44.3102987958199     0.854860794999216     0     6     6
44.2970361509082     0.854990856966391     0     6     6
44.2837735539876     0.854762040380306     0     6     6
44.2705110059638     0.854560667315381     0     6     6
44.2572485077426     0.855214655931128     0     6     6
44.2439860602298     0.854476293566661     0     6     6
44.2307236643314     0.855375749804946     0     6     6
44.2174613209532     0.854817497609749     0     6     6
44.2041990310011     0.854776625083533     0     6     6
44.190936795381     0.855029403013324     0     6     6
44.1776746149988     0.854648102946252     0     6     6
44.1644124907606     0.854648999229941     0     6     6
44.1511504235722     0.855038892140831     0     6     6
44.1378884143397     0.85437521194846     0     6     6
44.1246264639691     0.854880500021615     0     6     6
44.1113645733664     0.854576178422732     0     6     6
44.0981027434377     0.854832131402105     0     6     6
44.0848409750891     0.855025051416377     0     6     6
44.0715792692266     0.854281955838019     0     6     6
44.0583176267565     0.85474588046383     0     6     6
44.0450560485848     0.854879867211218     0     6     6
44.0317945356177     0.854687131510193     0     6     6
44.0185330887614     0.854640676822097     0     6     6
44.0052717089222     0.854554989982414     0     6     6
43.9920103970062     0.854636658880577     0     6     6
43.9787491539198     0.854492204091615     0     6     6
43.9654879805692     0.854517588982299     0     6     6
43.9522268778607     0.854486317416279     0     6     6
43.9389658467008     0.854434259160266     0     6     6
43.9257048879957     0.854344479245086     0     6     6
43.912444002652     0.854762938836895     0     6     6
43.8991831915758     0.854292988974147     0     6     6
43.8859224556739     0.854297434180484     0     6     6
43.8726617958525     0.854296648330052     0     6     6
43.8594012130182     0.854132592916458     0     6     6
43.8461407080776     0.854130103003412     0     6     6
43.8328802819372     0.854286486763838     0     6     6
43.8196199355036     0.854013656227256     0     6     6
43.8063596696833     0.854278751335289     0     6     6
43.7930994853832     0.854025343018395     0     6     6
43.7798393835097     0.853948368906721     0     6     6
43.7665793649697     0.853680580698985     0     6     6
43.7533194306699     0.854023451834497     0     6     6
43.7400595815169     0.85382794964387     0     6     6
43.7267998184177     0.853585492621818     0     6     6
43.7135401422791     0.85365824703484     0     6     6
43.7002805540078     0.853728478734714     0     6     6
43.6870210545109     0.853654532505524     0     6     6
43.6737616446951     0.853395275345121     0     6     6
43.6605023254675     0.853607671196098     0     6     6
43.6472430977351     0.853585328760063     0     6     6
43.6339839624049     0.853498474080285     0     6     6
43.6207249203839     0.853520673472385     0     6     6
43.6074659725792     0.853150059319611     0     6     6
43.5942071198979     0.853364461174107     0     6     6
43.5809483632472     0.853118504475975     0     6     6
43.5676897035343     0.853134430029846     0     6     6
43.5544311416664     0.852980568235089     0     6     6
43.5411726785508     0.853121199491936     0     6     6
43.5279143150947     0.852847867640936     0     6     6
43.5146560522055     0.852983794978006     0     6     6
43.5013978907905     0.852737456697045     0     6     6
43.4881398317573     0.852726359987833     0     6     6
43.4748818760131     0.852521249352378     0     6     6
43.4616240244654     0.85263271845131     0     6     6
43.4483662780219     0.852729862807704     0     6     6
43.43510863759     0.852834015322617     0     6     6
43.4218511040773     0.852092153245626     0     6     6
43.4085936783915     0.852098068474074     0     6     6
43.3953363614402     0.852182490036994     0     6     6
43.3820791541312     0.851978748790984     0     6     6
43.3688220573721     0.852081480332526     0     6     6
43.3555650720708     0.851631939717152     0     6     6
43.3423081991352     0.851947170167557     0     6     6
43.3290514394729     0.851826767457634     0     6     6
43.3157947939921     0.851750570401231     0     6     6
43.3025382636006     0.851428530305069     0     6     6
43.2892818492064     0.851278309247977     0     6     6
43.2760255517175     0.851076328146363     0     6     6
43.2627693720421     0.85133069631065     0     6     6
43.2495133110882     0.851159030785498     0     6     6
43.236257369764     0.850946594321907     0     6     6
43.2230015489777     0.850896264198677     0     6     6
43.2097458496376     0.850835686353498     0     6     6
43.1964902726519     0.850236875413921     0     6     6
43.183234818929     0.850359975148926     0     6     6
43.1699794893773     0.84996858826635     0     6     6
43.1567242849051     0.850129615523171     0     6     6
43.1434692064209     0.850025312037336     0     6     6
43.1302142548334     0.849904447813022     0     6     6
43.1169594310509     0.849422135108156     0     6     6
43.1037047359822     0.849571237956951     0     6     6
43.0904501705359     0.849345683373112     0     6     6
43.0771957356206     0.849128982570924     0     6     6
43.0639414321452     0.849176099629849     0     6     6
43.0506872610184     0.848900350684192     0     6     6
43.0374332231491     0.84876344405192     0     6     6
43.0241793194461     0.848284376629722     0     6     6
43.0109255508184     0.84815685258155     0     6     6
42.9976719181749     0.848272616608631     0     6     6
42.9844184224248     0.847745513506851     0     6     6
42.9711650644771     0.847801796352815     0     6     6
42.9579118452409     0.847386301680657     0     6     6
42.9446587656254     0.846809790418313     0     6     6
42.9314058265398     0.846752563267047     0     6     6
42.9181530288935     0.846629737229855     0     6     6
42.9049003735958     0.845814361044966     0     6     6
42.891647861556     0.845842084725273     0     6     6
42.8783954936836     0.845227695856496     0     6     6
42.865143270888     0.84543377321463     0     6     6
42.8518911940789     0.844920439806136     0     6     6
42.8386392641659     0.844631968604903     0     6     6
42.8253874820585     0.843784394146481     0     6     6
42.8121358486664     0.843769627634134     0     6     6
42.7988843648995     0.842994452571277     0     6     6
42.7856330316676     0.842875784534228     0     6     6
42.7723818498804     0.842032502458868     0     6     6
42.759130820448     0.841516316446678     0     6     6
42.7458799442802     0.841196165334831     0     6     6
42.7326292222872     0.840373436386032     0     6     6
42.719378655379     0.839718710142574     0     6     6
42.7061282444657     0.838845040784876     0     6     6
42.6928779904575     0.838261307906991     0     6     6
42.6796278942648     0.837919972281599     0     6     6
42.6663779567977     0.83758003909139     0     6     6
42.6531281789667     0.836478265078155     0     6     6
42.6398785616822     0.836011840599435     0     6     6
42.6266291058547     0.83524065239195     0     6     6
42.6133798123947     0.83483589301205     0     6     6
42.6001306822128     0.834056932338553     0     6     6
42.5868817162196     0.833573124644478     0     6     6
42.573632915326     0.833068123389194     0     6     6
42.5603842804426     0.83278213074552     0     6     6
42.5471358124802     0.832185894980595     0     6     6
42.5338875123499     0.832225839093215     0     6     6
42.5206393809625     0.831599394506269     0     6     6
42.5073914192291     0.830633916445233     0     6     6
42.4941436280607     0.829730131509162     0     6     6
42.4808960083686     0.829312444708154     0     6     6
42.4676485610637     0.828124959583171     0     6     6
42.4544012870576     0.827225629341653     0     6     6
42.4411541872613     0.826684158776047     0     6     6
42.4279072625865     0.825557651229276     0     6     6
42.4146605139445     0.824410368979781     0     6     6
42.4014139422467     0.823281729357553     0     6     6
42.3881675484049     0.822404270907635     0     6     6
42.3749213333306     0.820871076825913     0     6     6
42.3616752979356     0.819447112077183     0     6     6
42.3484294431316     0.818339000946381     0     6     6
42.3351837698304     0.81670225143054     0     6     6
42.3219382789441     0.814962630722914     0     6     6
42.3086929713844     0.812988371219935     0     6     6
42.2954478480635     0.811571145174705     0     6     6
42.2822029098935     0.809506357697167     0     6     6
42.2689581577864     0.807787014937072     0     6     6
42.2557135926547     0.805994005123333     0     6     6
42.2424692154105     0.803583007437821     0     6     6
42.2292250269662     0.801805271734481     0     6     6
42.2159810282344     0.799623484357683     0     6     6
42.2027372201273     0.797295919277953     0     6     6
42.1894936035578     0.79488211548512     0     6     6
42.1762501794383     0.792375950698121     0     6     6
42.1630069486816     0.789600779306493     0     6     6
42.1497639122005     0.786782526456374     0     6     6
42.1365210709078     0.783314288762512     0     6     6
42.1232784257165     0.780514575658     0     6     6
42.1100359775395     0.777510608476806     0     6     6
42.09679372729     0.774349600269415     0     6     6
42.083551675881     0.77108809937228     0     6     6
42.0703098242257     0.767470256749223     0     6     6
42.0570681732375     0.763485757493066     0     6     6
42.0438267238296     0.759549261309221     0     6     6
42.0305854769156     0.75597751400013     0     6     6
42.0173444334088     0.751599020321704     0     6     6
42.0041035942229     0.747430984982588     0     6     6
41.9908629602715     0.743480747881121     0     6     6
41.9776225324684     0.738385830537491     0     6     6
41.9643823117272     0.734275831610583     0     6     6
41.9511422989619     0.729284317487901     0     6     6
41.9379024950865     0.723912251460051     0     6     6
41.9246629010149     0.719266263210926     0     6     6
41.9114235176612     0.714059641528552     0     6     6
41.8981843459396     0.70865310928704     0     6     6
41.8849453867643     0.703615930268723     0     6     6
41.8717066410497     0.698239180621034     0     6     6
41.8584681097102     0.692311272066724     0     6     6
41.8452297936601     0.686414381912823     0     6     6
41.8319916938142     0.68060793460584     0     6     6
41.8187538110869     0.674342331567237     0     6     6
41.8055161463931     0.667560732470168     0     6     6
41.7922787006474     0.660914069682065     0     6     6
41.7790414747648     0.653862868119121     0     6     6
41.7658044696602     0.647514923381299     0     6     6
41.7525676862486     0.640395747919278     0     6     6
41.7393311254452     0.632895169641778     0     6     6
41.726094788165     0.625348426013457     0     6     6
41.7128586753234     0.617856141420793     0     6     6
41.6996227878358     0.609654473615523     0     6     6
41.6863871266174     0.601169828877539     0     6     6
41.673151692584     0.59325141961162     0     6     6
41.6599164866509     0.585121583209548     0     6     6
41.646681509734     0.576995803811602     0     6     6
41.6334467627489     0.568030352130568     0     6     6
41.6202122466115     0.558986948281634     0     6     6
41.6069779622377     0.550900530559532     0     6     6
41.5937439105435     0.541517869233227     0     6     6
41.580510092445     0.533104320358156     0     6     6
41.5672765088584     0.522749841052576     0     6     6
41.5540431606999     0.514381101071158     0     6     6
41.5408100488858     0.50468945905747     0     6     6
41.5275771743327     0.495278759468985     0     6     6
41.5143445379569     0.486046685304387     0     6     6
41.5011121406751     0.475803125837402     0     6     6
41.487879983404     0.466711083193114     0     6     6
41.4746480670603     0.455891329804498     0     6     6
41.4614163925608     0.446662544988223     0     6     6
41.4481849608227     0.436021066685149     0     6     6
41.4349537727627     0.426094253829519     0     6     6
41.4217228292982     0.41640173199313     0     6     6
41.4084921313462     0.40518802610701     0     6     6
41.395261679824     0.394624744746998     0     6     6
41.3820314756491     0.384250187519677     0     6     6
41.368801519739     0.373507972332052     0     6     6
41.3555718130111     0.363002378518253     0     6     6
41.3423423563831     0.351340699112093     0     6     6
41.3291131507728     0.341185873337877     0     6     6
41.315884197098     0.330079481867572     0     6     6
41.3026554962766     0.31910924855764     0     6     6
41.2894270492266     0.308715291507636     0     6     6
41.2761988568661     0.298986263971102     0     6     6
41.2629709201134     0.288925752001734     0     6     6
41.2497432398867     0.278594119956509     0     6     6
41.2365158171043     0.270093857344704     0     6     6
41.2232886526848     0.260919527257864     0     6     6
41.2100617475467     0.251320097517923     0     6     6
41.1968351026086     0.242691900021815     0     6     6
41.1836087187894     0.233739618773163     0     6     6
41.1703825970079     0.224110624239227     0     6     6
41.1571567381829     0.216092319721617     0     6     6
41.1439311432336     0.207375172066968     0     6     6
41.130705813079     0.200253838939309     0     6     6
41.1174807486384     0.192319061508121     0     6     6
41.1042559508312     0.184603977368862     0     6     6
41.0910314205766     0.177802378703928     0     6     6
41.0778071587943     0.171152122875617     0     6     6
41.0645831664038     0.164759927961468     0     6     6
41.0513594443248     0.158755979631518     0     6     6
41.0381359934772     0.152571872351768     0     6     6
41.0249128147808     0.147063086882657     0     6     6
41.0116899091557     0.142393286227781     0     6     6
40.9984672775219     0.137586262148219     0     6     6
40.9852449207996     0.13275460104497     0     6     6
40.9720228399091     0.128451286610414     0     6     6
40.9588010357708     0.124898050390168     0     6     6
40.9455795093053     0.120907051553439     0     6     6
40.932358261433     0.117482542823034     0     6     6
40.9191372930747     0.114717292983769     0     6     6
40.9059166051511     0.112028542139368     0     6     6
40.8926961985833     0.109545529581278     0     6     6
40.8794760742921     0.107589840841041     0     6     6
40.8662562331986     0.1054363300209     0     6     6
40.8530366762241     0.1029384237426     0     6     6
40.8398174042898     0.10111783852345     0     6     6
40.8265984183172     0.0998908446479755     0     6     6
40.8133797192277     0.0985794755287987     0     6     6
40.800161307943     0.0973076804137243     0     6     6
40.7869431853848     0.0951035910997899     0     6     6
40.7737253524748     0.0945452312333253     0     6     6
40.7605078101351     0.0937375450736585     0     6     6
40.7472905592876     0.0932317150621909     0     6     6
40.7340736008544     0.0931236890717753     0     6     6
40.7208569357578     0.0925683354100087     0     6     6
40.7076405649202     0.0917928242949193     0     6     6
40.6944244892639     0.0918482428829882     0     6     6
40.6812087097115     0.0921730516223614     0     6     6
40.6679932271857     0.092398012356482     0     6     6
40.6547780426093     0.0916515826883726     0     6     6
40.6415631569051     0.0912393543155257     0     6     6
40.628348570996     0.090715383961636     0     6     6
40.6151342858053     0.090800080372862     0     6     6
40.601920302256     0.0906741368243187     0     6     6
40.5887066212714     0.0906122641826592     0     6     6
40.5754932437751     0.0909763914321671     0     6     6
40.5622801706905     0.090244544114794     0     6     6
40.5490674029412     0.0907804128496702     0     6     6
40.5358549414509     0.09142778809809     0     6     6
40.5226427871436     0.0916227460128881     0     6     6
40.5094309409432     0.0921527563905239     0     6     6
40.4962194037737     0.0914768595478915     0     6     6
40.4830081765594     0.0912760512901041     0     6     6
40.4697972602245     0.0908044298165676     0     6     6
40.4565866556934     0.0914693327743052     0     6     6
40.4433763638906     0.0901597739965737     0     6     6
40.4301663857409     0.0901446676347738     0     6     6
40.4169567221688     0.0900500509845483     0     6     6
40.4037473740993     0.0902859626152631     0     6     6
40.3905383424574     0.0892717603983411     0     6     6
40.3773296281681     0.0894134467323715     0     6     6
40.3641212321566     0.088908012420297     0     6     6
