40.3773296281681     0.407616033008527     0     -4     -10
40.3905383424574     0.392471186488883     0     -4     -10
40.4037473740993     0.373939845593491     0     -4     -10
40.4169567221688     0.380191697672256     0     -4     -10
40.4301663857409     0.38913071750317     0     -4     -10
40.4433763638906     0.368051135969201     0     -4     -10
40.4565866556934     0.34702868150323     0     -4     -10
40.4697972602245     0.357251628291662     0     -4     -10
40.4830081765594     0.356090117513546     0     -4     -10
40.4962194037737     0.324674556809865     0     -4     -10
40.5094309409432     0.310979895618637     0     -4     -10
40.5226427871436     0.323670900198765     0     -4     -10
40.5358549414509     0.3067620743963     0     -4     -10
40.5490674029412     0.273133241455228     0     -4     -10
40.5622801706905     0.27614301748089     0     -4     -10
40.5754932437751     0.279690595866089     0     -4     -10
40.5887066212714     0.248362040279057     0     -4     -10
40.601920302256     0.237912031733669     0     -4     -10
40.6151342858053     0.252983658096734     0     -4     -10
40.628348570996     0.240627380576873     0     -4     -10
40.6415631569051     0.221327479458764     0     -4     -10
40.6547780426093     0.239581809322954     0     -4     -10
40.6679932271857     0.248162979351065     0     -4     -10
40.6812087097115     0.23838311056668     0     -4     -10
40.6944244892639     0.254641389061111     0     -4     -10
40.7076405649202     0.27968034767019     0     -4     -10
40.7208569357578     0.285640897782131     0     -4     -10
40.7340736008544     0.304335546029913     0     -4     -10
40.7472905592876     0.337809721824106     0     -4     -10
40.7605078101351     0.356279403018688     0     -4     -10
40.7737253524748     0.38084439832162     0     -4     -10
40.7869431853848     0.413662574749747     0     -4     -10
40.800161307943     0.434810068001357     0     -4     -10
40.8133797192277     0.458541385275386     0     -4     -10
40.8265984183172     0.490677269135816     0     -4     -10
40.8398174042898     0.512501159076672     0     -4     -10
40.8530366762241     0.524758179256851     0     -4     -10
40.8662562331986     0.553611300192624     0     -4     -10
40.8794760742921     0.573914165826541     0     -4     -10
40.8926961985833     0.576307816503486     0     -4     -10
40.9059166051511     0.590463836113094     0     -4     -10
40.9191372930747     0.61118993234875     0     -4     -10
40.932358261433     0.613431136920409     0     -4     -10
40.9455795093053     0.610288332300765     0     -4     -10
40.9588010357708     0.623037616443935     0     -4     -10
40.9720228399091     0.633997434649423     0     -4     -10
40.9852449207996     0.625223388435658     0     -4     -10
40.9984672775219     0.619831413495356     0     -4     -10
41.0116899091557     0.630335520340017     0     -4     -10
41.0249128147808     0.629095103744532     0     -4     -10
41.0381359934772     0.61133465024662     0     -4     -10
41.0513594443248     0.603200880780051     0     -4     -10
41.0645831664038     0.609424967589981     0     -4     -10
41.0778071587943     0.599213922184957     0     -4     -10
41.0910314205766     0.571301209030903     0     -4     -10
41.1042559508312     0.559054324284297     0     -4     -10
41.1174807486384     0.558847463308866     0     -4     -10
41.130705813079     0.533633067043514     0     -4     -10
41.1439311432336     0.493080017619691     0     -4     -10
41.1571567381829     0.478341655853174     0     -4     -10
41.1703825970079     0.470449939533321     0     -4     -10
41.1836087187894     0.43013651674428     0     -4     -10
41.1968351026086     0.387505973211991     0     -4     -10
41.2100617475467     0.379775551943437     0     -4     -10
41.2232886526848     0.37394829646344     0     -4     -10
41.2365158171043     0.344664259824504     0     -4     -10
41.2497432398867     0.331856582424765     0     -4     -10
41.2629709201134     0.351733216137307     0     -4     -10
41.2761988568661     0.375584350785934     0     -4     -10
41.2894270492266     0.39473825590049     0     -4     -10
41.3026554962766     0.433243240397201     0     -4     -10
41.315884197098     0.483145129751859     0     -4     -10
41.3291131507728     0.531609676843497     0     -4     -10
41.3423423563831     0.58327641207804     0     -4     -10
41.3555718130111     0.630655035717365     0     -4     -10
41.368801519739     0.664013711970133     0     -4     -10
41.3820314756491     0.687306212786147     0     -4     -10
41.395261679824     0.711822203731523     0     -4     -10
41.4084921313462     0.730948358592697     0     -4     -10
41.4217228292982     0.740227074389618     0     -4     -10
41.4349537727627     0.744407416619745     0     -4     -10
41.4481849608227     0.753802560405523     0     -4     -10
41.4614163925608     0.765045378885935     0     -4     -10
41.4746480670603     0.769531772721281     0     -4     -10
41.487879983404     0.767710347378042     0     -4     -10
41.5011121406751     0.768961310777513     0     -4     -10
41.5143445379569     0.773556722554721     0     -4     -10
41.5275771743327     0.771879736502957     0     -4     -10
41.5408100488858     0.76182263637697     0     -4     -10
41.5540431606999     0.753239777298301     0     -4     -10
41.5672765088584     0.750236477251269     0     -4     -10
41.580510092445     0.738696046231668     0     -4     -10
41.5937439105435     0.711872519846867     0     -4     -10
41.6069779622377     0.681012635045179     0     -4     -10
41.6202122466115     0.646981514178911     0     -4     -10
41.6334467627489     0.582825923037428     0     -4     -10
41.646681509734     0.490948497930254     0     -4     -10
41.6599164866509     0.448800902934876     0     -4     -10
41.673151692584     0.520868346830642     0     -4     -10
41.6863871266174     0.635604969333312     0     -4     -10
41.6996227878358     0.724583984509479     0     -4     -10
41.7128586753234     0.772494796297089     0     -4     -10
41.726094788165     0.803832657689187     0     -4     -10
41.7393311254452     0.82843773819824     0     -4     -10
41.7525676862486     0.845320757697116     0     -4     -10
41.7658044696602     0.854068197041449     0     -4     -10
41.7790414747648     0.86094311652335     0     -4     -10
41.7922787006474     0.867040371840821     0     -4     -10
41.8055161463931     0.870634292023242     0     -4     -10
41.8187538110869     0.872985914329354     0     -4     -10
41.8319916938142     0.874752244197378     0     -4     -10
41.8452297936601     0.876222492442032     0     -4     -10
41.8584681097102     0.876949946182217     0     -4     -10
41.8717066410497     0.877304455981035     0     -4     -10
41.8849453867643     0.877756884547012     0     -4     -10
41.8981843459396     0.878261987893395     0     -4     -10
41.9114235176612     0.878438443964892     0     -4     -10
41.9246629010149     0.879361210282237     0     -4     -10
41.9379024950865     0.879086530124901     0     -4     -10
41.9511422989619     0.879284089698747     0     -4     -10
41.9643823117272     0.879385830918512     0     -4     -10
41.9776225324684     0.879095163797654     0     -4     -10
41.9908629602715     0.879483528189175     0     -4     -10
42.0041035942229     0.879396054687092     0     -4     -10
42.0173444334088     0.879476118324679     0     -4     -10
42.0305854769156     0.879395929345474     0     -4     -10
42.0438267238296     0.87951225365135     0     -4     -10
42.0570681732375     0.879540093067386     0     -4     -10
42.0703098242257     0.879379379080156     0     -4     -10
42.083551675881     0.879409340272453     0     -4     -10
42.09679372729     0.879423591604718     0     -4     -10
42.1100359775395     0.879335909035567     0     -4     -10
42.1232784257165     0.879473611234532     0     -4     -10
42.1365210709078     0.879219813635281     0     -4     -10
42.1497639122005     0.879221248808212     0     -4     -10
42.1630069486816     0.879442109319196     0     -4     -10
42.1762501794383     0.879340942021543     0     -4     -10
42.1894936035578     0.879454830036307     0     -4     -10
42.2027372201273     0.87942740974494     0     -4     -10
42.2159810282344     0.879530215044002     0     -4     -10
42.2292250269662     0.879210735235782     0     -4     -10
42.2424692154105     0.879212787088132     0     -4     -10
42.2557135926547     0.879183080702184     0     -4     -10
42.2689581577864     0.879123221539353     0     -4     -10
42.2822029098935     0.879189942629629     0     -4     -10
42.2954478480635     0.879307835819794     0     -4     -10
42.3086929713844     0.879204557458312     0     -4     -10
42.3219382789441     0.879132202956112     0     -4     -10
42.3351837698304     0.879126313357726     0     -4     -10
42.3484294431316     0.879087899131592     0     -4     -10
42.3616752979356     0.879309974212342     0     -4     -10
42.3749213333306     0.879140513581083     0     -4     -10
42.3881675484049     0.87887925002538     0     -4     -10
42.4014139422467     0.87901582942128     0     -4     -10
42.4146605139445     0.879047064062404     0     -4     -10
42.4279072625865     0.878950390783456     0     -4     -10
42.4411541872613     0.879081758096761     0     -4     -10
42.4544012870576     0.879013264658406     0     -4     -10
42.4676485610637     0.879168459800053     0     -4     -10
42.4808960083686     0.878750297832264     0     -4     -10
42.4941436280607     0.879068973618366     0     -4     -10
42.5073914192291     0.879012192687781     0     -4     -10
42.5206393809625     0.878880107011726     0     -4     -10
42.5338875123499     0.878802870448753     0     -4     -10
42.5471358124802     0.878873804310646     0     -4     -10
42.5603842804426     0.878856231197393     0     -4     -10
42.573632915326     0.879112374467976     0     -4     -10
42.5868817162196     0.8789489696561     0     -4     -10
42.6001306822128     0.878902043455904     0     -4     -10
42.6133798123947     0.878856685581422     0     -4     -10
42.6266291058547     0.878983835830069     0     -4     -10
42.6398785616822     0.878810913231165     0     -4     -10
42.6531281789667     0.878821253798081     0     -4     -10
42.6663779567977     0.878626249941858     0     -4     -10
42.6796278942648     0.878800672145726     0     -4     -10
42.6928779904575     0.878728463133871     0     -4     -10
42.7061282444657     0.878723192501435     0     -4     -10
42.719378655379     0.878683290522443     0     -4     -10
42.7326292222872     0.878366571782055     0     -4     -10
42.7458799442802     0.878466448701628     0     -4     -10
42.759130820448     0.878652692301099     0     -4     -10
42.7723818498804     0.878600517553015     0     -4     -10
42.7856330316676     0.878646126932115     0     -4     -10
42.7988843648995     0.878687359535437     0     -4     -10
42.8121358486664     0.878558143502344     0     -4     -10
42.8253874820585     0.878611224027572     0     -4     -10
42.8386392641659     0.878490198560827     0     -4     -10
42.8518911940789     0.87852995740192     0     -4     -10
42.865143270888     0.878323936559797     0     -4     -10
42.8783954936836     0.878635725870399     0     -4     -10
42.891647861556     0.878625187825629     0     -4     -10
42.9049003735958     0.878411479767746     0     -4     -10
42.9181530288935     0.878295001368854     0     -4     -10
42.9314058265398     0.878480224254994     0     -4     -10
42.9446587656254     0.878374452930182     0     -4     -10
42.9579118452409     0.878261395642187     0     -4     -10
42.9711650644771     0.87823236196687     0     -4     -10
42.9844184224248     0.87831305603789     0     -4     -10
42.9976719181749     0.878294673668116     0     -4     -10
43.0109255508184     0.877863134363959     0     -4     -10
43.0241793194461     0.878167509128625     0     -4     -10
43.0374332231491     0.878236596266237     0     -4     -10
43.0506872610184     0.878473606584927     0     -4     -10
43.0639414321452     0.878200019084299     0     -4     -10
43.0771957356206     0.877876246531665     0     -4     -10
43.0904501705359     0.87827612272028     0     -4     -10
43.1037047359822     0.878154755935067     0     -4     -10
43.1169594310509     0.878168899060405     0     -4     -10
43.1302142548334     0.87824415305641     0     -4     -10
43.1434692064209     0.878246442539758     0     -4     -10
43.1567242849051     0.877857547570618     0     -4     -10
43.1699794893773     0.878159561228834     0     -4     -10
43.183234818929     0.878042570557285     0     -4     -10
43.1964902726519     0.878002239769336     0     -4     -10
43.2097458496376     0.878119353998637     0     -4     -10
43.2230015489777     0.877858704788097     0     -4     -10
43.236257369764     0.877767492851354     0     -4     -10
43.2495133110882     0.877840740522748     0     -4     -10
43.2627693720421     0.877729521661743     0     -4     -10
43.2760255517175     0.877748292164391     0     -4     -10
43.2892818492064     0.87751097641724     0     -4     -10
43.3025382636006     0.877609914123482     0     -4     -10
43.3157947939921     0.877869390117583     0     -4     -10
43.3290514394729     0.877951748311065     0     -4     -10
43.3423081991352     0.877670158931313     0     -4     -10
43.3555650720708     0.877908709528608     0     -4     -10
43.3688220573721     0.877837751078329     0     -4     -10
43.3820791541312     0.87774031268944     0     -4     -10
43.3953363614402     0.877831364611642     0     -4     -10
43.4085936783915     0.877627310317804     0     -4     -10
43.4218511040773     0.877893375264896     0     -4     -10
43.43510863759     0.877769937600021     0     -4     -10
43.4483662780219     0.877827197787859     0     -4     -10
43.4616240244654     0.877792510616012     0     -4     -10
43.4748818760131     0.877771092589104     0     -4     -10
43.4881398317573     0.877762294005138     0     -4     -10
43.5013978907905     0.878122116009162     0     -4     -10
43.5146560522055     0.877860376105273     0     -4     -10
43.5279143150947     0.877861162696786     0     -4     -10
43.5411726785508     0.877566649918922     0     -4     -10
43.5544311416664     0.877754838060481     0     -4     -10
43.5676897035343     0.877938163174887     0     -4     -10
43.5809483632472     0.877724839856501     0     -4     -10
43.5942071198979     0.877857703520355     0     -4     -10
43.6074659725792     0.877909501389665     0     -4     -10
43.6207249203839     0.877679879341975     0     -4     -10
43.6339839624049     0.877442990993711     0     -4     -10
43.6472430977351     0.877844079552501     0     -4     -10
43.6605023254675     0.877895325102622     0     -4     -10
43.6737616446951     0.877556699812059     0     -4     -10
43.6870210545109     0.877800240405774     0     -4     -10
43.7002805540078     0.877764474654594     0     -4     -10
43.7135401422791     0.877722981044755     0     -4     -10
43.7267998184177     0.87770284542139     0     -4     -10
43.7400595815169     0.87787024967414     0     -4     -10
43.7533194306699     0.877849543006584     0     -4     -10
43.7665793649697     0.877703447341376     0     -4     -10
43.7798393835097     0.878086924669241     0     -4     -10
43.7930994853832     0.877410985618635     0     -4     -10
43.8063596696833     0.877700460871451     0     -4     -10
43.8196199355036     0.877834811590748     0     -4     -10
43.8328802819372     0.87803019893698     0     -4     -10
43.8461407080776     0.877938452965683     0     -4     -10
43.8594012130182     0.878119776712448     0     -4     -10
43.8726617958525     0.877828515669516     0     -4     -10
43.8859224556739     0.878047868301658     0     -4     -10
43.8991831915758     0.877741383797449     0     -4     -10
43.912444002652     0.878130639254072     0     -4     -10
43.9257048879957     0.877950493425514     0     -4     -10
43.9389658467008     0.877809718401414     0     -4     -10
43.9522268778607     0.8778417610639     0     -4     -10
43.9654879805692     0.877973395654374     0     -4     -10
43.9787491539198     0.877895631337236     0     -4     -10
43.9920103970062     0.877942794594911     0     -4     -10
44.0052717089222     0.877943310581239     0     -4     -10
44.0185330887614     0.877770079734896     0     -4     -10
44.0317945356177     0.87762850152657     0     -4     -10
44.0450560485848     0.87793388455406     0     -4     -10
44.0583176267565     0.878032609694639     0     -4     -10
44.0715792692266     0.877927944570182     0     -4     -10
44.0848409750891     0.877837043173568     0     -4     -10
44.0981027434377     0.877944806928321     0     -4     -10
44.1113645733664     0.87784549072139     0     -4     -10
44.1246264639691     0.877871038854567     0     -4     -10
44.1378884143397     0.877801566395993     0     -4     -10
44.1511504235722     0.877876722925807     0     -4     -10
44.1644124907606     0.877811336536743     0     -4     -10
44.1776746149988     0.877751801138189     0     -4     -10
44.190936795381     0.877689728592427     0     -4     -10
44.2041990310011     0.877810285370776     0     -4     -10
44.2174613209532     0.877805908164259     0     -4     -10
44.2307236643314     0.877454587526453     0     -4     -10
44.2439860602298     0.878065128905251     0     -4     -10
44.2572485077426     0.877764852032969     0     -4     -10
44.2705110059638     0.877563262134843     0     -4     -10
44.2837735539876     0.877763074656096     0     -4     -10
44.2970361509082     0.877747066978838     0     -4     -10
44.3102987958199     0.877587892698113     0     -4     -10
44.3235614878167     0.877652800234638     0     -4     -10
44.336824225993     0.877579414816445     0     -4     -10
44.3500870094429     0.877814220404704     0     -4     -10
44.3633498372608     0.877495276096716     0     -4     -10
44.376612708541     0.87763577130601     0     -4     -10
44.3898756223776     0.877498461206525     0     -4     -10
44.4031385778651     0.8775971023721     0     -4     -10
44.4164015740977     0.877686372769705     0     -4     -10
44.4296646101698     0.877308860352248     0     -4     -10
44.4429276851758     0.877275495910327     0     -4     -10
44.45619079821     0.877491889035763     0     -4     -10
44.4694539483668     0.877458290719338     0     -4     -10
44.4827171347406     0.877236510412159     0     -4     -10
44.4959803564257     0.877544459310403     0     -4     -10
44.5092436125167     0.877430048652536     0     -4     -10
44.522506902108     0.877238816937257     0     -4     -10
44.5357702242939     0.877402674441122     0     -4     -10
44.549033578169     0.877375241605922     0     -4     -10
44.5622969628277     0.877340920184031     0     -4     -10
44.5755603773645     0.877545395382864     0     -4     -10
44.5888238208739     0.877182887029226     0     -4     -10
44.6020872924504     0.877348146444659     0     -4     -10
44.6153507911885     0.877157488009775     0     -4     -10
44.6286143161827     0.877114164336828     0     -4     -10
44.6418778665275     0.877152739943974     0     -4     -10
44.6551414413176     0.87699848546925     0     -4     -10
44.6684050396474     0.8769072387112     0     -4     -10
44.6816686606115     0.877073667533405     0     -4     -10
44.6949323033044     0.876781595622921     0     -4     -10
44.7081959668207     0.877049252628044     0     -4     -10
44.7214596502551     0.87711387860156     0     -4     -10
44.7347233527021     0.877077604402676     0     -4     -10
44.7479870732562     0.877152979802081     0     -4     -10
44.7612508110122     0.877099461366264     0     -4     -10
44.7745145650645     0.877009012012199     0     -4     -10
44.7877783345079     0.877023474699784     0     -4     -10
44.8010421184369     0.876991362685418     0     -4     -10
44.8143059159461     0.876754299146615     0     -4     -10
44.8275697261302     0.877209703732845     0     -4     -10
44.8408335480838     0.876851721503158     0     -4     -10
44.8540973809016     0.87675930455847     0     -4     -10
44.8673612236781     0.876676179968969     0     -4     -10
44.8806250755081     0.876806576533272     0     -4     -10
44.8938889354862     0.876746526237768     0     -4     -10
44.9071528027069     0.876700315659766     0     -4     -10
44.9204166762651     0.876631526719374     0     -4     -10
44.9336805552553     0.876767535070992     0     -4     -10
44.9469444387722     0.87677749227346     0     -4     -10
44.9602083259105     0.876601892099329     0     -4     -10
44.9734722157648     0.876753941287352     0     -4     -10
44.9867361074297     0.876672864312816     0     -4     -10
45     0.876706897279513     0     -4     -10
