40.3773296281681     0.832351451991409     0     4     -2
40.3905383424574     0.83306272235951     0     4     -2
40.4037473740993     0.833336320777713     0     4     -2
40.4169567221688     0.833833416508926     0     4     -2
40.4301663857409     0.834534087898871     0     4     -2
40.4433763638906     0.83522053199884     0     4     -2
40.4565866556934     0.835577230749224     0     4     -2
40.4697972602245     0.835898256793987     0     4     -2
40.4830081765594     0.836930375357554     0     4     -2
40.4962194037737     0.837213168715522     0     4     -2
40.5094309409432     0.837322723927594     0     4     -2
40.5226427871436     0.83831283571501     0     4     -2
40.5358549414509     0.838721810633696     0     4     -2
40.5490674029412     0.839045788235799     0     4     -2
40.5622801706905     0.839405862912601     0     4     -2
40.5754932437751     0.839939957657235     0     4     -2
40.5887066212714     0.840161172041378     0     4     -2
40.601920302256     0.840674164771409     0     4     -2
40.6151342858053     0.841416841196365     0     4     -2
40.628348570996     0.84172382650562     0     4     -2
40.6415631569051     0.842022659049501     0     4     -2
40.6547780426093     0.842530090479464     0     4     -2
40.6679932271857     0.842771372692857     0     4     -2
40.6812087097115     0.843240348743608     0     4     -2
40.6944244892639     0.84360345292062     0     4     -2
40.7076405649202     0.844179463189345     0     4     -2
40.7208569357578     0.844194684936828     0     4     -2
40.7340736008544     0.844676349376036     0     4     -2
40.7472905592876     0.84482400324188     0     4     -2
40.7605078101351     0.845483265289724     0     4     -2
40.7737253524748     0.845796466702784     0     4     -2
40.7869431853848     0.846133466564727     0     4     -2
40.800161307943     0.846493539510923     0     4     -2
40.8133797192277     0.846961139769106     0     4     -2
40.8265984183172     0.847335748101126     0     4     -2
40.8398174042898     0.847218712361808     0     4     -2
40.8530366762241     0.847682298558828     0     4     -2
40.8662562331986     0.847856126608928     0     4     -2
40.8794760742921     0.848242500621889     0     4     -2
40.8926961985833     0.84877756626181     0     4     -2
40.9059166051511     0.848860433569531     0     4     -2
40.9191372930747     0.849113325455606     0     4     -2
40.932358261433     0.849436969244656     0     4     -2
40.9455795093053     0.849877246327938     0     4     -2
40.9588010357708     0.84987619909074     0     4     -2
40.9720228399091     0.850045114955404     0     4     -2
40.9852449207996     0.850798368415809     0     4     -2
40.9984672775219     0.850864354235593     0     4     -2
41.0116899091557     0.850935047707921     0     4     -2
41.0249128147808     0.85124907429058     0     4     -2
41.0381359934772     0.851252982722388     0     4     -2
41.0513594443248     0.851684438144346     0     4     -2
41.0645831664038     0.85200601816838     0     4     -2
41.0778071587943     0.852066898648037     0     4     -2
41.0910314205766     0.851967744939617     0     4     -2
41.1042559508312     0.852127003198011     0     4     -2
41.1174807486384     0.852044372746542     0     4     -2
41.130705813079     0.85254718273268     0     4     -2
41.1439311432336     0.85257391183076     0     4     -2
41.1571567381829     0.852976195578671     0     4     -2
41.1703825970079     0.85285471257609     0     4     -2
41.1836087187894     0.853040596472846     0     4     -2
41.1968351026086     0.853270068499785     0     4     -2
41.2100617475467     0.853333316644632     0     4     -2
41.2232886526848     0.85342971682893     0     4     -2
41.2365158171043     0.853528605249913     0     4     -2
41.2497432398867     0.853619573161468     0     4     -2
41.2629709201134     0.853760311581227     0     4     -2
41.2761988568661     0.853817132295694     0     4     -2
41.2894270492266     0.853894672798298     0     4     -2
41.3026554962766     0.853710457598893     0     4     -2
41.315884197098     0.854252084116633     0     4     -2
41.3291131507728     0.853913527810647     0     4     -2
41.3423423563831     0.854259222292135     0     4     -2
41.3555718130111     0.85387351990998     0     4     -2
41.368801519739     0.853974233285885     0     4     -2
41.3820314756491     0.853903609547035     0     4     -2
41.395261679824     0.854137232850657     0     4     -2
41.4084921313462     0.854310226213596     0     4     -2
41.4217228292982     0.854739126957279     0     4     -2
41.4349537727627     0.854622362832203     0     4     -2
41.4481849608227     0.854737719571052     0     4     -2
41.4614163925608     0.85424386090599     0     4     -2
41.4746480670603     0.854561091691781     0     4     -2
41.487879983404     0.85408478517591     0     4     -2
41.5011121406751     0.854785577049227     0     4     -2
41.5143445379569     0.854503107470985     0     4     -2
41.5275771743327     0.85420255477202     0     4     -2
41.5408100488858     0.854634867816354     0     4     -2
41.5540431606999     0.854361881769646     0     4     -2
41.5672765088584     0.854480121766935     0     4     -2
41.580510092445     0.85425204003887     0     4     -2
41.5937439105435     0.85396689897397     0     4     -2
41.6069779622377     0.854455400544355     0     4     -2
41.6202122466115     0.854105245230999     0     4     -2
41.6334467627489     0.854283659673507     0     4     -2
41.646681509734     0.85395512920618     0     4     -2
41.6599164866509     0.853869568074091     0     4     -2
41.673151692584     0.854014174011537     0     4     -2
41.6863871266174     0.853485527924338     0     4     -2
41.6996227878358     0.85350308215221     0     4     -2
41.7128586753234     0.853481300422799     0     4     -2
41.726094788165     0.853645879490753     0     4     -2
41.7393311254452     0.853341818020193     0     4     -2
41.7525676862486     0.853164664944052     0     4     -2
41.7658044696602     0.853072628522836     0     4     -2
41.7790414747648     0.852898446898242     0     4     -2
41.7922787006474     0.852805578195325     0     4     -2
41.8055161463931     0.852596457206492     0     4     -2
41.8187538110869     0.852564973418451     0     4     -2
41.8319916938142     0.852011739729234     0     4     -2
41.8452297936601     0.851898887188455     0     4     -2
41.8584681097102     0.852016869946481     0     4     -2
41.8717066410497     0.851633103323928     0     4     -2
41.8849453867643     0.851530764854779     0     4     -2
41.8981843459396     0.850877946863478     0     4     -2
41.9114235176612     0.850860842945968     0     4     -2
41.9246629010149     0.850695860859505     0     4     -2
41.9379024950865     0.850352871223886     0     4     -2
41.9511422989619     0.84990928934043     0     4     -2
41.9643823117272     0.849639315415996     0     4     -2
41.9776225324684     0.849164597466329     0     4     -2
41.9908629602715     0.848737106952291     0     4     -2
42.0041035942229     0.848231926158461     0     4     -2
42.0173444334088     0.847789112456718     0     4     -2
42.0305854769156     0.847532393279162     0     4     -2
42.0438267238296     0.846791360976304     0     4     -2
42.0570681732375     0.845833663802192     0     4     -2
42.0703098242257     0.845533323655707     0     4     -2
42.083551675881     0.845045393766729     0     4     -2
42.09679372729     0.844195574890907     0     4     -2
42.1100359775395     0.843268493811917     0     4     -2
42.1232784257165     0.842743744788546     0     4     -2
42.1365210709078     0.841813020664256     0     4     -2
42.1497639122005     0.840816432829073     0     4     -2
42.1630069486816     0.839685638910641     0     4     -2
42.1762501794383     0.838478700769319     0     4     -2
42.1894936035578     0.836918018273374     0     4     -2
42.2027372201273     0.835549719042344     0     4     -2
42.2159810282344     0.833937017210263     0     4     -2
42.2292250269662     0.832239384845423     0     4     -2
42.2424692154105     0.830359728247287     0     4     -2
42.2557135926547     0.82814367343357     0     4     -2
42.2689581577864     0.82592931195035     0     4     -2
42.2822029098935     0.82345685263114     0     4     -2
42.2954478480635     0.820509404470892     0     4     -2
42.3086929713844     0.816754954374797     0     4     -2
42.3219382789441     0.813470082186936     0     4     -2
42.3351837698304     0.809523245589684     0     4     -2
42.3484294431316     0.80493433016873     0     4     -2
42.3616752979356     0.799315394535076     0     4     -2
42.3749213333306     0.793100991644953     0     4     -2
42.3881675484049     0.786329964410915     0     4     -2
42.4014139422467     0.778191767418926     0     4     -2
42.4146605139445     0.768642029028221     0     4     -2
42.4279072625865     0.758146660258761     0     4     -2
42.4411541872613     0.744263480592276     0     4     -2
42.4544012870576     0.728757970641134     0     4     -2
42.4676485610637     0.710781444410624     0     4     -2
42.4808960083686     0.689444951594281     0     4     -2
42.4941436280607     0.664302250168541     0     4     -2
42.5073914192291     0.633655300939645     0     4     -2
42.5206393809625     0.59768850862888     0     4     -2
42.5338875123499     0.553031784252518     0     4     -2
42.5471358124802     0.501805263867555     0     4     -2
42.5603842804426     0.44345798034253     0     4     -2
42.573632915326     0.381045151614462     0     4     -2
42.5868817162196     0.314734205509888     0     4     -2
42.6001306822128     0.257425498200587     0     4     -2
42.6133798123947     0.213801978336694     0     4     -2
42.6266291058547     0.19696068098316     0     4     -2
42.6398785616822     0.210122717266262     0     4     -2
42.6531281789667     0.251779154155303     0     4     -2
42.6663779567977     0.313584177239775     0     4     -2
42.6796278942648     0.384308861116094     0     4     -2
42.6928779904575     0.455058881681904     0     4     -2
42.7061282444657     0.519303487960359     0     4     -2
42.719378655379     0.575517869150432     0     4     -2
42.7326292222872     0.622121358563922     0     4     -2
42.7458799442802     0.66029628061424     0     4     -2
42.759130820448     0.691949766654811     0     4     -2
42.7723818498804     0.716909615041036     0     4     -2
42.7856330316676     0.738062476766547     0     4     -2
42.7988843648995     0.755628636113624     0     4     -2
42.8121358486664     0.770143283285757     0     4     -2
42.8253874820585     0.78182131013786     0     4     -2
42.8386392641659     0.793111896347837     0     4     -2
42.8518911940789     0.802242757876982     0     4     -2
42.865143270888     0.810180232474826     0     4     -2
42.8783954936836     0.817518576603356     0     4     -2
42.891647861556     0.824170744821229     0     4     -2
42.9049003735958     0.827343953407297     0     4     -2
42.9181530288935     0.831962276522828     0     4     -2
42.9314058265398     0.836558848800634     0     4     -2
42.9446587656254     0.839957028522633     0     4     -2
42.9579118452409     0.842937014269431     0     4     -2
42.9711650644771     0.845501870199871     0     4     -2
42.9844184224248     0.847856342662301     0     4     -2
42.9976719181749     0.849746997410862     0     4     -2
43.0109255508184     0.851523195025686     0     4     -2
43.0241793194461     0.852887637228752     0     4     -2
43.0374332231491     0.854708137137569     0     4     -2
43.0506872610184     0.855623329059902     0     4     -2
43.0639414321452     0.857204374747311     0     4     -2
43.0771957356206     0.857984452324855     0     4     -2
43.0904501705359     0.858736102435115     0     4     -2
43.1037047359822     0.859853534064029     0     4     -2
43.1169594310509     0.860589680974618     0     4     -2
43.1302142548334     0.861426607004895     0     4     -2
43.1434692064209     0.862038380827895     0     4     -2
43.1567242849051     0.862815395130263     0     4     -2
43.1699794893773     0.863384838152894     0     4     -2
43.183234818929     0.863590068199426     0     4     -2
43.1964902726519     0.864385878649519     0     4     -2
43.2097458496376     0.864696944071094     0     4     -2
43.2230015489777     0.865116290860596     0     4     -2
43.236257369764     0.865375441061185     0     4     -2
43.2495133110882     0.865889373064542     0     4     -2
43.2627693720421     0.865973449336023     0     4     -2
43.2760255517175     0.866302602608759     0     4     -2
43.2892818492064     0.866461014832752     0     4     -2
43.3025382636006     0.867029341704842     0     4     -2
43.3157947939921     0.867353396598519     0     4     -2
43.3290514394729     0.867440183834839     0     4     -2
43.3423081991352     0.867869999987379     0     4     -2
43.3555650720708     0.867771277720877     0     4     -2
43.3688220573721     0.868258279203521     0     4     -2
43.3820791541312     0.868124623176983     0     4     -2
43.3953363614402     0.8685941968765     0     4     -2
43.4085936783915     0.868565086522894     0     4     -2
43.4218511040773     0.868403488589913     0     4     -2
43.43510863759     0.869018513117458     0     4     -2
43.4483662780219     0.86893381513244     0     4     -2
43.4616240244654     0.869187923352842     0     4     -2
43.4748818760131     0.869161177175801     0     4     -2
43.4881398317573     0.869364918698741     0     4     -2
43.5013978907905     0.869317808328404     0     4     -2
43.5146560522055     0.869061413439388     0     4     -2
43.5279143150947     0.869131516492349     0     4     -2
43.5411726785508     0.869526339054839     0     4     -2
43.5544311416664     0.869677212107008     0     4     -2
43.5676897035343     0.870073689713718     0     4     -2
43.5809483632472     0.869743448349219     0     4     -2
43.5942071198979     0.869951596253832     0     4     -2
43.6074659725792     0.87019938533869     0     4     -2
43.6207249203839     0.869847955328144     0     4     -2
43.6339839624049     0.869646301771433     0     4     -2
43.6472430977351     0.870123744984902     0     4     -2
43.6605023254675     0.869803879942963     0     4     -2
43.6737616446951     0.869862564636426     0     4     -2
43.6870210545109     0.869892921182837     0     4     -2
43.7002805540078     0.870081471161911     0     4     -2
43.7135401422791     0.869782276274585     0     4     -2
43.7267998184177     0.869825164930893     0     4     -2
43.7400595815169     0.869612414927128     0     4     -2
43.7533194306699     0.870028851602247     0     4     -2
43.7665793649697     0.869633923548099     0     4     -2
43.7798393835097     0.869960225899403     0     4     -2
43.7930994853832     0.870115188501584     0     4     -2
43.8063596696833     0.869972452539617     0     4     -2
43.8196199355036     0.869825130932832     0     4     -2
43.8328802819372     0.870052019947386     0     4     -2
43.8461407080776     0.870101693146584     0     4     -2
43.8594012130182     0.870145503703593     0     4     -2
43.8726617958525     0.870355163960264     0     4     -2
43.8859224556739     0.870162565148309     0     4     -2
43.8991831915758     0.870290300301509     0     4     -2
43.912444002652     0.870499503715963     0     4     -2
43.9257048879957     0.870766611146121     0     4     -2
43.9389658467008     0.8705679690221     0     4     -2
43.9522268778607     0.870281354739007     0     4     -2
43.9654879805692     0.870661264830596     0     4     -2
43.9787491539198     0.870491268916071     0     4     -2
43.9920103970062     0.870882792069005     0     4     -2
44.0052717089222     0.870670538488343     0     4     -2
44.0185330887614     0.871044465815964     0     4     -2
44.0317945356177     0.870953508820048     0     4     -2
44.0450560485848     0.870736767216148     0     4     -2
44.0583176267565     0.870744332426852     0     4     -2
44.0715792692266     0.870930194272877     0     4     -2
44.0848409750891     0.871007923550265     0     4     -2
44.0981027434377     0.870914988173071     0     4     -2
44.1113645733664     0.870776604894666     0     4     -2
44.1246264639691     0.871175951398039     0     4     -2
44.1378884143397     0.871010103870947     0     4     -2
44.1511504235722     0.871034409482091     0     4     -2
44.1644124907606     0.871199303687382     0     4     -2
44.1776746149988     0.871058307719528     0     4     -2
44.190936795381     0.871057272966131     0     4     -2
44.2041990310011     0.870981032491233     0     4     -2
44.2174613209532     0.870928495333498     0     4     -2
44.2307236643314     0.870993072115064     0     4     -2
44.2439860602298     0.871373324099707     0     4     -2
44.2572485077426     0.871375078176792     0     4     -2
44.2705110059638     0.87133706446748     0     4     -2
44.2837735539876     0.871186764566701     0     4     -2
44.2970361509082     0.871242843729479     0     4     -2
44.3102987958199     0.871085497997843     0     4     -2
44.3235614878167     0.871437413871044     0     4     -2
44.336824225993     0.871189244955878     0     4     -2
44.3500870094429     0.871275759335306     0     4     -2
44.3633498372608     0.871273469898243     0     4     -2
44.376612708541     0.871473928725642     0     4     -2
44.3898756223776     0.871147325898284     0     4     -2
44.4031385778651     0.8710277442394     0     4     -2
44.4164015740977     0.871376162830991     0     4     -2
44.4296646101698     0.871079008834937     0     4     -2
44.4429276851758     0.871320312215089     0     4     -2
44.45619079821     0.871202711037052     0     4     -2
44.4694539483668     0.871252570040734     0     4     -2
44.4827171347406     0.870844493036545     0     4     -2
44.4959803564257     0.871429213356978     0     4     -2
44.5092436125167     0.871140939295548     0     4     -2
44.522506902108     0.870962399355191     0     4     -2
44.5357702242939     0.871001766948006     0     4     -2
44.549033578169     0.870807089628395     0     4     -2
44.5622969628277     0.871246954191553     0     4     -2
44.5755603773645     0.871125751207046     0     4     -2
44.5888238208739     0.870834276668009     0     4     -2
44.6020872924504     0.871499507436495     0     4     -2
44.6153507911885     0.87127360869624     0     4     -2
44.6286143161827     0.87121789955553     0     4     -2
44.6418778665275     0.870990030077643     0     4     -2
44.6551414413176     0.871033400232143     0     4     -2
44.6684050396474     0.87099849050085     0     4     -2
44.6816686606115     0.871071557541754     0     4     -2
44.6949323033044     0.871140279037703     0     4     -2
44.7081959668207     0.870831222992097     0     4     -2
44.7214596502551     0.870979280180451     0     4     -2
44.7347233527021     0.871049653484151     0     4     -2
44.7479870732562     0.870660966433914     0     4     -2
44.7612508110122     0.870922559356752     0     4     -2
44.7745145650645     0.870772833210343     0     4     -2
44.7877783345079     0.870412343417756     0     4     -2
44.8010421184369     0.87072825499624     0     4     -2
44.8143059159461     0.87025110190259     0     4     -2
44.8275697261302     0.870375047999014     0     4     -2
44.8408335480838     0.870227987044219     0     4     -2
44.8540973809016     0.870483665925207     0     4     -2
44.8673612236781     0.870273891488729     0     4     -2
44.8806250755081     0.870131372779251     0     4     -2
44.8938889354862     0.870270569640653     0     4     -2
44.9071528027069     0.87021090826055     0     4     -2
44.9204166762651     0.870331569895374     0     4     -2
44.9336805552553     0.870154333688378     0     4     -2
44.9469444387722     0.870048299553492     0     4     -2
44.9602083259105     0.869827618036594     0     4     -2
44.9734722157648     0.869879761673417     0     4     -2
44.9867361074297     0.870028246675397     0     4     -2
45     0.870006373419035     0     4     -2
