44.9867361074297     0.0767248605412105     0     6     -10
44.9734722157648     0.076262793641345     0     6     -10
44.9602083259105     0.0764327972708021     0     6     -10
44.9469444387722     0.0768492509184995     0     6     -10
44.9336805552553     0.076496072909232     0     6     -10
44.9204166762651     0.077175362520803     0     6     -10
44.9071528027069     0.0767672228196464     0     6     -10
44.8938889354862     0.0766987426855813     0     6     -10
44.8806250755081     0.0769278000316872     0     6     -10
44.8673612236781     0.0768491710651587     0     6     -10
44.8540973809016     0.0763858168735562     0     6     -10
44.8408335480838     0.0766262387625202     0     6     -10
44.8275697261302     0.0768155211435159     0     6     -10
44.8143059159461     0.0763194308147887     0     6     -10
44.8010421184369     0.0767640164268943     0     6     -10
44.7877783345079     0.0769662948383817     0     6     -10
44.7745145650645     0.0769750164104738     0     6     -10
44.7612508110122     0.0773423725380729     0     6     -10
44.7479870732562     0.0772772985213243     0     6     -10
44.7347233527021     0.0776584770270107     0     6     -10
44.7214596502551     0.0773321118036995     0     6     -10
44.7081959668207     0.0775010169850903     0     6     -10
44.6949323033044     0.0775600709647915     0     6     -10
44.6816686606115     0.0770808891029971     0     6     -10
44.6684050396474     0.0773714461389083     0     6     -10
44.6551414413176     0.0769537027618104     0     6     -10
44.6418778665275     0.0774011638594806     0     6     -10
44.6286143161827     0.0775798641887744     0     6     -10
44.6153507911885     0.0775027031991996     0     6     -10
44.6020872924504     0.0776818561111303     0     6     -10
44.5888238208739     0.0775549620047765     0     6     -10
44.5755603773645     0.0779524952650897     0     6     -10
44.5622969628277     0.0780371065194535     0     6     -10
44.549033578169     0.0777712996544665     0     6     -10
44.5357702242939     0.0783682249912638     0     6     -10
44.522506902108     0.0777666181585167     0     6     -10
44.5092436125167     0.0778545438521281     0     6     -10
44.4959803564257     0.0782359206637398     0     6     -10
44.4827171347406     0.0777734379993223     0     6     -10
44.4694539483668     0.0776209793517693     0     6     -10
44.45619079821     0.0780025347716872     0     6     -10
44.4429276851758     0.0780653906708458     0     6     -10
44.4296646101698     0.0784035551312819     0     6     -10
44.4164015740977     0.0785860177148691     0     6     -10
44.4031385778651     0.0782275940265031     0     6     -10
44.3898756223776     0.0791113604984565     0     6     -10
44.376612708541     0.0791078013176819     0     6     -10
44.3633498372608     0.0787403831046422     0     6     -10
44.3500870094429     0.0788883640917135     0     6     -10
44.336824225993     0.0787955559645632     0     6     -10
44.3235614878167     0.0788259830789392     0     6     -10
44.3102987958199     0.0789478533260675     0     6     -10
44.2970361509082     0.0789335396735038     0     6     -10
44.2837735539876     0.0789782263013639     0     6     -10
44.2705110059638     0.0791261969247078     0     6     -10
44.2572485077426     0.0789083273209293     0     6     -10
44.2439860602298     0.0787350861636025     0     6     -10
44.2307236643314     0.0791670456579807     0     6     -10
44.2174613209532     0.0792533413743763     0     6     -10
44.2041990310011     0.0790422556313424     0     6     -10
44.190936795381     0.0791117960864452     0     6     -10
44.1776746149988     0.0794146935570483     0     6     -10
44.1644124907606     0.0795639649566432     0     6     -10
44.1511504235722     0.0798070587995956     0     6     -10
44.1378884143397     0.0792852220667272     0     6     -10
44.1246264639691     0.079380412272394     0     6     -10
44.1113645733664     0.079251157330709     0     6     -10
44.0981027434377     0.0789699980000317     0     6     -10
44.0848409750891     0.0792008084778135     0     6     -10
44.0715792692266     0.0788012636820496     0     6     -10
44.0583176267565     0.0792341999515212     0     6     -10
44.0450560485848     0.0795508546137082     0     6     -10
44.0317945356177     0.0795620994260013     0     6     -10
44.0185330887614     0.0796394654861437     0     6     -10
44.0052717089222     0.0798631662249829     0     6     -10
43.9920103970062     0.0793448963259715     0     6     -10
43.9787491539198     0.0794824322691712     0     6     -10
43.9654879805692     0.0799393017588047     0     6     -10
43.9522268778607     0.0798606235530943     0     6     -10
43.9389658467008     0.0793711410442113     0     6     -10
43.9257048879957     0.0794030853514443     0     6     -10
43.912444002652     0.0791949173619753     0     6     -10
43.8991831915758     0.079556541971417     0     6     -10
43.8859224556739     0.0796684187389176     0     6     -10
43.8726617958525     0.0800223647436924     0     6     -10
43.8594012130182     0.0796065407463861     0     6     -10
43.8461407080776     0.0791743278660856     0     6     -10
43.8328802819372     0.0789457466199862     0     6     -10
43.8196199355036     0.0797010959395886     0     6     -10
43.8063596696833     0.0798618467392309     0     6     -10
43.7930994853832     0.0795821512651055     0     6     -10
43.7798393835097     0.0796076557860903     0     6     -10
43.7665793649697     0.0798639947132781     0     6     -10
43.7533194306699     0.0798861027332416     0     6     -10
43.7400595815169     0.0806369464785473     0     6     -10
43.7267998184177     0.0805751378698775     0     6     -10
43.7135401422791     0.0805464968730052     0     6     -10
43.7002805540078     0.0807736310362532     0     6     -10
43.6870210545109     0.0808090406636916     0     6     -10
43.6737616446951     0.0808865698265534     0     6     -10
43.6605023254675     0.0802312356482718     0     6     -10
43.6472430977351     0.0798484897216493     0     6     -10
43.6339839624049     0.0807286844941783     0     6     -10
43.6207249203839     0.080331714456753     0     6     -10
43.6074659725792     0.0801542915329614     0     6     -10
43.5942071198979     0.0807639205951238     0     6     -10
43.5809483632472     0.0808096241831516     0     6     -10
43.5676897035343     0.0807382588903328     0     6     -10
43.5544311416664     0.0810828241368781     0     6     -10
43.5411726785508     0.0808677577153345     0     6     -10
43.5279143150947     0.0809593609909865     0     6     -10
43.5146560522055     0.0813299706263943     0     6     -10
43.5013978907905     0.0812022717676019     0     6     -10
43.4881398317573     0.0808907905602389     0     6     -10
43.4748818760131     0.0812011242119163     0     6     -10
43.4616240244654     0.0810714025211499     0     6     -10
43.4483662780219     0.0814467047168709     0     6     -10
43.43510863759     0.0812106970183133     0     6     -10
43.4218511040773     0.0817031454123227     0     6     -10
43.4085936783915     0.0814636921271272     0     6     -10
43.3953363614402     0.081498614925894     0     6     -10
43.3820791541312     0.0820232518635587     0     6     -10
43.3688220573721     0.0814839632813952     0     6     -10
43.3555650720708     0.0816213018616228     0     6     -10
43.3423081991352     0.0815522404326476     0     6     -10
43.3290514394729     0.0815038757338979     0     6     -10
43.3157947939921     0.0820146127780192     0     6     -10
43.3025382636006     0.0814313834622524     0     6     -10
43.2892818492064     0.0814542753842665     0     6     -10
43.2760255517175     0.0819254361924776     0     6     -10
43.2627693720421     0.0821128236015481     0     6     -10
43.2495133110882     0.0819529889138617     0     6     -10
43.236257369764     0.0824027290758254     0     6     -10
43.2230015489777     0.0823800826638672     0     6     -10
43.2097458496376     0.0822220332466282     0     6     -10
43.1964902726519     0.0829921243020346     0     6     -10
43.183234818929     0.0828246985460286     0     6     -10
43.1699794893773     0.0823992158191613     0     6     -10
43.1567242849051     0.0826634500907102     0     6     -10
43.1434692064209     0.0823914275132234     0     6     -10
43.1302142548334     0.082570112599432     0     6     -10
43.1169594310509     0.0828219730195931     0     6     -10
43.1037047359822     0.0825921856518797     0     6     -10
43.0904501705359     0.0827966749046326     0     6     -10
43.0771957356206     0.0829168699782543     0     6     -10
43.0639414321452     0.0829395656069432     0     6     -10
43.0506872610184     0.0825004249968821     0     6     -10
43.0374332231491     0.083204775063432     0     6     -10
43.0241793194461     0.0833009437736597     0     6     -10
43.0109255508184     0.0834038227817449     0     6     -10
42.9976719181749     0.0835632658357584     0     6     -10
42.9844184224248     0.0832730514900769     0     6     -10
42.9711650644771     0.0831800047914594     0     6     -10
42.9579118452409     0.0830522278226151     0     6     -10
42.9446587656254     0.0832707925739205     0     6     -10
42.9314058265398     0.0831542834580109     0     6     -10
42.9181530288935     0.0834142663270191     0     6     -10
42.9049003735958     0.0832481174796197     0     6     -10
42.891647861556     0.083023519285324     0     6     -10
42.8783954936836     0.0832353922342298     0     6     -10
42.865143270888     0.082918016894862     0     6     -10
42.8518911940789     0.0832268739277471     0     6     -10
42.8386392641659     0.083304675359781     0     6     -10
42.8253874820585     0.0833247599472343     0     6     -10
42.8121358486664     0.0838094781275097     0     6     -10
42.7988843648995     0.082824716464385     0     6     -10
42.7856330316676     0.0836745929188819     0     6     -10
42.7723818498804     0.0835825662576767     0     6     -10
42.759130820448     0.0834953368998139     0     6     -10
42.7458799442802     0.0837838776356122     0     6     -10
42.7326292222872     0.0839341293654705     0     6     -10
42.719378655379     0.0839710120939697     0     6     -10
42.7061282444657     0.0833294109743228     0     6     -10
42.6928779904575     0.0836935775901722     0     6     -10
42.6796278942648     0.0839057834504898     0     6     -10
42.6663779567977     0.0842046020584748     0     6     -10
42.6531281789667     0.0840519517757148     0     6     -10
42.6398785616822     0.0840107926003226     0     6     -10
42.6266291058547     0.0835219840911858     0     6     -10
42.6133798123947     0.0834996661369595     0     6     -10
42.6001306822128     0.0836374623522356     0     6     -10
42.5868817162196     0.0842191345750459     0     6     -10
42.573632915326     0.0841770235608149     0     6     -10
42.5603842804426     0.0846562013767994     0     6     -10
42.5471358124802     0.084370579591794     0     6     -10
42.5338875123499     0.0848256045843608     0     6     -10
42.5206393809625     0.084403937312775     0     6     -10
42.5073914192291     0.084027324267695     0     6     -10
42.4941436280607     0.0845914532381031     0     6     -10
42.4808960083686     0.0844093137360595     0     6     -10
42.4676485610637     0.0843939481907602     0     6     -10
42.4544012870576     0.084280037625829     0     6     -10
42.4411541872613     0.0849078727131065     0     6     -10
42.4279072625865     0.0848294690682338     0     6     -10
42.4146605139445     0.0842191716024925     0     6     -10
42.4014139422467     0.0848592532969061     0     6     -10
42.3881675484049     0.0846944601684641     0     6     -10
42.3749213333306     0.084571801967636     0     6     -10
42.3616752979356     0.0851139017715681     0     6     -10
42.3484294431316     0.0853647293005274     0     6     -10
42.3351837698304     0.0851734613355251     0     6     -10
42.3219382789441     0.0851070610674741     0     6     -10
42.3086929713844     0.085328582729448     0     6     -10
42.2954478480635     0.0847156995975456     0     6     -10
42.2822029098935     0.0850447504612332     0     6     -10
42.2689581577864     0.084979689090874     0     6     -10
42.2557135926547     0.0849259604524426     0     6     -10
42.2424692154105     0.0854231072800269     0     6     -10
42.2292250269662     0.08527623465465     0     6     -10
42.2159810282344     0.0853617357059919     0     6     -10
42.2027372201273     0.0853237827749364     0     6     -10
42.1894936035578     0.0854779219883616     0     6     -10
42.1762501794383     0.085466484401092     0     6     -10
42.1630069486816     0.0853422023224715     0     6     -10
42.1497639122005     0.0856634138023955     0     6     -10
42.1365210709078     0.0854897348614581     0     6     -10
42.1232784257165     0.08605835273948     0     6     -10
42.1100359775395     0.0857245117737527     0     6     -10
42.09679372729     0.0857548624683108     0     6     -10
42.083551675881     0.0853161705118616     0     6     -10
42.0703098242257     0.086317247357135     0     6     -10
42.0570681732375     0.0861947586563524     0     6     -10
42.0438267238296     0.0858024948289511     0     6     -10
42.0305854769156     0.086553989500314     0     6     -10
42.0173444334088     0.0860833030086209     0     6     -10
42.0041035942229     0.0866477388845451     0     6     -10
41.9908629602715     0.0867497957067149     0     6     -10
41.9776225324684     0.0865290462753502     0     6     -10
41.9643823117272     0.0865525627297452     0     6     -10
41.9511422989619     0.0860900803546241     0     6     -10
41.9379024950865     0.0866816410264522     0     6     -10
41.9246629010149     0.0862322672873429     0     6     -10
41.9114235176612     0.0863149197586123     0     6     -10
41.8981843459396     0.0864216624493378     0     6     -10
41.8849453867643     0.0866987385066227     0     6     -10
41.8717066410497     0.0864748922869853     0     6     -10
41.8584681097102     0.0866642025926624     0     6     -10
41.8452297936601     0.086949131419635     0     6     -10
41.8319916938142     0.0865447159544883     0     6     -10
41.8187538110869     0.0869305724664597     0     6     -10
41.8055161463931     0.0870283908727727     0     6     -10
41.7922787006474     0.0871034413893406     0     6     -10
41.7790414747648     0.087565119140151     0     6     -10
41.7658044696602     0.0870157144997391     0     6     -10
41.7525676862486     0.0870594281673732     0     6     -10
41.7393311254452     0.0874823711067699     0     6     -10
41.726094788165     0.0875170912657485     0     6     -10
41.7128586753234     0.0871617756692438     0     6     -10
41.6996227878358     0.0872365062848441     0     6     -10
41.6863871266174     0.087081125345912     0     6     -10
41.673151692584     0.0874211935499588     0     6     -10
41.6599164866509     0.0871811938751282     0     6     -10
41.646681509734     0.0874883257723138     0     6     -10
41.6334467627489     0.0871842567758222     0     6     -10
41.6202122466115     0.0879695201766297     0     6     -10
41.6069779622377     0.0876489403129393     0     6     -10
41.5937439105435     0.0881340039713084     0     6     -10
41.580510092445     0.0881711749374955     0     6     -10
41.5672765088584     0.0881837714570642     0     6     -10
41.5540431606999     0.0876866826906906     0     6     -10
41.5408100488858     0.0878303596319437     0     6     -10
41.5275771743327     0.087576231970051     0     6     -10
41.5143445379569     0.0884619131436868     0     6     -10
41.5011121406751     0.088046656867407     0     6     -10
41.487879983404     0.088707628527369     0     6     -10
41.4746480670603     0.0878634746546116     0     6     -10
41.4614163925608     0.0883068498018556     0     6     -10
41.4481849608227     0.0881713101110647     0     6     -10
41.4349537727627     0.0881493364382923     0     6     -10
41.4217228292982     0.0884077327956663     0     6     -10
41.4084921313462     0.0883112742910987     0     6     -10
41.395261679824     0.088533532280023     0     6     -10
41.3820314756491     0.0884849687543544     0     6     -10
41.368801519739     0.0879654777450736     0     6     -10
41.3555718130111     0.088087529924197     0     6     -10
41.3423423563831     0.088630381221796     0     6     -10
41.3291131507728     0.0886821203971962     0     6     -10
41.315884197098     0.0885109659984649     0     6     -10
41.3026554962766     0.0887874112896647     0     6     -10
41.2894270492266     0.0884884700696364     0     6     -10
41.2761988568661     0.0887045344377004     0     6     -10
41.2629709201134     0.0883938767320001     0     6     -10
41.2497432398867     0.0889031363969234     0     6     -10
41.2365158171043     0.0884845012410301     0     6     -10
41.2232886526848     0.0884245458993169     0     6     -10
41.2100617475467     0.088667071179893     0     6     -10
41.1968351026086     0.0888065111117195     0     6     -10
41.1836087187894     0.088449144883383     0     6     -10
41.1703825970079     0.0891198828841415     0     6     -10
41.1571567381829     0.0886164102272651     0     6     -10
41.1439311432336     0.0894845812757378     0     6     -10
41.130705813079     0.0890625626191648     0     6     -10
41.1174807486384     0.0892700688241012     0     6     -10
41.1042559508312     0.089287390537042     0     6     -10
41.0910314205766     0.0895695551323054     0     6     -10
41.0778071587943     0.0887885239533204     0     6     -10
41.0645831664038     0.0894187031197524     0     6     -10
41.0513594443248     0.0888244249995351     0     6     -10
41.0381359934772     0.0892425887112372     0     6     -10
41.0249128147808     0.0894197523018558     0     6     -10
41.0116899091557     0.0894572322548313     0     6     -10
40.9984672775219     0.0894150307098725     0     6     -10
40.9852449207996     0.0894709052503562     0     6     -10
40.9720228399091     0.0897080802601079     0     6     -10
40.9588010357708     0.0896946488970658     0     6     -10
40.9455795093053     0.0898727052725674     0     6     -10
40.932358261433     0.0899035150672108     0     6     -10
40.9191372930747     0.0901008744309513     0     6     -10
40.9059166051511     0.0901927411716256     0     6     -10
40.8926961985833     0.0902929294483576     0     6     -10
40.8794760742921     0.0905429375561091     0     6     -10
40.8662562331986     0.0900083077727562     0     6     -10
40.8530366762241     0.0897056705147074     0     6     -10
40.8398174042898     0.0903581462926817     0     6     -10
40.8265984183172     0.0897727191612581     0     6     -10
40.8133797192277     0.0901672061134816     0     6     -10
40.800161307943     0.0905708319674076     0     6     -10
40.7869431853848     0.0904423679259187     0     6     -10
40.7737253524748     0.0907784849838303     0     6     -10
40.7605078101351     0.0905747799505981     0     6     -10
40.7472905592876     0.0906669216950025     0     6     -10
40.7340736008544     0.0907418545025655     0     6     -10
40.7208569357578     0.0907659673104497     0     6     -10
40.7076405649202     0.0908059111934391     0     6     -10
40.6944244892639     0.0909111800484907     0     6     -10
40.6812087097115     0.0909479762969068     0     6     -10
40.6679932271857     0.091015040240299     0     6     -10
40.6547780426093     0.0908871544536077     0     6     -10
40.6415631569051     0.0910009652353494     0     6     -10
40.628348570996     0.0910044190069118     0     6     -10
40.6151342858053     0.0914284602784073     0     6     -10
40.601920302256     0.0912178961076281     0     6     -10
40.5887066212714     0.0912892436316729     0     6     -10
40.5754932437751     0.0915521430219921     0     6     -10
40.5622801706905     0.0918163659916316     0     6     -10
40.5490674029412     0.0917662668952584     0     6     -10
40.5358549414509     0.0916507236812158     0     6     -10
40.5226427871436     0.0918513878518996     0     6     -10
40.5094309409432     0.0920853959085143     0     6     -10
40.4962194037737     0.0920935397024119     0     6     -10
40.4830081765594     0.0923636876113357     0     6     -10
40.4697972602245     0.0919847365348962     0     6     -10
40.4565866556934     0.0921757931763248     0     6     -10
40.4433763638906     0.091557632235396     0     6     -10
40.4301663857409     0.0920805825247379     0     6     -10
40.4169567221688     0.092262615761466     0     6     -10
40.4037473740993     0.0920521676155372     0     6     -10
40.3905383424574     0.0925115325519509     0     6     -10
40.3773296281681     0.092157324560848     0     6     -10
40.3641212321566     0.0920827782766607     0     6     -10
