44.9867361074297     0.873399856742444     0     -2     -10
44.9734722157648     0.873035060207855     0     -2     -10
44.9602083259105     0.873340680189966     0     -2     -10
44.9469444387722     0.873060071742124     0     -2     -10
44.9336805552553     0.87347830068155     0     -2     -10
44.9204166762651     0.872989676827486     0     -2     -10
44.9071528027069     0.873253522636771     0     -2     -10
44.8938889354862     0.873317092913994     0     -2     -10
44.8806250755081     0.873449239335207     0     -2     -10
44.8673612236781     0.87325783282055     0     -2     -10
44.8540973809016     0.873286599118184     0     -2     -10
44.8408335480838     0.87340898384247     0     -2     -10
44.8275697261302     0.873305675095022     0     -2     -10
44.8143059159461     0.873097207772614     0     -2     -10
44.8010421184369     0.873289692976506     0     -2     -10
44.7877783345079     0.873424223713715     0     -2     -10
44.7745145650645     0.873687551883099     0     -2     -10
44.7612508110122     0.87323384824835     0     -2     -10
44.7479870732562     0.873119114543799     0     -2     -10
44.7347233527021     0.873559510659229     0     -2     -10
44.7214596502551     0.873334394193818     0     -2     -10
44.7081959668207     0.873300211922789     0     -2     -10
44.6949323033044     0.873603759007148     0     -2     -10
44.6816686606115     0.873431095837966     0     -2     -10
44.6684050396474     0.873619167758063     0     -2     -10
44.6551414413176     0.873441019991781     0     -2     -10
44.6418778665275     0.87356589266124     0     -2     -10
44.6286143161827     0.873424305244674     0     -2     -10
44.6153507911885     0.873332589625737     0     -2     -10
44.6020872924504     0.873624208571758     0     -2     -10
44.5888238208739     0.87370543994478     0     -2     -10
44.5755603773645     0.873619211990547     0     -2     -10
44.5622969628277     0.873713054982328     0     -2     -10
44.549033578169     0.873810658465101     0     -2     -10
44.5357702242939     0.873809112085546     0     -2     -10
44.522506902108     0.873732297356217     0     -2     -10
44.5092436125167     0.873697313710348     0     -2     -10
44.4959803564257     0.873961190642751     0     -2     -10
44.4827171347406     0.873674358236341     0     -2     -10
44.4694539483668     0.873976943952792     0     -2     -10
44.45619079821     0.873972779179338     0     -2     -10
44.4429276851758     0.873931214363631     0     -2     -10
44.4296646101698     0.874056881360075     0     -2     -10
44.4164015740977     0.873833274165636     0     -2     -10
44.4031385778651     0.873844626722915     0     -2     -10
44.3898756223776     0.874024359360582     0     -2     -10
44.376612708541     0.874074530507877     0     -2     -10
44.3633498372608     0.874173444101242     0     -2     -10
44.3500870094429     0.874125850786533     0     -2     -10
44.336824225993     0.874103440439948     0     -2     -10
44.3235614878167     0.874140326340544     0     -2     -10
44.3102987958199     0.874252294623357     0     -2     -10
44.2970361509082     0.874314049941134     0     -2     -10
44.2837735539876     0.874319867046608     0     -2     -10
44.2705110059638     0.874267987927422     0     -2     -10
44.2572485077426     0.874359406260474     0     -2     -10
44.2439860602298     0.874103946480401     0     -2     -10
44.2307236643314     0.874433233858989     0     -2     -10
44.2174613209532     0.874449706148396     0     -2     -10
44.2041990310011     0.87458488916965     0     -2     -10
44.190936795381     0.874505410323831     0     -2     -10
44.1776746149988     0.874451405773989     0     -2     -10
44.1644124907606     0.874270448989679     0     -2     -10
44.1511504235722     0.874545733096968     0     -2     -10
44.1378884143397     0.874354210909287     0     -2     -10
44.1246264639691     0.87452785323066     0     -2     -10
44.1113645733664     0.874429370785807     0     -2     -10
44.0981027434377     0.874501889633513     0     -2     -10
44.0848409750891     0.874465145685668     0     -2     -10
44.0715792692266     0.874602467129097     0     -2     -10
44.0583176267565     0.87474084024393     0     -2     -10
44.0450560485848     0.874677773353699     0     -2     -10
44.0317945356177     0.874520714205729     0     -2     -10
44.0185330887614     0.874904079043714     0     -2     -10
44.0052717089222     0.874560972278514     0     -2     -10
43.9920103970062     0.874701555461259     0     -2     -10
43.9787491539198     0.874556936085539     0     -2     -10
43.9654879805692     0.874546028750064     0     -2     -10
43.9522268778607     0.874524293569245     0     -2     -10
43.9389658467008     0.87452616141033     0     -2     -10
43.9257048879957     0.874516596853865     0     -2     -10
43.912444002652     0.874597730264451     0     -2     -10
43.8991831915758     0.874702566248677     0     -2     -10
43.8859224556739     0.874694649515363     0     -2     -10
43.8726617958525     0.874401196996238     0     -2     -10
43.8594012130182     0.874641758390449     0     -2     -10
43.8461407080776     0.874481942671589     0     -2     -10
43.8328802819372     0.874505317833648     0     -2     -10
43.8196199355036     0.874531869128178     0     -2     -10
43.8063596696833     0.874458921946647     0     -2     -10
43.7930994853832     0.874599154415447     0     -2     -10
43.7798393835097     0.874060719554792     0     -2     -10
43.7665793649697     0.874317342111185     0     -2     -10
43.7533194306699     0.874150702629591     0     -2     -10
43.7400595815169     0.874419701177791     0     -2     -10
43.7267998184177     0.874359181224564     0     -2     -10
43.7135401422791     0.87430062253073     0     -2     -10
43.7002805540078     0.87421618859496     0     -2     -10
43.6870210545109     0.874099350888238     0     -2     -10
43.6737616446951     0.873736954226009     0     -2     -10
43.6605023254675     0.874123011211651     0     -2     -10
43.6472430977351     0.874031006478206     0     -2     -10
43.6339839624049     0.874132566622464     0     -2     -10
43.6207249203839     0.874072706857363     0     -2     -10
43.6074659725792     0.873647097719557     0     -2     -10
43.5942071198979     0.874058087840481     0     -2     -10
43.5809483632472     0.874157705934552     0     -2     -10
43.5676897035343     0.873922688974802     0     -2     -10
43.5544311416664     0.873987537763887     0     -2     -10
43.5411726785508     0.873857486069072     0     -2     -10
43.5279143150947     0.874100363124864     0     -2     -10
43.5146560522055     0.873804538500121     0     -2     -10
43.5013978907905     0.873927532962746     0     -2     -10
43.4881398317573     0.874068937227894     0     -2     -10
43.4748818760131     0.873930976130081     0     -2     -10
43.4616240244654     0.873968127852621     0     -2     -10
43.4483662780219     0.873996633284701     0     -2     -10
43.43510863759     0.874029434057692     0     -2     -10
43.4218511040773     0.874073317566611     0     -2     -10
43.4085936783915     0.874054019988527     0     -2     -10
43.3953363614402     0.873981696132137     0     -2     -10
43.3820791541312     0.873979652798295     0     -2     -10
43.3688220573721     0.874096872199906     0     -2     -10
43.3555650720708     0.874175834119009     0     -2     -10
43.3423081991352     0.874122755658243     0     -2     -10
43.3290514394729     0.874077689932987     0     -2     -10
43.3157947939921     0.874062651062579     0     -2     -10
43.3025382636006     0.874146006085528     0     -2     -10
43.2892818492064     0.874293786957426     0     -2     -10
43.2760255517175     0.874404652615365     0     -2     -10
43.2627693720421     0.874328912724281     0     -2     -10
43.2495133110882     0.874208025657324     0     -2     -10
43.236257369764     0.874134594968553     0     -2     -10
43.2230015489777     0.874295771396366     0     -2     -10
43.2097458496376     0.874439562644775     0     -2     -10
43.1964902726519     0.874328718401208     0     -2     -10
43.183234818929     0.874349874362646     0     -2     -10
43.1699794893773     0.874173459244756     0     -2     -10
43.1567242849051     0.874531647777078     0     -2     -10
43.1434692064209     0.874304514718739     0     -2     -10
43.1302142548334     0.874324870255049     0     -2     -10
43.1169594310509     0.874619721571476     0     -2     -10
43.1037047359822     0.874678789740056     0     -2     -10
43.0904501705359     0.874465505482613     0     -2     -10
43.0771957356206     0.874601819255734     0     -2     -10
43.0639414321452     0.874391547214139     0     -2     -10
43.0506872610184     0.874390987362856     0     -2     -10
43.0374332231491     0.874476214757268     0     -2     -10
43.0241793194461     0.874644381052878     0     -2     -10
43.0109255508184     0.874609183420014     0     -2     -10
42.9976719181749     0.874601393160924     0     -2     -10
42.9844184224248     0.874639362692428     0     -2     -10
42.9711650644771     0.874496718590838     0     -2     -10
42.9579118452409     0.874604816105701     0     -2     -10
42.9446587656254     0.874784123865654     0     -2     -10
42.9314058265398     0.874741404974638     0     -2     -10
42.9181530288935     0.874819237531999     0     -2     -10
42.9049003735958     0.874930294781918     0     -2     -10
42.891647861556     0.874786392435378     0     -2     -10
42.8783954936836     0.874672837634153     0     -2     -10
42.865143270888     0.874789789264119     0     -2     -10
42.8518911940789     0.874769605089071     0     -2     -10
42.8386392641659     0.874677441785357     0     -2     -10
42.8253874820585     0.874575897762991     0     -2     -10
42.8121358486664     0.874686550166558     0     -2     -10
42.7988843648995     0.874677504021533     0     -2     -10
42.7856330316676     0.874796859147693     0     -2     -10
42.7723818498804     0.874792658624336     0     -2     -10
42.759130820448     0.874653187161233     0     -2     -10
42.7458799442802     0.874707088637839     0     -2     -10
42.7326292222872     0.874863326958928     0     -2     -10
42.719378655379     0.874706232537693     0     -2     -10
42.7061282444657     0.874947045997886     0     -2     -10
42.6928779904575     0.874846721319435     0     -2     -10
42.6796278942648     0.874820311643163     0     -2     -10
42.6663779567977     0.874919772538408     0     -2     -10
42.6531281789667     0.874934196529767     0     -2     -10
42.6398785616822     0.874807019891622     0     -2     -10
42.6266291058547     0.8749240727939     0     -2     -10
42.6133798123947     0.874784626422559     0     -2     -10
42.6001306822128     0.874866780887555     0     -2     -10
42.5868817162196     0.87489656147396     0     -2     -10
42.573632915326     0.874782108110508     0     -2     -10
42.5603842804426     0.874620523031346     0     -2     -10
42.5471358124802     0.874603017637867     0     -2     -10
42.5338875123499     0.874905774853126     0     -2     -10
42.5206393809625     0.874823096426021     0     -2     -10
42.5073914192291     0.874791660865048     0     -2     -10
42.4941436280607     0.874864873600783     0     -2     -10
42.4808960083686     0.874876582300203     0     -2     -10
42.4676485610637     0.874733719454784     0     -2     -10
42.4544012870576     0.874621276794482     0     -2     -10
42.4411541872613     0.874634737698413     0     -2     -10
42.4279072625865     0.874618404540195     0     -2     -10
42.4146605139445     0.874678237520217     0     -2     -10
42.4014139422467     0.87468459572725     0     -2     -10
42.3881675484049     0.87482035701644     0     -2     -10
42.3749213333306     0.874684491753176     0     -2     -10
42.3616752979356     0.874556026196349     0     -2     -10
42.3484294431316     0.874772398994148     0     -2     -10
42.3351837698304     0.874666145017199     0     -2     -10
42.3219382789441     0.874624271162873     0     -2     -10
42.3086929713844     0.874635806178885     0     -2     -10
42.2954478480635     0.874429220251917     0     -2     -10
42.2822029098935     0.874617909606865     0     -2     -10
42.2689581577864     0.874564791031391     0     -2     -10
42.2557135926547     0.874696705696524     0     -2     -10
42.2424692154105     0.874548231215038     0     -2     -10
42.2292250269662     0.874477658428073     0     -2     -10
42.2159810282344     0.874514057859586     0     -2     -10
42.2027372201273     0.874414161165007     0     -2     -10
42.1894936035578     0.874525198231008     0     -2     -10
42.1762501794383     0.874333292466069     0     -2     -10
42.1630069486816     0.874466324446888     0     -2     -10
42.1497639122005     0.874528150639952     0     -2     -10
42.1365210709078     0.874318230013759     0     -2     -10
42.1232784257165     0.87429186477042     0     -2     -10
42.1100359775395     0.874224927743985     0     -2     -10
42.09679372729     0.874130439494446     0     -2     -10
42.083551675881     0.874307948279704     0     -2     -10
42.0703098242257     0.873860165022343     0     -2     -10
42.0570681732375     0.874049642851495     0     -2     -10
42.0438267238296     0.873991637003759     0     -2     -10
42.0305854769156     0.873813433709053     0     -2     -10
42.0173444334088     0.873701167500315     0     -2     -10
42.0041035942229     0.873629115379074     0     -2     -10
41.9908629602715     0.873323577685123     0     -2     -10
41.9776225324684     0.873268692066709     0     -2     -10
41.9643823117272     0.873175264345079     0     -2     -10
41.9511422989619     0.872680754034619     0     -2     -10
41.9379024950865     0.872379017863764     0     -2     -10
41.9246629010149     0.872120011297119     0     -2     -10
41.9114235176612     0.871800360325747     0     -2     -10
41.8981843459396     0.871244842923824     0     -2     -10
41.8849453867643     0.870905981273477     0     -2     -10
41.8717066410497     0.87042757797601     0     -2     -10
41.8584681097102     0.869411217328878     0     -2     -10
41.8452297936601     0.868502657240703     0     -2     -10
41.8319916938142     0.867520500272201     0     -2     -10
41.8187538110869     0.866273408648481     0     -2     -10
41.8055161463931     0.864290902133552     0     -2     -10
41.7922787006474     0.862416992563457     0     -2     -10
41.7790414747648     0.860438956220663     0     -2     -10
41.7658044696602     0.857324900099664     0     -2     -10
41.7525676862486     0.852481678071781     0     -2     -10
41.7393311254452     0.84736791219325     0     -2     -10
41.726094788165     0.841388426109423     0     -2     -10
41.7128586753234     0.832260511466187     0     -2     -10
41.6996227878358     0.81964484285361     0     -2     -10
41.6863871266174     0.806494974154462     0     -2     -10
41.673151692584     0.79203276159637     0     -2     -10
41.6599164866509     0.769679639688917     0     -2     -10
41.646681509734     0.73983005686682     0     -2     -10
41.6334467627489     0.702687499898117     0     -2     -10
41.6202122466115     0.644803741295656     0     -2     -10
41.6069779622377     0.564466038973043     0     -2     -10
41.5937439105435     0.462358644642844     0     -2     -10
41.580510092445     0.383314395068467     0     -2     -10
41.5672765088584     0.345527623459884     0     -2     -10
41.5540431606999     0.3554758918755     0     -2     -10
41.5408100488858     0.387645942246734     0     -2     -10
41.5275771743327     0.416718398665148     0     -2     -10
41.5143445379569     0.462310612296237     0     -2     -10
41.5011121406751     0.51464756828432     0     -2     -10
41.487879983404     0.553838766343548     0     -2     -10
41.4746480670603     0.574275675303657     0     -2     -10
41.4614163925608     0.600820081017234     0     -2     -10
41.4481849608227     0.629777228065346     0     -2     -10
41.4349537727627     0.648169560746837     0     -2     -10
41.4217228292982     0.656899861331634     0     -2     -10
41.4084921313462     0.66665832263755     0     -2     -10
41.395261679824     0.681604323358174     0     -2     -10
41.3820314756491     0.692878275932552     0     -2     -10
41.368801519739     0.694005513297092     0     -2     -10
41.3555718130111     0.695391285282421     0     -2     -10
41.3423423563831     0.701604431208527     0     -2     -10
41.3291131507728     0.709241772626894     0     -2     -10
41.315884197098     0.707409688556199     0     -2     -10
41.3026554962766     0.702932408941456     0     -2     -10
41.2894270492266     0.703900556515067     0     -2     -10
41.2761988568661     0.707151226723922     0     -2     -10
41.2629709201134     0.704277890545425     0     -2     -10
41.2497432398867     0.69566494934587     0     -2     -10
41.2365158171043     0.692004158152417     0     -2     -10
41.2232886526848     0.69172794285745     0     -2     -10
41.2100617475467     0.685022418632159     0     -2     -10
41.1968351026086     0.670815909475243     0     -2     -10
41.1836087187894     0.662054340792542     0     -2     -10
41.1703825970079     0.65621100675945     0     -2     -10
41.1571567381829     0.643662473321524     0     -2     -10
41.1439311432336     0.621402152612216     0     -2     -10
41.130705813079     0.605088921300732     0     -2     -10
41.1174807486384     0.591994419171941     0     -2     -10
41.1042559508312     0.568958311536308     0     -2     -10
41.0910314205766     0.539388280568972     0     -2     -10
41.0778071587943     0.519077355943953     0     -2     -10
41.0645831664038     0.495635605008836     0     -2     -10
41.0513594443248     0.462926096400253     0     -2     -10
41.0381359934772     0.433148190318586     0     -2     -10
41.0249128147808     0.411664599189594     0     -2     -10
41.0116899091557     0.380990131512252     0     -2     -10
40.9984672775219     0.35533151599334     0     -2     -10
40.9852449207996     0.33801163546584     0     -2     -10
40.9720228399091     0.3198061982448     0     -2     -10
40.9588010357708     0.292539792036851     0     -2     -10
40.9455795093053     0.286201291046784     0     -2     -10
40.932358261433     0.283466506751947     0     -2     -10
40.9191372930747     0.268526435547646     0     -2     -10
40.9059166051511     0.263000896402509     0     -2     -10
40.8926961985833     0.276396093762329     0     -2     -10
40.8794760742921     0.277235460012827     0     -2     -10
40.8662562331986     0.270604676836679     0     -2     -10
40.8530366762241     0.289931104873572     0     -2     -10
40.8398174042898     0.306382610517618     0     -2     -10
40.8265984183172     0.301100320013448     0     -2     -10
40.8133797192277     0.31275346738972     0     -2     -10
40.800161307943     0.340879336379969     0     -2     -10
40.7869431853848     0.345022935077568     0     -2     -10
40.7737253524748     0.345953888942064     0     -2     -10
40.7605078101351     0.371445362087518     0     -2     -10
40.7472905592876     0.386152616816513     0     -2     -10
40.7340736008544     0.380991891131043     0     -2     -10
40.7208569357578     0.395020818199932     0     -2     -10
40.7076405649202     0.415454951882778     0     -2     -10
40.6944244892639     0.416386632081615     0     -2     -10
40.6812087097115     0.414053138296122     0     -2     -10
40.6679932271857     0.433002778984662     0     -2     -10
40.6547780426093     0.443189000213026     0     -2     -10
40.6415631569051     0.435779261431497     0     -2     -10
40.628348570996     0.439299817652045     0     -2     -10
40.6151342858053     0.455857147362547     0     -2     -10
40.601920302256     0.456419439562641     0     -2     -10
40.5887066212714     0.447408561631758     0     -2     -10
40.5754932437751     0.457166392982123     0     -2     -10
40.5622801706905     0.464419490180035     0     -2     -10
40.5490674029412     0.454703735263215     0     -2     -10
40.5358549414509     0.450391597635225     0     -2     -10
40.5226427871436     0.459758296498024     0     -2     -10
40.5094309409432     0.457287258133623     0     -2     -10
40.4962194037737     0.444390098927202     0     -2     -10
40.4830081765594     0.446263885723628     0     -2     -10
40.4697972602245     0.44959729080816     0     -2     -10
40.4565866556934     0.437017781037131     0     -2     -10
40.4433763638906     0.426830138556408     0     -2     -10
40.4301663857409     0.430016786498924     0     -2     -10
40.4169567221688     0.426131584620683     0     -2     -10
40.4037473740993     0.409484138275384     0     -2     -10
40.3905383424574     0.40199129630639     0     -2     -10
40.3773296281681     0.402603189109504     0     -2     -10
40.3641212321566     0.393206721608674     0     -2     -10
