44.9867361074297     0.868435699443851     0     10     -2
44.9734722157648     0.868450774977562     0     10     -2
44.9602083259105     0.868705060951788     0     10     -2
44.9469444387722     0.868425214753497     0     10     -2
44.9336805552553     0.868412695245989     0     10     -2
44.9204166762651     0.868503291837531     0     10     -2
44.9071528027069     0.868348981520901     0     10     -2
44.8938889354862     0.868535592911447     0     10     -2
44.8806250755081     0.868150814885561     0     10     -2
44.8673612236781     0.868803330147365     0     10     -2
44.8540973809016     0.86874753387893     0     10     -2
44.8408335480838     0.868918813006004     0     10     -2
44.8275697261302     0.868753162294625     0     10     -2
44.8143059159461     0.868476217313622     0     10     -2
44.8010421184369     0.868551892529906     0     10     -2
44.7877783345079     0.868549009908582     0     10     -2
44.7745145650645     0.86863116195932     0     10     -2
44.7612508110122     0.86863792697044     0     10     -2
44.7479870732562     0.868520349407011     0     10     -2
44.7347233527021     0.868645883072458     0     10     -2
44.7214596502551     0.868582613428468     0     10     -2
44.7081959668207     0.868519017752592     0     10     -2
44.6949323033044     0.868707397576177     0     10     -2
44.6816686606115     0.86880216888195     0     10     -2
44.6684050396474     0.868930777524113     0     10     -2
44.6551414413176     0.868861031598263     0     10     -2
44.6418778665275     0.868463384199935     0     10     -2
44.6286143161827     0.86866790708945     0     10     -2
44.6153507911885     0.868538190316885     0     10     -2
44.6020872924504     0.868491340085765     0     10     -2
44.5888238208739     0.868572683358601     0     10     -2
44.5755603773645     0.868831403138323     0     10     -2
44.5622969628277     0.868568013064355     0     10     -2
44.549033578169     0.869027051422231     0     10     -2
44.5357702242939     0.868399272872512     0     10     -2
44.522506902108     0.868633359200378     0     10     -2
44.5092436125167     0.868505632316511     0     10     -2
44.4959803564257     0.868624930560842     0     10     -2
44.4827171347406     0.868697274287423     0     10     -2
44.4694539483668     0.868350922093202     0     10     -2
44.45619079821     0.868608839737135     0     10     -2
44.4429276851758     0.86836859386119     0     10     -2
44.4296646101698     0.868575637408559     0     10     -2
44.4164015740977     0.868283708300074     0     10     -2
44.4031385778651     0.868557963167302     0     10     -2
44.3898756223776     0.868009258595018     0     10     -2
44.376612708541     0.868319718099245     0     10     -2
44.3633498372608     0.868328130847414     0     10     -2
44.3500870094429     0.868224583138319     0     10     -2
44.336824225993     0.868314651208125     0     10     -2
44.3235614878167     0.868194731385771     0     10     -2
44.3102987958199     0.868171764207704     0     10     -2
44.2970361509082     0.868168768631098     0     10     -2
44.2837735539876     0.867961006668475     0     10     -2
44.2705110059638     0.868296990010401     0     10     -2
44.2572485077426     0.868296306609587     0     10     -2
44.2439860602298     0.86837344118773     0     10     -2
44.2307236643314     0.868188476599999     0     10     -2
44.2174613209532     0.868106672678963     0     10     -2
44.2041990310011     0.868252335192668     0     10     -2
44.190936795381     0.867759043015241     0     10     -2
44.1776746149988     0.868274385671445     0     10     -2
44.1644124907606     0.868237386521391     0     10     -2
44.1511504235722     0.868060744517786     0     10     -2
44.1378884143397     0.868282459026028     0     10     -2
44.1246264639691     0.868428546726615     0     10     -2
44.1113645733664     0.868202064273192     0     10     -2
44.0981027434377     0.868016906929512     0     10     -2
44.0848409750891     0.868239723345575     0     10     -2
44.0715792692266     0.867834193519438     0     10     -2
44.0583176267565     0.867908330486924     0     10     -2
44.0450560485848     0.867961945338667     0     10     -2
44.0317945356177     0.868091565631067     0     10     -2
44.0185330887614     0.867960412969244     0     10     -2
44.0052717089222     0.867913301905684     0     10     -2
43.9920103970062     0.868080342840724     0     10     -2
43.9787491539198     0.86800752601009     0     10     -2
43.9654879805692     0.867886895503741     0     10     -2
43.9522268778607     0.867787754661417     0     10     -2
43.9389658467008     0.867484460549345     0     10     -2
43.9257048879957     0.867421329235929     0     10     -2
43.912444002652     0.867615025299857     0     10     -2
43.8991831915758     0.86772716389553     0     10     -2
43.8859224556739     0.867641652690743     0     10     -2
43.8726617958525     0.867772121335212     0     10     -2
43.8594012130182     0.867646035108477     0     10     -2
43.8461407080776     0.867895532574553     0     10     -2
43.8328802819372     0.867702145667749     0     10     -2
43.8196199355036     0.867455033965543     0     10     -2
43.8063596696833     0.867234239901646     0     10     -2
43.7930994853832     0.867530825403844     0     10     -2
43.7798393835097     0.867618407566169     0     10     -2
43.7665793649697     0.867067857501675     0     10     -2
43.7533194306699     0.867624466371802     0     10     -2
43.7400595815169     0.867089820800146     0     10     -2
43.7267998184177     0.867321794585816     0     10     -2
43.7135401422791     0.867607813873418     0     10     -2
43.7002805540078     0.867351834143263     0     10     -2
43.6870210545109     0.867231468933275     0     10     -2
43.6737616446951     0.867352852771903     0     10     -2
43.6605023254675     0.867389854636101     0     10     -2
43.6472430977351     0.867383593884998     0     10     -2
43.6339839624049     0.867305970776435     0     10     -2
43.6207249203839     0.867436018963991     0     10     -2
43.6074659725792     0.86727418379704     0     10     -2
43.5942071198979     0.867404027039719     0     10     -2
43.5809483632472     0.86709366210256     0     10     -2
43.5676897035343     0.867475481844812     0     10     -2
43.5544311416664     0.867071879792247     0     10     -2
43.5411726785508     0.867115062091587     0     10     -2
43.5279143150947     0.867121808681546     0     10     -2
43.5146560522055     0.866918825921886     0     10     -2
43.5013978907905     0.866900430014967     0     10     -2
43.4881398317573     0.866819289265533     0     10     -2
43.4748818760131     0.867035029121567     0     10     -2
43.4616240244654     0.866824978905611     0     10     -2
43.4483662780219     0.866752534283913     0     10     -2
43.43510863759     0.86698514013249     0     10     -2
43.4218511040773     0.866780036502771     0     10     -2
43.4085936783915     0.866604534368257     0     10     -2
43.3953363614402     0.866821738563846     0     10     -2
43.3820791541312     0.866536720649218     0     10     -2
43.3688220573721     0.866682591267193     0     10     -2
43.3555650720708     0.86678102177965     0     10     -2
43.3423081991352     0.866770681623931     0     10     -2
43.3290514394729     0.866622416229963     0     10     -2
43.3157947939921     0.866701867680587     0     10     -2
43.3025382636006     0.866189769316517     0     10     -2
43.2892818492064     0.866560217230299     0     10     -2
43.2760255517175     0.866406467359438     0     10     -2
43.2627693720421     0.86639854085022     0     10     -2
43.2495133110882     0.866267919834607     0     10     -2
43.236257369764     0.866077140430133     0     10     -2
43.2230015489777     0.865943276451378     0     10     -2
43.2097458496376     0.865542283444474     0     10     -2
43.1964902726519     0.865972576068634     0     10     -2
43.183234818929     0.865852118047328     0     10     -2
43.1699794893773     0.865864204150347     0     10     -2
43.1567242849051     0.865509598667681     0     10     -2
43.1434692064209     0.865765512351511     0     10     -2
43.1302142548334     0.865469020531117     0     10     -2
43.1169594310509     0.86514684579738     0     10     -2
43.1037047359822     0.865378744649915     0     10     -2
43.0904501705359     0.865520681500873     0     10     -2
43.0771957356206     0.865395697307811     0     10     -2
43.0639414321452     0.865079928641821     0     10     -2
43.0506872610184     0.864959177795965     0     10     -2
43.0374332231491     0.864835041532778     0     10     -2
43.0241793194461     0.864719237416773     0     10     -2
43.0109255508184     0.864508341223421     0     10     -2
42.9976719181749     0.864719271071647     0     10     -2
42.9844184224248     0.864193978741779     0     10     -2
42.9711650644771     0.864397588921017     0     10     -2
42.9579118452409     0.864211800567077     0     10     -2
42.9446587656254     0.863644250818562     0     10     -2
42.9314058265398     0.863867531724795     0     10     -2
42.9181530288935     0.863403401296598     0     10     -2
42.9049003735958     0.862940059320217     0     10     -2
42.891647861556     0.863162519327854     0     10     -2
42.8783954936836     0.86300392663292     0     10     -2
42.865143270888     0.862605392865423     0     10     -2
42.8518911940789     0.862667009720416     0     10     -2
42.8386392641659     0.862378989311464     0     10     -2
42.8253874820585     0.862342665577344     0     10     -2
42.8121358486664     0.861901084717088     0     10     -2
42.7988843648995     0.861563224157361     0     10     -2
42.7856330316676     0.861365847985152     0     10     -2
42.7723818498804     0.861120156739125     0     10     -2
42.759130820448     0.860843335949659     0     10     -2
42.7458799442802     0.860521597507882     0     10     -2
42.7326292222872     0.860344456652621     0     10     -2
42.719378655379     0.859977117412443     0     10     -2
42.7061282444657     0.859476113733196     0     10     -2
42.6928779904575     0.859085897833078     0     10     -2
42.6796278942648     0.858609214850293     0     10     -2
42.6663779567977     0.858103327160128     0     10     -2
42.6531281789667     0.857508192089101     0     10     -2
42.6398785616822     0.857186583873316     0     10     -2
42.6266291058547     0.856843384071936     0     10     -2
42.6133798123947     0.856225635135259     0     10     -2
42.6001306822128     0.855989212645886     0     10     -2
42.5868817162196     0.855140625842398     0     10     -2
42.573632915326     0.854542580480472     0     10     -2
42.5603842804426     0.853745424359728     0     10     -2
42.5471358124802     0.853247036694637     0     10     -2
42.5338875123499     0.85247418187052     0     10     -2
42.5206393809625     0.851659452017721     0     10     -2
42.5073914192291     0.850862406492405     0     10     -2
42.4941436280607     0.850319657651779     0     10     -2
42.4808960083686     0.849893875332049     0     10     -2
42.4676485610637     0.84868097469395     0     10     -2
42.4544012870576     0.848297616611377     0     10     -2
42.4411541872613     0.847216576579993     0     10     -2
42.4279072625865     0.846608732026492     0     10     -2
42.4146605139445     0.845229286293306     0     10     -2
42.4014139422467     0.844614332281351     0     10     -2
42.3881675484049     0.843554126662362     0     10     -2
42.3749213333306     0.842303148530356     0     10     -2
42.3616752979356     0.841274979147873     0     10     -2
42.3484294431316     0.839575867945141     0     10     -2
42.3351837698304     0.838622770899127     0     10     -2
42.3219382789441     0.837019514295163     0     10     -2
42.3086929713844     0.835378779829531     0     10     -2
42.2954478480635     0.833849537328958     0     10     -2
42.2822029098935     0.832218478826806     0     10     -2
42.2689581577864     0.830050926885594     0     10     -2
42.2557135926547     0.828291761593299     0     10     -2
42.2424692154105     0.826248324249187     0     10     -2
42.2292250269662     0.824203923699548     0     10     -2
42.2159810282344     0.822006765496359     0     10     -2
42.2027372201273     0.81944690336026     0     10     -2
42.1894936035578     0.817039962411688     0     10     -2
42.1762501794383     0.814651283512699     0     10     -2
42.1630069486816     0.81146623897393     0     10     -2
42.1497639122005     0.808638251905384     0     10     -2
42.1365210709078     0.805474828824057     0     10     -2
42.1232784257165     0.802501303074004     0     10     -2
42.1100359775395     0.799055898309973     0     10     -2
42.09679372729     0.795745463964627     0     10     -2
42.083551675881     0.791653094380474     0     10     -2
42.0703098242257     0.787863939677104     0     10     -2
42.0570681732375     0.783961562927119     0     10     -2
42.0438267238296     0.779539663540473     0     10     -2
42.0305854769156     0.774582449420853     0     10     -2
42.0173444334088     0.769794228190799     0     10     -2
42.0041035942229     0.765293808128762     0     10     -2
41.9908629602715     0.76014153546209     0     10     -2
41.9776225324684     0.754818001414447     0     10     -2
41.9643823117272     0.749606943584304     0     10     -2
41.9511422989619     0.743676610960121     0     10     -2
41.9379024950865     0.737764445808468     0     10     -2
41.9246629010149     0.731856278830518     0     10     -2
41.9114235176612     0.725387686109554     0     10     -2
41.8981843459396     0.719103705089629     0     10     -2
41.8849453867643     0.712310516886053     0     10     -2
41.8717066410497     0.705135512775912     0     10     -2
41.8584681097102     0.697562241249232     0     10     -2
41.8452297936601     0.689917905567668     0     10     -2
41.8319916938142     0.682447365403464     0     10     -2
41.8187538110869     0.674150443102259     0     10     -2
41.8055161463931     0.665613378991499     0     10     -2
41.7922787006474     0.656981825335888     0     10     -2
41.7790414747648     0.648054097904356     0     10     -2
41.7658044696602     0.638966911030086     0     10     -2
41.7525676862486     0.629394087549685     0     10     -2
41.7393311254452     0.619928009235045     0     10     -2
41.726094788165     0.609819152509388     0     10     -2
41.7128586753234     0.599457527152345     0     10     -2
41.6996227878358     0.588939229150177     0     10     -2
41.6863871266174     0.578237318566096     0     10     -2
41.673151692584     0.567411069541302     0     10     -2
41.6599164866509     0.555888558113478     0     10     -2
41.646681509734     0.544067790415267     0     10     -2
41.6334467627489     0.531903458799538     0     10     -2
41.6202122466115     0.520117580336345     0     10     -2
41.6069779622377     0.508210402036455     0     10     -2
41.5937439105435     0.496001448648548     0     10     -2
41.580510092445     0.48350154086753     0     10     -2
41.5672765088584     0.471199271098451     0     10     -2
41.5540431606999     0.45879619040669     0     10     -2
41.5408100488858     0.446540868915519     0     10     -2
41.5275771743327     0.434635108529625     0     10     -2
41.5143445379569     0.422053928668917     0     10     -2
41.5011121406751     0.409831761407601     0     10     -2
41.487879983404     0.397111470742761     0     10     -2
41.4746480670603     0.384969019120342     0     10     -2
41.4614163925608     0.371877259531852     0     10     -2
41.4481849608227     0.358889307181396     0     10     -2
41.4349537727627     0.346089731635251     0     10     -2
41.4217228292982     0.333635809728453     0     10     -2
41.4084921313462     0.321053838418101     0     10     -2
41.395261679824     0.308610619237711     0     10     -2
41.3820314756491     0.295859733572362     0     10     -2
41.368801519739     0.283958708837147     0     10     -2
41.3555718130111     0.271209692956298     0     10     -2
41.3423423563831     0.259553757170903     0     10     -2
41.3291131507728     0.247828703033586     0     10     -2
41.315884197098     0.236355965813064     0     10     -2
41.3026554962766     0.225454199791226     0     10     -2
41.2894270492266     0.215369457259296     0     10     -2
41.2761988568661     0.204686385846767     0     10     -2
41.2629709201134     0.194651299310203     0     10     -2
41.2497432398867     0.185687051629422     0     10     -2
41.2365158171043     0.177054780555923     0     10     -2
41.2232886526848     0.168551630769639     0     10     -2
41.2100617475467     0.160329303915347     0     10     -2
41.1968351026086     0.152916979780191     0     10     -2
41.1836087187894     0.145721246909862     0     10     -2
41.1703825970079     0.139110549358078     0     10     -2
41.1571567381829     0.132860649379464     0     10     -2
41.1439311432336     0.127195128128249     0     10     -2
41.130705813079     0.121928181423961     0     10     -2
41.1174807486384     0.117209206252594     0     10     -2
41.1042559508312     0.112846466467073     0     10     -2
41.0910314205766     0.108857413208289     0     10     -2
41.0778071587943     0.10472507840125     0     10     -2
41.0645831664038     0.101571431678796     0     10     -2
41.0513594443248     0.0985340014873729     0     10     -2
41.0381359934772     0.0960390720874938     0     10     -2
41.0249128147808     0.0935308196053818     0     10     -2
41.0116899091557     0.0919524098232412     0     10     -2
40.9984672775219     0.0905656328979102     0     10     -2
40.9852449207996     0.0897425678195805     0     10     -2
40.9720228399091     0.0886927608069633     0     10     -2
40.9588010357708     0.0886370690428913     0     10     -2
40.9455795093053     0.0884587897733286     0     10     -2
40.932358261433     0.0882814592593983     0     10     -2
40.9191372930747     0.0883254587078719     0     10     -2
40.9059166051511     0.0883548986224063     0     10     -2
40.8926961985833     0.0887540585703574     0     10     -2
40.8794760742921     0.0888447052829597     0     10     -2
40.8662562331986     0.0893759034112383     0     10     -2
40.8530366762241     0.0897529030112737     0     10     -2
40.8398174042898     0.0902778705939659     0     10     -2
40.8265984183172     0.0910884036068077     0     10     -2
40.8133797192277     0.0916073223913363     0     10     -2
40.800161307943     0.092477745063359     0     10     -2
40.7869431853848     0.0931916518180217     0     10     -2
40.7737253524748     0.0939223996904932     0     10     -2
40.7605078101351     0.0939342550190804     0     10     -2
40.7472905592876     0.0947762518351377     0     10     -2
40.7340736008544     0.0952448713872058     0     10     -2
40.7208569357578     0.0956091076915359     0     10     -2
40.7076405649202     0.0958551722006078     0     10     -2
40.6944244892639     0.0964583544196124     0     10     -2
40.6812087097115     0.0965680082655066     0     10     -2
40.6679932271857     0.0969164169068419     0     10     -2
40.6547780426093     0.0972576939977164     0     10     -2
40.6415631569051     0.0975622950187582     0     10     -2
40.628348570996     0.0976672283298362     0     10     -2
40.6151342858053     0.0979376534447554     0     10     -2
40.601920302256     0.0983055578261948     0     10     -2
40.5887066212714     0.0985053841455981     0     10     -2
40.5754932437751     0.0981947024957715     0     10     -2
40.5622801706905     0.0983418559793629     0     10     -2
40.5490674029412     0.098115988233003     0     10     -2
40.5358549414509     0.0979607632772558     0     10     -2
40.5226427871436     0.0978833319415164     0     10     -2
40.5094309409432     0.0975115272113599     0     10     -2
40.4962194037737     0.0972575423976862     0     10     -2
40.4830081765594     0.0970574189891118     0     10     -2
40.4697972602245     0.0966072831021974     0     10     -2
40.4565866556934     0.0965592102386649     0     10     -2
40.4433763638906     0.0959541561631831     0     10     -2
40.4301663857409     0.0954085647061865     0     10     -2
40.4169567221688     0.0952689665719919     0     10     -2
40.4037473740993     0.0951145040708628     0     10     -2
40.3905383424574     0.094602553063281     0     10     -2
40.3773296281681     0.094164948434905     0     10     -2
40.3641212321566     0.0935714465573054     0     10     -2
