40.3773296281681     0.820124426919329     0     0     2
40.3905383424574     0.8208589666903     0     0     2
40.4037473740993     0.821179958314837     0     0     2
40.4169567221688     0.821757749323079     0     0     2
40.4301663857409     0.82229659906161     0     0     2
40.4433763638906     0.822650520371624     0     0     2
40.4565866556934     0.823179296958842     0     0     2
40.4697972602245     0.823595689099525     0     0     2
40.4830081765594     0.824316136041419     0     0     2
40.4962194037737     0.824680125379661     0     0     2
40.5094309409432     0.825194646362793     0     0     2
40.5226427871436     0.825504020340416     0     0     2
40.5358549414509     0.826016681900725     0     0     2
40.5490674029412     0.826507164957416     0     0     2
40.5622801706905     0.82683612863127     0     0     2
40.5754932437751     0.827350634606969     0     0     2
40.5887066212714     0.827762081854821     0     0     2
40.601920302256     0.828081403399891     0     0     2
40.6151342858053     0.828405138649033     0     0     2
40.628348570996     0.828773128273315     0     0     2
40.6415631569051     0.829156069476456     0     0     2
40.6547780426093     0.82954947263152     0     0     2
40.6679932271857     0.829892947621282     0     0     2
40.6812087097115     0.83031834550054     0     0     2
40.6944244892639     0.830590181151509     0     0     2
40.7076405649202     0.831076705557639     0     0     2
40.7208569357578     0.831386587950713     0     0     2
40.7340736008544     0.831645336425937     0     0     2
40.7472905592876     0.832036617883782     0     0     2
40.7605078101351     0.832378211051706     0     0     2
40.7737253524748     0.832730224333951     0     0     2
40.7869431853848     0.833111210197051     0     0     2
40.800161307943     0.83336049482143     0     0     2
40.8133797192277     0.833657641158769     0     0     2
40.8265984183172     0.833916775010619     0     0     2
40.8398174042898     0.834333232842877     0     0     2
40.8530366762241     0.834554086894716     0     0     2
40.8662562331986     0.834903438633684     0     0     2
40.8794760742921     0.835072576136867     0     0     2
40.8926961985833     0.835510351486399     0     0     2
40.9059166051511     0.835716949298436     0     0     2
40.9191372930747     0.835828948463898     0     0     2
40.932358261433     0.836343987118128     0     0     2
40.9455795093053     0.836372326908041     0     0     2
40.9588010357708     0.836707943881711     0     0     2
40.9720228399091     0.836898669132665     0     0     2
40.9852449207996     0.837024671350901     0     0     2
40.9984672775219     0.837400801681152     0     0     2
41.0116899091557     0.837609827423104     0     0     2
41.0249128147808     0.838028754497954     0     0     2
41.0381359934772     0.838192867119111     0     0     2
41.0513594443248     0.838392632660756     0     0     2
41.0645831664038     0.838625206902115     0     0     2
41.0778071587943     0.838596942280504     0     0     2
41.0910314205766     0.838884747890143     0     0     2
41.1042559508312     0.838998195135576     0     0     2
41.1174807486384     0.839381423719881     0     0     2
41.130705813079     0.839377144168374     0     0     2
41.1439311432336     0.839608821288991     0     0     2
41.1571567381829     0.839714506054692     0     0     2
41.1703825970079     0.839833963923002     0     0     2
41.1836087187894     0.840004086760401     0     0     2
41.1968351026086     0.840171621431269     0     0     2
41.2100617475467     0.84049260624295     0     0     2
41.2232886526848     0.840491957171784     0     0     2
41.2365158171043     0.840662229174435     0     0     2
41.2497432398867     0.840797884582659     0     0     2
41.2629709201134     0.840832990248741     0     0     2
41.2761988568661     0.840915406860456     0     0     2
41.2894270492266     0.841001175502817     0     0     2
41.3026554962766     0.841181143054999     0     0     2
41.315884197098     0.841260154777733     0     0     2
41.3291131507728     0.841552116785789     0     0     2
41.3423423563831     0.841314440833827     0     0     2
41.3555718130111     0.841432525637216     0     0     2
41.368801519739     0.841611524812706     0     0     2
41.3820314756491     0.841649434070743     0     0     2
41.395261679824     0.841699812809491     0     0     2
41.4084921313462     0.8416431696968     0     0     2
41.4217228292982     0.841806059547254     0     0     2
41.4349537727627     0.841797131799407     0     0     2
41.4481849608227     0.841916788691482     0     0     2
41.4614163925608     0.8420552183026     0     0     2
41.4746480670603     0.841994557720431     0     0     2
41.487879983404     0.841960048036356     0     0     2
41.5011121406751     0.842017902341286     0     0     2
41.5143445379569     0.842130538050848     0     0     2
41.5275771743327     0.842090757471255     0     0     2
41.5408100488858     0.842144236190764     0     0     2
41.5540431606999     0.842034392795419     0     0     2
41.5672765088584     0.842017384293184     0     0     2
41.580510092445     0.842006079155408     0     0     2
41.5937439105435     0.842066629747041     0     0     2
41.6069779622377     0.842150977769912     0     0     2
41.6202122466115     0.842084751788854     0     0     2
41.6334467627489     0.842060126460286     0     0     2
41.646681509734     0.841926228348781     0     0     2
41.6599164866509     0.84183350239095     0     0     2
41.673151692584     0.841873690703265     0     0     2
41.6863871266174     0.84192184786698     0     0     2
41.6996227878358     0.841794614849837     0     0     2
41.7128586753234     0.841640677555167     0     0     2
41.726094788165     0.841582698114288     0     0     2
41.7393311254452     0.841511338895452     0     0     2
41.7525676862486     0.841259090707646     0     0     2
41.7658044696602     0.841395823517139     0     0     2
41.7790414747648     0.841161887192294     0     0     2
41.7922787006474     0.841178492295799     0     0     2
41.8055161463931     0.84082732811627     0     0     2
41.8187538110869     0.8407470245809     0     0     2
41.8319916938142     0.840595414540292     0     0     2
41.8452297936601     0.8404464891594     0     0     2
41.8584681097102     0.840319085916949     0     0     2
41.8717066410497     0.840019129576594     0     0     2
41.8849453867643     0.83979680861379     0     0     2
41.8981843459396     0.839582146669689     0     0     2
41.9114235176612     0.839498402225994     0     0     2
41.9246629010149     0.839113384565912     0     0     2
41.9379024950865     0.83869403358458     0     0     2
41.9511422989619     0.83863288755163     0     0     2
41.9643823117272     0.838250749707608     0     0     2
41.9776225324684     0.837842537137609     0     0     2
41.9908629602715     0.837485970711139     0     0     2
42.0041035942229     0.837206073773106     0     0     2
42.0173444334088     0.836682089314179     0     0     2
42.0305854769156     0.836203915863838     0     0     2
42.0438267238296     0.835715711768266     0     0     2
42.0570681732375     0.835170145060118     0     0     2
42.0703098242257     0.834796222973675     0     0     2
42.083551675881     0.833981080132802     0     0     2
42.09679372729     0.833397643960618     0     0     2
42.1100359775395     0.832541392799332     0     0     2
42.1232784257165     0.831873312473036     0     0     2
42.1365210709078     0.83101823803189     0     0     2
42.1497639122005     0.830068619797886     0     0     2
42.1630069486816     0.828948588187214     0     0     2
42.1762501794383     0.827792219856436     0     0     2
42.1894936035578     0.826812822877961     0     0     2
42.2027372201273     0.825551280035719     0     0     2
42.2159810282344     0.82417529828508     0     0     2
42.2292250269662     0.822562946128222     0     0     2
42.2424692154105     0.82095532752654     0     0     2
42.2557135926547     0.818993706569535     0     0     2
42.2689581577864     0.817127261501737     0     0     2
42.2822029098935     0.814743614422256     0     0     2
42.2954478480635     0.812445953928799     0     0     2
42.3086929713844     0.809803855451829     0     0     2
42.3219382789441     0.806431340586235     0     0     2
42.3351837698304     0.803305488289831     0     0     2
42.3484294431316     0.799579379030343     0     0     2
42.3616752979356     0.795256173037823     0     0     2
42.3749213333306     0.791068621154309     0     0     2
42.3881675484049     0.785451678632946     0     0     2
42.4014139422467     0.779501403354443     0     0     2
42.4146605139445     0.771961379026584     0     0     2
42.4279072625865     0.763706828179129     0     0     2
42.4411541872613     0.754449273573774     0     0     2
42.4544012870576     0.743440888875793     0     0     2
42.4676485610637     0.73078435024787     0     0     2
42.4808960083686     0.716062903005201     0     0     2
42.4941436280607     0.698511321344192     0     0     2
42.5073914192291     0.677305417762942     0     0     2
42.5206393809625     0.652319817412101     0     0     2
42.5338875123499     0.622789278161536     0     0     2
42.5471358124802     0.588839116600765     0     0     2
42.5603842804426     0.547745344691775     0     0     2
42.573632915326     0.500798685745023     0     0     2
42.5868817162196     0.445727985644417     0     0     2
42.6001306822128     0.383449592446649     0     0     2
42.6133798123947     0.317800083025061     0     0     2
42.6266291058547     0.258310949370491     0     0     2
42.6398785616822     0.210295639479311     0     0     2
42.6531281789667     0.183835785599678     0     0     2
42.6663779567977     0.187020840970278     0     0     2
42.6796278942648     0.218035941213617     0     0     2
42.6928779904575     0.27407947878015     0     0     2
42.7061282444657     0.339726092087062     0     0     2
42.719378655379     0.410285226730923     0     0     2
42.7326292222872     0.475366097865324     0     0     2
42.7458799442802     0.533429316094215     0     0     2
42.759130820448     0.582180771849042     0     0     2
42.7723818498804     0.623826529112617     0     0     2
42.7856330316676     0.658040986770998     0     0     2
42.7988843648995     0.685975451251425     0     0     2
42.8121358486664     0.709513417181217     0     0     2
42.8253874820585     0.729404716133975     0     0     2
42.8386392641659     0.746348748448942     0     0     2
42.8518911940789     0.760886347024674     0     0     2
42.865143270888     0.773259449529023     0     0     2
42.8783954936836     0.783396618461867     0     0     2
42.891647861556     0.792476161889321     0     0     2
42.9049003735958     0.799821931999107     0     0     2
42.9181530288935     0.806278947946758     0     0     2
42.9314058265398     0.811797036352271     0     0     2
42.9446587656254     0.81657199881636     0     0     2
42.9579118452409     0.820687117500099     0     0     2
42.9711650644771     0.82452396869067     0     0     2
42.9844184224248     0.827870560228729     0     0     2
42.9976719181749     0.830681045409972     0     0     2
43.0109255508184     0.833223188816917     0     0     2
43.0241793194461     0.835562957573456     0     0     2
43.0374332231491     0.837508704948321     0     0     2
43.0506872610184     0.839369125943264     0     0     2
43.0639414321452     0.840981633042514     0     0     2
43.0771957356206     0.842296407538756     0     0     2
43.0904501705359     0.843569452384495     0     0     2
43.1037047359822     0.844837790873061     0     0     2
43.1169594310509     0.845871666747125     0     0     2
43.1302142548334     0.847114325558502     0     0     2
43.1434692064209     0.847808105980834     0     0     2
43.1567242849051     0.848813379653548     0     0     2
43.1699794893773     0.849503959481535     0     0     2
43.183234818929     0.850090239315343     0     0     2
43.1964902726519     0.850746668564304     0     0     2
43.2097458496376     0.851472347899193     0     0     2
43.2230015489777     0.851779302041709     0     0     2
43.236257369764     0.852437295578199     0     0     2
43.2495133110882     0.852994930672704     0     0     2
43.2627693720421     0.853338687534392     0     0     2
43.2760255517175     0.853534046416909     0     0     2
43.2892818492064     0.854124847178521     0     0     2
43.3025382636006     0.854177542579785     0     0     2
43.3157947939921     0.854739140174018     0     0     2
43.3290514394729     0.85518763861732     0     0     2
43.3423081991352     0.855503121813934     0     0     2
43.3555650720708     0.855737730071934     0     0     2
43.3688220573721     0.855854678790468     0     0     2
43.3820791541312     0.856035706805812     0     0     2
43.3953363614402     0.856282521609731     0     0     2
43.4085936783915     0.856527038896836     0     0     2
43.4218511040773     0.856687843424515     0     0     2
43.43510863759     0.856798688666363     0     0     2
43.4483662780219     0.857158529014934     0     0     2
43.4616240244654     0.857100332010942     0     0     2
43.4748818760131     0.857338200887987     0     0     2
43.4881398317573     0.85740019673523     0     0     2
43.5013978907905     0.857449656962953     0     0     2
43.5146560522055     0.857702386449407     0     0     2
43.5279143150947     0.857766537688851     0     0     2
43.5411726785508     0.857670984128966     0     0     2
43.5544311416664     0.857995234365103     0     0     2
43.5676897035343     0.8580751886729     0     0     2
43.5809483632472     0.858128477614234     0     0     2
43.5942071198979     0.858175181132329     0     0     2
43.6074659725792     0.858159909322174     0     0     2
43.6207249203839     0.858415955636832     0     0     2
43.6339839624049     0.858469765487198     0     0     2
43.6472430977351     0.858561995063158     0     0     2
43.6605023254675     0.858705508676352     0     0     2
43.6737616446951     0.858620218007308     0     0     2
43.6870210545109     0.858791687393436     0     0     2
43.7002805540078     0.858892113449488     0     0     2
43.7135401422791     0.858902558425331     0     0     2
43.7267998184177     0.858937333248465     0     0     2
43.7400595815169     0.859039170360844     0     0     2
43.7533194306699     0.859237037440726     0     0     2
43.7665793649697     0.859103159778008     0     0     2
43.7798393835097     0.85934963699275     0     0     2
43.7930994853832     0.859366566252152     0     0     2
43.8063596696833     0.859317353787793     0     0     2
43.8196199355036     0.859488681222027     0     0     2
43.8328802819372     0.85946071616991     0     0     2
43.8461407080776     0.859683233051508     0     0     2
43.8594012130182     0.859529991281463     0     0     2
43.8726617958525     0.859664579809586     0     0     2
43.8859224556739     0.859557411553043     0     0     2
43.8991831915758     0.859685237466869     0     0     2
43.912444002652     0.859829242604811     0     0     2
43.9257048879957     0.859531211468281     0     0     2
43.9389658467008     0.859813007639123     0     0     2
43.9522268778607     0.859603929817271     0     0     2
43.9654879805692     0.859763556919297     0     0     2
43.9787491539198     0.85968561293471     0     0     2
43.9920103970062     0.859744008056385     0     0     2
44.0052717089222     0.859908953708389     0     0     2
44.0185330887614     0.859935748090588     0     0     2
44.0317945356177     0.859814353787402     0     0     2
44.0450560485848     0.859986086270707     0     0     2
44.0583176267565     0.860003188885183     0     0     2
44.0715792692266     0.859968739869464     0     0     2
44.0848409750891     0.859886629486151     0     0     2
44.0981027434377     0.859924086294282     0     0     2
44.1113645733664     0.859976285706249     0     0     2
44.1246264639691     0.860009611550442     0     0     2
44.1378884143397     0.860070999392968     0     0     2
44.1511504235722     0.860113003563714     0     0     2
44.1644124907606     0.860156549373245     0     0     2
44.1776746149988     0.860152450781896     0     0     2
44.190936795381     0.860228012588514     0     0     2
44.2041990310011     0.860287952503627     0     0     2
44.2174613209532     0.860262127553891     0     0     2
44.2307236643314     0.860186958068417     0     0     2
44.2439860602298     0.860309162832404     0     0     2
44.2572485077426     0.860418950806404     0     0     2
44.2705110059638     0.860303225279658     0     0     2
44.2837735539876     0.860362718169039     0     0     2
44.2970361509082     0.86027288635365     0     0     2
44.3102987958199     0.860353928198788     0     0     2
44.3235614878167     0.860288613005544     0     0     2
44.336824225993     0.860289935908418     0     0     2
44.3500870094429     0.860213010676292     0     0     2
44.3633498372608     0.860476000773519     0     0     2
44.376612708541     0.860259258417294     0     0     2
44.3898756223776     0.860392791138633     0     0     2
44.4031385778651     0.860297733622252     0     0     2
44.4164015740977     0.860465077813959     0     0     2
44.4296646101698     0.860404934659082     0     0     2
44.4429276851758     0.86034600987813     0     0     2
44.45619079821     0.860308531739919     0     0     2
44.4694539483668     0.860290349625215     0     0     2
44.4827171347406     0.860363704232753     0     0     2
44.4959803564257     0.860510653852076     0     0     2
44.5092436125167     0.860435859411442     0     0     2
44.522506902108     0.860411886940158     0     0     2
44.5357702242939     0.860427867175056     0     0     2
44.549033578169     0.860401286951147     0     0     2
44.5622969628277     0.860385023283071     0     0     2
44.5755603773645     0.860420332255435     0     0     2
44.5888238208739     0.860423341872233     0     0     2
44.6020872924504     0.860504000850697     0     0     2
44.6153507911885     0.860423703935591     0     0     2
44.6286143161827     0.860450454703209     0     0     2
44.6418778665275     0.860464532880526     0     0     2
44.6551414413176     0.860450415946727     0     0     2
44.6684050396474     0.860511118509617     0     0     2
44.6816686606115     0.860431102830199     0     0     2
44.6949323033044     0.860427102351635     0     0     2
44.7081959668207     0.860651104946964     0     0     2
44.7214596502551     0.860440187333469     0     0     2
44.7347233527021     0.860495223925309     0     0     2
44.7479870732562     0.860428822452911     0     0     2
44.7612508110122     0.860297369893955     0     0     2
44.7745145650645     0.860474779536007     0     0     2
44.7877783345079     0.860314327769045     0     0     2
44.8010421184369     0.860324575908865     0     0     2
44.8143059159461     0.860477385569728     0     0     2
44.8275697261302     0.860374496008947     0     0     2
44.8408335480838     0.8603885050806     0     0     2
44.8540973809016     0.860253151379901     0     0     2
44.8673612236781     0.860446264575476     0     0     2
44.8806250755081     0.860287800540918     0     0     2
44.8938889354862     0.860372635117158     0     0     2
44.9071528027069     0.860392141731213     0     0     2
44.9204166762651     0.860184150957156     0     0     2
44.9336805552553     0.860491206077532     0     0     2
44.9469444387722     0.860290777633381     0     0     2
44.9602083259105     0.860243811338311     0     0     2
44.9734722157648     0.860302360058989     0     0     2
44.9867361074297     0.860224179832935     0     0     2
45     0.860259866436059     0     0     2
