44.9867361074297     0.858657673636722     0     2     2
44.9734722157648     0.858732407075457     0     2     2
44.9602083259105     0.858800975554263     0     2     2
44.9469444387722     0.858747806172505     0     2     2
44.9336805552553     0.858768502282293     0     2     2
44.9204166762651     0.859086425027396     0     2     2
44.9071528027069     0.85905951082979     0     2     2
44.8938889354862     0.859058298565023     0     2     2
44.8806250755081     0.859072956782152     0     2     2
44.8673612236781     0.859037957589709     0     2     2
44.8540973809016     0.859350570440107     0     2     2
44.8408335480838     0.859333415689303     0     2     2
44.8275697261302     0.859307807124465     0     2     2
44.8143059159461     0.859259794521534     0     2     2
44.8010421184369     0.859288025146382     0     2     2
44.7877783345079     0.859487611749069     0     2     2
44.7745145650645     0.859476472911577     0     2     2
44.7612508110122     0.859543198207594     0     2     2
44.7479870732562     0.8596128333692     0     2     2
44.7347233527021     0.859570835817438     0     2     2
44.7214596502551     0.859726748785718     0     2     2
44.7081959668207     0.859500780205477     0     2     2
44.6949323033044     0.859601010751215     0     2     2
44.6816686606115     0.859665804966466     0     2     2
44.6684050396474     0.85975507627213     0     2     2
44.6551414413176     0.859722482478456     0     2     2
44.6418778665275     0.859603376941293     0     2     2
44.6286143161827     0.859682232190422     0     2     2
44.6153507911885     0.859552670803634     0     2     2
44.6020872924504     0.859932413238447     0     2     2
44.5888238208739     0.85974002666542     0     2     2
44.5755603773645     0.859658971849961     0     2     2
44.5622969628277     0.859702722696288     0     2     2
44.549033578169     0.859374902638786     0     2     2
44.5357702242939     0.859737729745777     0     2     2
44.522506902108     0.859723301411773     0     2     2
44.5092436125167     0.859601320731051     0     2     2
44.4959803564257     0.859658883082095     0     2     2
44.4827171347406     0.859736296280789     0     2     2
44.4694539483668     0.859586299518856     0     2     2
44.45619079821     0.859647268492251     0     2     2
44.4429276851758     0.859538433239752     0     2     2
44.4296646101698     0.859699527803429     0     2     2
44.4164015740977     0.859496394871066     0     2     2
44.4031385778651     0.859720594025456     0     2     2
44.3898756223776     0.859620652781727     0     2     2
44.376612708541     0.85954646856257     0     2     2
44.3633498372608     0.859586550095962     0     2     2
44.3500870094429     0.859680974051241     0     2     2
44.336824225993     0.8596047544973     0     2     2
44.3235614878167     0.859621712931154     0     2     2
44.3102987958199     0.859560534584607     0     2     2
44.2970361509082     0.859698687662788     0     2     2
44.2837735539876     0.859560359976621     0     2     2
44.2705110059638     0.859751160852915     0     2     2
44.2572485077426     0.859626257771569     0     2     2
44.2439860602298     0.859616751864877     0     2     2
44.2307236643314     0.859586972541979     0     2     2
44.2174613209532     0.859565436350628     0     2     2
44.2041990310011     0.859614772185201     0     2     2
44.190936795381     0.859553472530235     0     2     2
44.1776746149988     0.859472832544027     0     2     2
44.1644124907606     0.859521783310779     0     2     2
44.1511504235722     0.859565084180088     0     2     2
44.1378884143397     0.859513199911568     0     2     2
44.1246264639691     0.859535723415562     0     2     2
44.1113645733664     0.859508924728357     0     2     2
44.0981027434377     0.859387682242083     0     2     2
44.0848409750891     0.859282518071178     0     2     2
44.0715792692266     0.859211189593366     0     2     2
44.0583176267565     0.859278857408784     0     2     2
44.0450560485848     0.859309105914972     0     2     2
44.0317945356177     0.859167048709046     0     2     2
44.0185330887614     0.858954156143363     0     2     2
44.0052717089222     0.859087465291728     0     2     2
43.9920103970062     0.859005058620046     0     2     2
43.9787491539198     0.859155814535232     0     2     2
43.9654879805692     0.858850235794065     0     2     2
43.9522268778607     0.858953902612177     0     2     2
43.9389658467008     0.8589227795492     0     2     2
43.9257048879957     0.858938730751722     0     2     2
43.912444002652     0.858807297422995     0     2     2
43.8991831915758     0.85890711754774     0     2     2
43.8859224556739     0.858627888178353     0     2     2
43.8726617958525     0.858765383561046     0     2     2
43.8594012130182     0.858790542616756     0     2     2
43.8461407080776     0.858568197356771     0     2     2
43.8328802819372     0.858601515460498     0     2     2
43.8196199355036     0.858544915429507     0     2     2
43.8063596696833     0.858510872408835     0     2     2
43.7930994853832     0.858464542572091     0     2     2
43.7798393835097     0.858459040380627     0     2     2
43.7665793649697     0.858280309585417     0     2     2
43.7533194306699     0.858103335788838     0     2     2
43.7400595815169     0.858065707360337     0     2     2
43.7267998184177     0.857934843555558     0     2     2
43.7135401422791     0.857899731745999     0     2     2
43.7002805540078     0.857824769296465     0     2     2
43.6870210545109     0.857582623232276     0     2     2
43.6737616446951     0.857753860928642     0     2     2
43.6605023254675     0.857534647954681     0     2     2
43.6472430977351     0.857338461943776     0     2     2
43.6339839624049     0.857248872449465     0     2     2
43.6207249203839     0.856881511928107     0     2     2
43.6074659725792     0.85712373502061     0     2     2
43.5942071198979     0.856777119216352     0     2     2
43.5809483632472     0.856645538104688     0     2     2
43.5676897035343     0.856577723965806     0     2     2
43.5544311416664     0.856246303085782     0     2     2
43.5411726785508     0.856462687130271     0     2     2
43.5279143150947     0.855993739455538     0     2     2
43.5146560522055     0.855877485277545     0     2     2
43.5013978907905     0.855857964876775     0     2     2
43.4881398317573     0.855328449626033     0     2     2
43.4748818760131     0.855515906276819     0     2     2
43.4616240244654     0.855147474548189     0     2     2
43.4483662780219     0.854957552936162     0     2     2
43.43510863759     0.854729618416146     0     2     2
43.4218511040773     0.854360160796827     0     2     2
43.4085936783915     0.854404824350556     0     2     2
43.3953363614402     0.853936868894426     0     2     2
43.3820791541312     0.853471076024489     0     2     2
43.3688220573721     0.853423075305154     0     2     2
43.3555650720708     0.85291055631424     0     2     2
43.3423081991352     0.85254857425432     0     2     2
43.3290514394729     0.85209184946721     0     2     2
43.3157947939921     0.851631096963327     0     2     2
43.3025382636006     0.851404374442355     0     2     2
43.2892818492064     0.850805347320657     0     2     2
43.2760255517175     0.850334006271943     0     2     2
43.2627693720421     0.8497494582044     0     2     2
43.2495133110882     0.849223716794751     0     2     2
43.236257369764     0.848580945651538     0     2     2
43.2230015489777     0.847914479406055     0     2     2
43.2097458496376     0.847164906067947     0     2     2
43.1964902726519     0.846518633652009     0     2     2
43.183234818929     0.845566301494374     0     2     2
43.1699794893773     0.844646157144884     0     2     2
43.1567242849051     0.84381791372835     0     2     2
43.1434692064209     0.842668766703792     0     2     2
43.1302142548334     0.841673391608951     0     2     2
43.1169594310509     0.840434278709731     0     2     2
43.1037047359822     0.839252142939696     0     2     2
43.0904501705359     0.837903571489282     0     2     2
43.0771957356206     0.836423214592217     0     2     2
43.0639414321452     0.834785329522571     0     2     2
43.0506872610184     0.832980814082709     0     2     2
43.0374332231491     0.83109913437926     0     2     2
43.0241793194461     0.828851268424546     0     2     2
43.0109255508184     0.826587700045143     0     2     2
42.9976719181749     0.823850728685827     0     2     2
42.9844184224248     0.821044218872326     0     2     2
42.9711650644771     0.817960476451686     0     2     2
42.9579118452409     0.81462734984188     0     2     2
42.9446587656254     0.810517912127438     0     2     2
42.9314058265398     0.80617578273809     0     2     2
42.9181530288935     0.801615658098966     0     2     2
42.9049003735958     0.796499805467136     0     2     2
42.891647861556     0.790169463709557     0     2     2
42.8783954936836     0.783790372280244     0     2     2
42.865143270888     0.776040684233859     0     2     2
42.8518911940789     0.767370628508843     0     2     2
42.8386392641659     0.756441506218568     0     2     2
42.8253874820585     0.745886874134388     0     2     2
42.8121358486664     0.732387454604808     0     2     2
42.7988843648995     0.717592999688402     0     2     2
42.7856330316676     0.699191605383802     0     2     2
42.7723818498804     0.678726849404653     0     2     2
42.759130820448     0.653496161305302     0     2     2
42.7458799442802     0.6248826337151     0     2     2
42.7326292222872     0.592479627487214     0     2     2
42.719378655379     0.552088617055784     0     2     2
42.7061282444657     0.505220628209644     0     2     2
42.6928779904575     0.452252161719127     0     2     2
42.6796278942648     0.390552933548528     0     2     2
42.6663779567977     0.32371008590122     0     2     2
42.6531281789667     0.251886771996045     0     2     2
42.6398785616822     0.185429441252306     0     2     2
42.6266291058547     0.122012209191711     0     2     2
42.6133798123947     0.0773784306019886     0     2     2
42.6001306822128     0.0546517186756743     0     2     2
42.5868817162196     0.0584307243144188     0     2     2
42.573632915326     0.0874502609674372     0     2     2
42.5603842804426     0.133710367399201     0     2     2
42.5471358124802     0.194437154098648     0     2     2
42.5338875123499     0.257884860609738     0     2     2
42.5206393809625     0.323854360323339     0     2     2
42.5073914192291     0.383672376818726     0     2     2
42.4941436280607     0.440092250684355     0     2     2
42.4808960083686     0.486277090848148     0     2     2
42.4676485610637     0.532030099568034     0     2     2
42.4544012870576     0.56599450472835     0     2     2
42.4411541872613     0.600021142359179     0     2     2
42.4279072625865     0.626929835821186     0     2     2
42.4146605139445     0.650744661297183     0     2     2
42.4014139422467     0.670510576076124     0     2     2
42.3881675484049     0.689059219020168     0     2     2
42.3749213333306     0.704163941973948     0     2     2
42.3616752979356     0.717950700897761     0     2     2
42.3484294431316     0.729198252264072     0     2     2
42.3351837698304     0.739819842583327     0     2     2
42.3219382789441     0.748050261547726     0     2     2
42.3086929713844     0.756150005581281     0     2     2
42.2954478480635     0.762866489502046     0     2     2
42.2822029098935     0.769102673279143     0     2     2
42.2689581577864     0.774257622572316     0     2     2
42.2557135926547     0.77969193994364     0     2     2
42.2424692154105     0.783862298935428     0     2     2
42.2292250269662     0.787978367550951     0     2     2
42.2159810282344     0.791600739218795     0     2     2
42.2027372201273     0.794552048178353     0     2     2
42.1894936035578     0.797747310767947     0     2     2
42.1762501794383     0.800634583012985     0     2     2
42.1630069486816     0.803104259875325     0     2     2
42.1497639122005     0.805499211716565     0     2     2
42.1365210709078     0.807534015289111     0     2     2
42.1232784257165     0.809366240377088     0     2     2
42.1100359775395     0.811208953667732     0     2     2
42.09679372729     0.813085300510296     0     2     2
42.083551675881     0.814520819529218     0     2     2
42.0703098242257     0.816140646029132     0     2     2
42.0570681732375     0.817162819741694     0     2     2
42.0438267238296     0.818649635676899     0     2     2
42.0305854769156     0.819824675519114     0     2     2
42.0173444334088     0.820838473543155     0     2     2
42.0041035942229     0.821902358235256     0     2     2
41.9908629602715     0.822851356117801     0     2     2
41.9776225324684     0.823796797625316     0     2     2
41.9643823117272     0.824498756178039     0     2     2
41.9511422989619     0.825170115138493     0     2     2
41.9379024950865     0.826227195186143     0     2     2
41.9246629010149     0.826667258364603     0     2     2
41.9114235176612     0.827356651288159     0     2     2
41.8981843459396     0.827956586842254     0     2     2
41.8849453867643     0.828399298347659     0     2     2
41.8717066410497     0.829257354590603     0     2     2
41.8584681097102     0.829660228950409     0     2     2
41.8452297936601     0.830105167258729     0     2     2
41.8319916938142     0.830527752763199     0     2     2
41.8187538110869     0.830694357774904     0     2     2
41.8055161463931     0.831307425425699     0     2     2
41.7922787006474     0.831899672471183     0     2     2
41.7790414747648     0.832285117247057     0     2     2
41.7658044696602     0.832448776838579     0     2     2
41.7525676862486     0.832729726522165     0     2     2
41.7393311254452     0.83302220754568     0     2     2
41.726094788165     0.833529800136867     0     2     2
41.7128586753234     0.833633918448452     0     2     2
41.6996227878358     0.834023527207637     0     2     2
41.6863871266174     0.834171727364019     0     2     2
41.673151692584     0.834440123559556     0     2     2
41.6599164866509     0.83461912180382     0     2     2
41.646681509734     0.834926560299009     0     2     2
41.6334467627489     0.835217402016854     0     2     2
41.6202122466115     0.835397437155598     0     2     2
41.6069779622377     0.835476873624684     0     2     2
41.5937439105435     0.835682093878181     0     2     2
41.580510092445     0.836045671508196     0     2     2
41.5672765088584     0.83603458425294     0     2     2
41.5540431606999     0.836300655733264     0     2     2
41.5408100488858     0.836305000486796     0     2     2
41.5275771743327     0.836452881245984     0     2     2
41.5143445379569     0.836696794510933     0     2     2
41.5011121406751     0.836847133365438     0     2     2
41.487879983404     0.83700027780067     0     2     2
41.4746480670603     0.837089831290267     0     2     2
41.4614163925608     0.837231611768526     0     2     2
41.4481849608227     0.837373621495149     0     2     2
41.4349537727627     0.837323401198679     0     2     2
41.4217228292982     0.837607836246496     0     2     2
41.4084921313462     0.837563976905718     0     2     2
41.395261679824     0.837836015216346     0     2     2
41.3820314756491     0.837731094781919     0     2     2
41.368801519739     0.837888083774875     0     2     2
41.3555718130111     0.838030548564175     0     2     2
41.3423423563831     0.837920568350939     0     2     2
41.3291131507728     0.838276799762773     0     2     2
41.315884197098     0.838155483353882     0     2     2
41.3026554962766     0.838260792098806     0     2     2
41.2894270492266     0.838196346159136     0     2     2
41.2761988568661     0.838334953840413     0     2     2
41.2629709201134     0.838463129355156     0     2     2
41.2497432398867     0.838384437613654     0     2     2
41.2365158171043     0.838525599118916     0     2     2
41.2232886526848     0.83847565646459     0     2     2
41.2100617475467     0.8385792090257     0     2     2
41.1968351026086     0.838619673206974     0     2     2
41.1836087187894     0.838608142457112     0     2     2
41.1703825970079     0.83857585513692     0     2     2
41.1571567381829     0.838729277481824     0     2     2
41.1439311432336     0.838625703120483     0     2     2
41.130705813079     0.838654624622181     0     2     2
41.1174807486384     0.838671361902681     0     2     2
41.1042559508312     0.83875326287452     0     2     2
41.0910314205766     0.838388319262351     0     2     2
41.0778071587943     0.838734377629376     0     2     2
41.0645831664038     0.838582019400085     0     2     2
41.0513594443248     0.838592691209642     0     2     2
41.0381359934772     0.838566609887531     0     2     2
41.0249128147808     0.838596822664679     0     2     2
41.0116899091557     0.838568004782632     0     2     2
40.9984672775219     0.838416434342848     0     2     2
40.9852449207996     0.838403806682698     0     2     2
40.9720228399091     0.838301084885478     0     2     2
40.9588010357708     0.838226009819561     0     2     2
40.9455795093053     0.83809608899041     0     2     2
40.932358261433     0.838218410330991     0     2     2
40.9191372930747     0.838003677104774     0     2     2
40.9059166051511     0.837888466706384     0     2     2
40.8926961985833     0.837971407699171     0     2     2
40.8794760742921     0.838029603037864     0     2     2
40.8662562331986     0.837849724413698     0     2     2
40.8530366762241     0.837756548098484     0     2     2
40.8398174042898     0.837761417555032     0     2     2
40.8265984183172     0.837653043562774     0     2     2
40.8133797192277     0.837439869518401     0     2     2
40.800161307943     0.83750292419656     0     2     2
40.7869431853848     0.837356793541546     0     2     2
40.7737253524748     0.837224447043436     0     2     2
40.7605078101351     0.83723201289573     0     2     2
40.7472905592876     0.837101325512467     0     2     2
40.7340736008544     0.836810019267162     0     2     2
40.7208569357578     0.83680690636846     0     2     2
40.7076405649202     0.836702303237992     0     2     2
40.6944244892639     0.836527907615194     0     2     2
40.6812087097115     0.836433474522456     0     2     2
40.6679932271857     0.836398966918974     0     2     2
40.6547780426093     0.836312392667977     0     2     2
40.6415631569051     0.836101458374613     0     2     2
40.628348570996     0.836039562848611     0     2     2
40.6151342858053     0.835954701445274     0     2     2
40.601920302256     0.83565205024993     0     2     2
40.5887066212714     0.835506838283397     0     2     2
40.5754932437751     0.835448714200631     0     2     2
40.5622801706905     0.83545686562395     0     2     2
40.5490674029412     0.835210135761977     0     2     2
40.5358549414509     0.835112099480964     0     2     2
40.5226427871436     0.834887039869177     0     2     2
40.5094309409432     0.83473039195826     0     2     2
40.4962194037737     0.83452382795358     0     2     2
40.4830081765594     0.834395187775399     0     2     2
40.4697972602245     0.834417064601159     0     2     2
40.4565866556934     0.834250775589356     0     2     2
40.4433763638906     0.833994671898229     0     2     2
40.4301663857409     0.833930956447324     0     2     2
40.4169567221688     0.83366763203221     0     2     2
40.4037473740993     0.833510018901128     0     2     2
40.3905383424574     0.833285521493623     0     2     2
40.3773296281681     0.833263663408557     0     2     2
40.3641212321566     0.83300590045759     0     2     2
