44.9867361074297     0.876437762337163     0     -4     -8
44.9734722157648     0.876554526640461     0     -4     -8
44.9602083259105     0.876660833474206     0     -4     -8
44.9469444387722     0.876531325283559     0     -4     -8
44.9336805552553     0.876567000985727     0     -4     -8
44.9204166762651     0.876892648742501     0     -4     -8
44.9071528027069     0.8766671309316     0     -4     -8
44.8938889354862     0.876613835706826     0     -4     -8
44.8806250755081     0.876616641902447     0     -4     -8
44.8673612236781     0.876652102370104     0     -4     -8
44.8540973809016     0.876840226306448     0     -4     -8
44.8408335480838     0.876672697808765     0     -4     -8
44.8275697261302     0.876568493135604     0     -4     -8
44.8143059159461     0.87695868254919     0     -4     -8
44.8010421184369     0.876677379990294     0     -4     -8
44.7877783345079     0.876837045210837     0     -4     -8
44.7745145650645     0.876851212598105     0     -4     -8
44.7612508110122     0.876755637998762     0     -4     -8
44.7479870732562     0.876896689609123     0     -4     -8
44.7347233527021     0.876926933069487     0     -4     -8
44.7214596502551     0.87666387555599     0     -4     -8
44.7081959668207     0.87686060731226     0     -4     -8
44.6949323033044     0.876817021949881     0     -4     -8
44.6816686606115     0.876962766173855     0     -4     -8
44.6684050396474     0.877021738177977     0     -4     -8
44.6551414413176     0.876701864357523     0     -4     -8
44.6418778665275     0.877082391245899     0     -4     -8
44.6286143161827     0.876916139473409     0     -4     -8
44.6153507911885     0.877008470144079     0     -4     -8
44.6020872924504     0.876852883863594     0     -4     -8
44.5888238208739     0.87708184446687     0     -4     -8
44.5755603773645     0.877211263380216     0     -4     -8
44.5622969628277     0.876878347454665     0     -4     -8
44.549033578169     0.877198255133162     0     -4     -8
44.5357702242939     0.877401663570358     0     -4     -8
44.522506902108     0.876971547520402     0     -4     -8
44.5092436125167     0.877171465765751     0     -4     -8
44.4959803564257     0.877105949352465     0     -4     -8
44.4827171347406     0.877254711105838     0     -4     -8
44.4694539483668     0.877190299430509     0     -4     -8
44.45619079821     0.87720588476626     0     -4     -8
44.4429276851758     0.877366184005704     0     -4     -8
44.4296646101698     0.877100746821208     0     -4     -8
44.4164015740977     0.877328811909043     0     -4     -8
44.4031385778651     0.877190106963363     0     -4     -8
44.3898756223776     0.877290152439239     0     -4     -8
44.376612708541     0.877337926463965     0     -4     -8
44.3633498372608     0.877384492335521     0     -4     -8
44.3500870094429     0.877527884704315     0     -4     -8
44.336824225993     0.87761237671978     0     -4     -8
44.3235614878167     0.877422564512988     0     -4     -8
44.3102987958199     0.87737438681082     0     -4     -8
44.2970361509082     0.877416706696028     0     -4     -8
44.2837735539876     0.877543163396436     0     -4     -8
44.2705110059638     0.877506171201273     0     -4     -8
44.2572485077426     0.877492098277773     0     -4     -8
44.2439860602298     0.877738519004232     0     -4     -8
44.2307236643314     0.877279744785356     0     -4     -8
44.2174613209532     0.877520159545002     0     -4     -8
44.2041990310011     0.877701821014159     0     -4     -8
44.190936795381     0.877372749984198     0     -4     -8
44.1776746149988     0.877550841294177     0     -4     -8
44.1644124907606     0.877414935324391     0     -4     -8
44.1511504235722     0.877592801390001     0     -4     -8
44.1378884143397     0.877667779420422     0     -4     -8
44.1246264639691     0.87766070054251     0     -4     -8
44.1113645733664     0.877832537829239     0     -4     -8
44.0981027434377     0.877752163534865     0     -4     -8
44.0848409750891     0.877593817418661     0     -4     -8
44.0715792692266     0.877722501545641     0     -4     -8
44.0583176267565     0.87753087640512     0     -4     -8
44.0450560485848     0.877841172647834     0     -4     -8
44.0317945356177     0.877690436616128     0     -4     -8
44.0185330887614     0.877837238204391     0     -4     -8
44.0052717089222     0.877940360419784     0     -4     -8
43.9920103970062     0.877931969217532     0     -4     -8
43.9787491539198     0.877733892356789     0     -4     -8
43.9654879805692     0.877920054395146     0     -4     -8
43.9522268778607     0.877658057086837     0     -4     -8
43.9389658467008     0.877761730295753     0     -4     -8
43.9257048879957     0.87759570190306     0     -4     -8
43.912444002652     0.878009876683861     0     -4     -8
43.8991831915758     0.877836631384031     0     -4     -8
43.8859224556739     0.878032085217257     0     -4     -8
43.8726617958525     0.87759283546673     0     -4     -8
43.8594012130182     0.877954789936297     0     -4     -8
43.8461407080776     0.877660325238139     0     -4     -8
43.8328802819372     0.877823251458554     0     -4     -8
43.8196199355036     0.877859588237954     0     -4     -8
43.8063596696833     0.877727536514081     0     -4     -8
43.7930994853832     0.877667221387084     0     -4     -8
43.7798393835097     0.877784082380369     0     -4     -8
43.7665793649697     0.877860101510672     0     -4     -8
43.7533194306699     0.877392784423556     0     -4     -8
43.7400595815169     0.877611934782625     0     -4     -8
43.7267998184177     0.877600616705872     0     -4     -8
43.7135401422791     0.87767643719618     0     -4     -8
43.7002805540078     0.877441650827803     0     -4     -8
43.6870210545109     0.877674974322026     0     -4     -8
43.6737616446951     0.877490087714162     0     -4     -8
43.6605023254675     0.87760500399234     0     -4     -8
43.6472430977351     0.877556719587438     0     -4     -8
43.6339839624049     0.877622440158031     0     -4     -8
43.6207249203839     0.877519863017327     0     -4     -8
43.6074659725792     0.877268673214988     0     -4     -8
43.5942071198979     0.877689608198999     0     -4     -8
43.5809483632472     0.877320636566844     0     -4     -8
43.5676897035343     0.877586066595053     0     -4     -8
43.5544311416664     0.877552253286896     0     -4     -8
43.5411726785508     0.877464244297626     0     -4     -8
43.5279143150947     0.877614608622592     0     -4     -8
43.5146560522055     0.877372591396647     0     -4     -8
43.5013978907905     0.877498553687854     0     -4     -8
43.4881398317573     0.877349087114982     0     -4     -8
43.4748818760131     0.877556286295072     0     -4     -8
43.4616240244654     0.877509043022241     0     -4     -8
43.4483662780219     0.877503291301243     0     -4     -8
43.43510863759     0.877423161103037     0     -4     -8
43.4218511040773     0.877583036802024     0     -4     -8
43.4085936783915     0.877627618962067     0     -4     -8
43.3953363614402     0.877627323777539     0     -4     -8
43.3820791541312     0.877412471443043     0     -4     -8
43.3688220573721     0.87762202164449     0     -4     -8
43.3555650720708     0.877686826990576     0     -4     -8
43.3423081991352     0.877382294539058     0     -4     -8
43.3290514394729     0.87771179022528     0     -4     -8
43.3157947939921     0.877678385560496     0     -4     -8
43.3025382636006     0.87756862515733     0     -4     -8
43.2892818492064     0.877707314481167     0     -4     -8
43.2760255517175     0.877913497132624     0     -4     -8
43.2627693720421     0.87783815939356     0     -4     -8
43.2495133110882     0.877885678981564     0     -4     -8
43.236257369764     0.877727654307557     0     -4     -8
43.2230015489777     0.877921422882183     0     -4     -8
43.2097458496376     0.877712745573022     0     -4     -8
43.1964902726519     0.877898354057748     0     -4     -8
43.183234818929     0.877873547667865     0     -4     -8
43.1699794893773     0.878003441978892     0     -4     -8
43.1567242849051     0.877970676455168     0     -4     -8
43.1434692064209     0.878007882468378     0     -4     -8
43.1302142548334     0.878081814597185     0     -4     -8
43.1169594310509     0.878096323618501     0     -4     -8
43.1037047359822     0.877774410449345     0     -4     -8
43.0904501705359     0.878015329715366     0     -4     -8
43.0771957356206     0.878160805631357     0     -4     -8
43.0639414321452     0.877863827009968     0     -4     -8
43.0506872610184     0.878332823367134     0     -4     -8
43.0374332231491     0.878097447668344     0     -4     -8
43.0241793194461     0.878094582215572     0     -4     -8
43.0109255508184     0.877927094928407     0     -4     -8
42.9976719181749     0.878136052446567     0     -4     -8
42.9844184224248     0.878185802750446     0     -4     -8
42.9711650644771     0.878235323074533     0     -4     -8
42.9579118452409     0.878237807771155     0     -4     -8
42.9446587656254     0.878264278050353     0     -4     -8
42.9314058265398     0.878247284673229     0     -4     -8
42.9181530288935     0.878210346870268     0     -4     -8
42.9049003735958     0.878309444460407     0     -4     -8
42.891647861556     0.878210889107511     0     -4     -8
42.8783954936836     0.878413816253671     0     -4     -8
42.865143270888     0.878245264672821     0     -4     -8
42.8518911940789     0.878444291429367     0     -4     -8
42.8386392641659     0.878541102119377     0     -4     -8
42.8253874820585     0.878432834512461     0     -4     -8
42.8121358486664     0.878235868825151     0     -4     -8
42.7988843648995     0.87846578280717     0     -4     -8
42.7856330316676     0.87852838827688     0     -4     -8
42.7723818498804     0.878401143938979     0     -4     -8
42.759130820448     0.878522942055158     0     -4     -8
42.7458799442802     0.878731889722466     0     -4     -8
42.7326292222872     0.878594820951586     0     -4     -8
42.719378655379     0.878399472924354     0     -4     -8
42.7061282444657     0.878578703200102     0     -4     -8
42.6928779904575     0.878566110245899     0     -4     -8
42.6796278942648     0.878540015517968     0     -4     -8
42.6663779567977     0.878673928956987     0     -4     -8
42.6531281789667     0.878706493371487     0     -4     -8
42.6398785616822     0.878723765639147     0     -4     -8
42.6266291058547     0.878681385737037     0     -4     -8
42.6133798123947     0.878631731100464     0     -4     -8
42.6001306822128     0.878818173110591     0     -4     -8
42.5868817162196     0.878681652314094     0     -4     -8
42.573632915326     0.878688189084036     0     -4     -8
42.5603842804426     0.878547534795611     0     -4     -8
42.5471358124802     0.878912957417594     0     -4     -8
42.5338875123499     0.878802134485518     0     -4     -8
42.5206393809625     0.878936961554087     0     -4     -8
42.5073914192291     0.878881555993647     0     -4     -8
42.4941436280607     0.879018737856136     0     -4     -8
42.4808960083686     0.878847078460784     0     -4     -8
42.4676485610637     0.878678182749967     0     -4     -8
42.4544012870576     0.878832116094438     0     -4     -8
42.4411541872613     0.878901891386509     0     -4     -8
42.4279072625865     0.878902835369768     0     -4     -8
42.4146605139445     0.878917689297307     0     -4     -8
42.4014139422467     0.879136330399894     0     -4     -8
42.3881675484049     0.879091453637782     0     -4     -8
42.3749213333306     0.878934670343633     0     -4     -8
42.3616752979356     0.879123982975977     0     -4     -8
42.3484294431316     0.879142543361161     0     -4     -8
42.3351837698304     0.879121105782341     0     -4     -8
42.3219382789441     0.879218628804588     0     -4     -8
42.3086929713844     0.879113107440294     0     -4     -8
42.2954478480635     0.879179836227503     0     -4     -8
42.2822029098935     0.879154493605404     0     -4     -8
42.2689581577864     0.879222700452197     0     -4     -8
42.2557135926547     0.879147839304189     0     -4     -8
42.2424692154105     0.879199805805869     0     -4     -8
42.2292250269662     0.879471571611608     0     -4     -8
42.2159810282344     0.879191634721811     0     -4     -8
42.2027372201273     0.879306306157015     0     -4     -8
42.1894936035578     0.879225178233344     0     -4     -8
42.1762501794383     0.879386683937834     0     -4     -8
42.1630069486816     0.879421211860692     0     -4     -8
42.1497639122005     0.879391707568025     0     -4     -8
42.1365210709078     0.879425543846916     0     -4     -8
42.1232784257165     0.879301255926201     0     -4     -8
42.1100359775395     0.879490710239573     0     -4     -8
42.09679372729     0.879517378143716     0     -4     -8
42.083551675881     0.879568199846772     0     -4     -8
42.0703098242257     0.879423889320823     0     -4     -8
42.0570681732375     0.879486666642875     0     -4     -8
42.0438267238296     0.879368964293555     0     -4     -8
42.0305854769156     0.879658466813392     0     -4     -8
42.0173444334088     0.879398333905072     0     -4     -8
42.0041035942229     0.879379105548532     0     -4     -8
41.9908629602715     0.879440786000389     0     -4     -8
41.9776225324684     0.879327919143963     0     -4     -8
41.9643823117272     0.879326580819751     0     -4     -8
41.9511422989619     0.879375212715537     0     -4     -8
41.9379024950865     0.878953186443005     0     -4     -8
41.9246629010149     0.878999374677612     0     -4     -8
41.9114235176612     0.878878168098049     0     -4     -8
41.8981843459396     0.878563838910056     0     -4     -8
41.8849453867643     0.878400407910255     0     -4     -8
41.8717066410497     0.878112591869209     0     -4     -8
41.8584681097102     0.87764682796238     0     -4     -8
41.8452297936601     0.877007805854743     0     -4     -8
41.8319916938142     0.876428718601638     0     -4     -8
41.8187538110869     0.875437534544626     0     -4     -8
41.8055161463931     0.873838705911314     0     -4     -8
41.7922787006474     0.87199283022593     0     -4     -8
41.7790414747648     0.869236258740254     0     -4     -8
41.7658044696602     0.865216848106801     0     -4     -8
41.7525676862486     0.859749069891451     0     -4     -8
41.7393311254452     0.85330759459478     0     -4     -8
41.726094788165     0.841785819003519     0     -4     -8
41.7128586753234     0.826301373826138     0     -4     -8
41.6996227878358     0.803939246637148     0     -4     -8
41.6863871266174     0.77053419480795     0     -4     -8
41.673151692584     0.714211131978379     0     -4     -8
41.6599164866509     0.634518337095323     0     -4     -8
41.646681509734     0.518056855256924     0     -4     -8
41.6334467627489     0.389363289413898     0     -4     -8
41.6202122466115     0.300688165298818     0     -4     -8
41.6069779622377     0.302879312414922     0     -4     -8
41.5937439105435     0.369414089334924     0     -4     -8
41.580510092445     0.455974932640195     0     -4     -8
41.5672765088584     0.534300709204161     0     -4     -8
41.5540431606999     0.585490295951242     0     -4     -8
41.5408100488858     0.625116689993705     0     -4     -8
41.5275771743327     0.658309518112407     0     -4     -8
41.5143445379569     0.683192963131918     0     -4     -8
41.5011121406751     0.695589838433061     0     -4     -8
41.487879983404     0.704911421369493     0     -4     -8
41.4746480670603     0.714572288499132     0     -4     -8
41.4614163925608     0.722232214895623     0     -4     -8
41.4481849608227     0.723630840640106     0     -4     -8
41.4349537727627     0.722923343459936     0     -4     -8
41.4217228292982     0.724352917638491     0     -4     -8
41.4084921313462     0.7254412122734     0     -4     -8
41.395261679824     0.721275556452296     0     -4     -8
41.3820314756491     0.714023709601639     0     -4     -8
41.368801519739     0.708469647927768     0     -4     -8
41.3555718130111     0.70353046554147     0     -4     -8
41.3423423563831     0.694356349455535     0     -4     -8
41.3291131507728     0.678980298685481     0     -4     -8
41.315884197098     0.66539115967343     0     -4     -8
41.3026554962766     0.65187454986493     0     -4     -8
41.2894270492266     0.633961253785433     0     -4     -8
41.2761988568661     0.606524724402833     0     -4     -8
41.2629709201134     0.57811425700818     0     -4     -8
41.2497432398867     0.546952647130571     0     -4     -8
41.2365158171043     0.508681676215295     0     -4     -8
41.2232886526848     0.465237701572931     0     -4     -8
41.2100617475467     0.422802400809138     0     -4     -8
41.1968351026086     0.380835403124866     0     -4     -8
41.1836087187894     0.33772199115194     0     -4     -8
41.1703825970079     0.2990335888432     0     -4     -8
41.1571567381829     0.270746927068044     0     -4     -8
41.1439311432336     0.239189760234389     0     -4     -8
41.130705813079     0.216970019340187     0     -4     -8
41.1174807486384     0.213658066974808     0     -4     -8
41.1042559508312     0.213110181673041     0     -4     -8
41.0910314205766     0.208361179325579     0     -4     -8
41.0778071587943     0.219482382012383     0     -4     -8
41.0645831664038     0.245369021224154     0     -4     -8
41.0513594443248     0.261469708245453     0     -4     -8
41.0381359934772     0.27515672905392     0     -4     -8
41.0249128147808     0.303577078169482     0     -4     -8
41.0116899091557     0.335051030350912     0     -4     -8
40.9984672775219     0.346508141743156     0     -4     -8
40.9852449207996     0.364526005004907     0     -4     -8
40.9720228399091     0.394245681435097     0     -4     -8
40.9588010357708     0.416689468875053     0     -4     -8
40.9455795093053     0.423162691783587     0     -4     -8
40.932358261433     0.443410553437167     0     -4     -8
40.9191372930747     0.464203849454278     0     -4     -8
40.9059166051511     0.470608339289853     0     -4     -8
40.8926961985833     0.473847857748543     0     -4     -8
40.8794760742921     0.49379267783511     0     -4     -8
40.8662562331986     0.50309937755844     0     -4     -8
40.8530366762241     0.50130904227655     0     -4     -8
40.8398174042898     0.505739732679422     0     -4     -8
40.8265984183172     0.516466658747978     0     -4     -8
40.8133797192277     0.513714159082301     0     -4     -8
40.800161307943     0.50856054285994     0     -4     -8
40.7869431853848     0.514045962071626     0     -4     -8
40.7737253524748     0.513463712666169     0     -4     -8
40.7605078101351     0.503476146510444     0     -4     -8
40.7472905592876     0.498411666746238     0     -4     -8
40.7340736008544     0.498702694678078     0     -4     -8
40.7208569357578     0.48831780539611     0     -4     -8
40.7076405649202     0.474687604124316     0     -4     -8
40.6944244892639     0.4676241384087     0     -4     -8
40.6812087097115     0.460126226035838     0     -4     -8
40.6679932271857     0.44221168081398     0     -4     -8
40.6547780426093     0.428200171963975     0     -4     -8
40.6415631569051     0.419203765321843     0     -4     -8
40.628348570996     0.403582985434635     0     -4     -8
40.6151342858053     0.381859520077843     0     -4     -8
40.601920302256     0.366435272363677     0     -4     -8
40.5887066212714     0.350033837369739     0     -4     -8
40.5754932437751     0.328051433401978     0     -4     -8
40.5622801706905     0.31045832669639     0     -4     -8
40.5490674029412     0.296827726565453     0     -4     -8
40.5358549414509     0.27559375045125     0     -4     -8
40.5226427871436     0.258701967507738     0     -4     -8
40.5094309409432     0.242920504506878     0     -4     -8
40.4962194037737     0.226096528465589     0     -4     -8
40.4830081765594     0.209756660266958     0     -4     -8
40.4697972602245     0.20275488526883     0     -4     -8
40.4565866556934     0.191473116369642     0     -4     -8
40.4433763638906     0.177461566225716     0     -4     -8
40.4301663857409     0.173589691987175     0     -4     -8
40.4169567221688     0.171288240519546     0     -4     -8
40.4037473740993     0.161115473409348     0     -4     -8
40.3905383424574     0.155716192092474     0     -4     -8
40.3773296281681     0.161924609236157     0     -4     -8
40.3641212321566     0.16282654842244     0     -4     -8
