44.9867361074297     0.0739323786022265     0     6     10
44.9734722157648     0.0742125348568026     0     6     10
44.9602083259105     0.0743229840074947     0     6     10
44.9469444387722     0.0739129141832119     0     6     10
44.9336805552553     0.0739666779597375     0     6     10
44.9204166762651     0.0744127331822074     0     6     10
44.9071528027069     0.0740834871101512     0     6     10
44.8938889354862     0.074719411861906     0     6     10
44.8806250755081     0.0742525245674161     0     6     10
44.8673612236781     0.0743708782751434     0     6     10
44.8540973809016     0.0739191245739618     0     6     10
44.8408335480838     0.0742693858732556     0     6     10
44.8275697261302     0.0746292723561217     0     6     10
44.8143059159461     0.0740012436676087     0     6     10
44.8010421184369     0.0743980654876461     0     6     10
44.7877783345079     0.0745695625156641     0     6     10
44.7745145650645     0.0745493278046774     0     6     10
44.7612508110122     0.0750355808094807     0     6     10
44.7479870732562     0.0746807232797459     0     6     10
44.7347233527021     0.0749008820477603     0     6     10
44.7214596502551     0.0749702127139419     0     6     10
44.7081959668207     0.0749895317751697     0     6     10
44.6949323033044     0.0753975912626566     0     6     10
44.6816686606115     0.0755944528972136     0     6     10
44.6684050396474     0.0752424245878854     0     6     10
44.6551414413176     0.0758757941928168     0     6     10
44.6418778665275     0.0757281680420331     0     6     10
44.6286143161827     0.075381751715179     0     6     10
44.6153507911885     0.075576416913627     0     6     10
44.6020872924504     0.0751987131921669     0     6     10
44.5888238208739     0.0759151867104568     0     6     10
44.5755603773645     0.075482142441049     0     6     10
44.5622969628277     0.0756267693279923     0     6     10
44.549033578169     0.0755971329152747     0     6     10
44.5357702242939     0.0760610316019671     0     6     10
44.522506902108     0.0755572782102671     0     6     10
44.5092436125167     0.0758697297416127     0     6     10
44.4959803564257     0.0762390611371787     0     6     10
44.4827171347406     0.076498550138032     0     6     10
44.4694539483668     0.0766629470357159     0     6     10
44.45619079821     0.0762955042744186     0     6     10
44.4429276851758     0.0763890767674266     0     6     10
44.4296646101698     0.0767310873854652     0     6     10
44.4164015740977     0.0763167017434974     0     6     10
44.4031385778651     0.0766534543889139     0     6     10
44.3898756223776     0.0767268953382195     0     6     10
44.376612708541     0.0760218872278575     0     6     10
44.3633498372608     0.0759193522880211     0     6     10
44.3500870094429     0.0758471376344892     0     6     10
44.336824225993     0.0760629284126753     0     6     10
44.3235614878167     0.0766595475908088     0     6     10
44.3102987958199     0.0766704332950708     0     6     10
44.2970361509082     0.076639795152081     0     6     10
44.2837735539876     0.0766529680832178     0     6     10
44.2705110059638     0.0771163203794821     0     6     10
44.2572485077426     0.0770284869583775     0     6     10
44.2439860602298     0.0774878297081392     0     6     10
44.2307236643314     0.0773835007147596     0     6     10
44.2174613209532     0.0775210526984699     0     6     10
44.2041990310011     0.0772118360390097     0     6     10
44.190936795381     0.0773398201763734     0     6     10
44.1776746149988     0.0772098131363226     0     6     10
44.1644124907606     0.0774969139256832     0     6     10
44.1511504235722     0.0771926997935117     0     6     10
44.1378884143397     0.0767232703425243     0     6     10
44.1246264639691     0.0770140312643384     0     6     10
44.1113645733664     0.0766687739568563     0     6     10
44.0981027434377     0.0771340309416259     0     6     10
44.0848409750891     0.0772941175677723     0     6     10
44.0715792692266     0.0770124411022328     0     6     10
44.0583176267565     0.0775220278475094     0     6     10
44.0450560485848     0.0773072579586763     0     6     10
44.0317945356177     0.0779007660606611     0     6     10
44.0185330887614     0.0775204183091353     0     6     10
44.0052717089222     0.0775453657361889     0     6     10
43.9920103970062     0.0781626335300084     0     6     10
43.9787491539198     0.0780552258629933     0     6     10
43.9654879805692     0.0780013103497434     0     6     10
43.9522268778607     0.0781691119846767     0     6     10
43.9389658467008     0.0777154552909225     0     6     10
43.9257048879957     0.07793087263709     0     6     10
43.912444002652     0.0779103745641735     0     6     10
43.8991831915758     0.078163829400976     0     6     10
43.8859224556739     0.0781084208498397     0     6     10
43.8726617958525     0.0776574089192842     0     6     10
43.8594012130182     0.0782204971654073     0     6     10
43.8461407080776     0.0784395291197447     0     6     10
43.8328802819372     0.0784999821940093     0     6     10
43.8196199355036     0.0788480902350456     0     6     10
43.8063596696833     0.0791781386744062     0     6     10
43.7930994853832     0.0784704447626599     0     6     10
43.7798393835097     0.0792881470658234     0     6     10
43.7665793649697     0.0787637146075917     0     6     10
43.7533194306699     0.0784986505530717     0     6     10
43.7400595815169     0.0783980608417186     0     6     10
43.7267998184177     0.0788250189435495     0     6     10
43.7135401422791     0.0786801822205889     0     6     10
43.7002805540078     0.0785381778973907     0     6     10
43.6870210545109     0.0788879220835412     0     6     10
43.6737616446951     0.0785085663020868     0     6     10
43.6605023254675     0.0786853765831397     0     6     10
43.6472430977351     0.0791246619679153     0     6     10
43.6339839624049     0.0793727304944924     0     6     10
43.6207249203839     0.0796556622059292     0     6     10
43.6074659725792     0.0796046701416414     0     6     10
43.5942071198979     0.0795910735115425     0     6     10
43.5809483632472     0.0797264657261209     0     6     10
43.5676897035343     0.0792134407450785     0     6     10
43.5544311416664     0.0788570951133565     0     6     10
43.5411726785508     0.0792259860445888     0     6     10
43.5279143150947     0.0791249723570713     0     6     10
43.5146560522055     0.0789848285122798     0     6     10
43.5013978907905     0.0794013187966402     0     6     10
43.4881398317573     0.0794390425632855     0     6     10
43.4748818760131     0.0798793813953323     0     6     10
43.4616240244654     0.0804069329088375     0     6     10
43.4483662780219     0.0803423872635525     0     6     10
43.43510863759     0.0800527293179999     0     6     10
43.4218511040773     0.0806386828802221     0     6     10
43.4085936783915     0.0802909759312941     0     6     10
43.3953363614402     0.0803535016402437     0     6     10
43.3820791541312     0.0803732144211791     0     6     10
43.3688220573721     0.0799825240546726     0     6     10
43.3555650720708     0.0799029481105998     0     6     10
43.3423081991352     0.0803574487302772     0     6     10
43.3290514394729     0.0801611040219704     0     6     10
43.3157947939921     0.0803577478723189     0     6     10
43.3025382636006     0.0802561293245243     0     6     10
43.2892818492064     0.0805852670285773     0     6     10
43.2760255517175     0.0810279565611388     0     6     10
43.2627693720421     0.0811405623268398     0     6     10
43.2495133110882     0.0810512154809791     0     6     10
43.236257369764     0.080534874837462     0     6     10
43.2230015489777     0.0809592531562069     0     6     10
43.2097458496376     0.0810597197791646     0     6     10
43.1964902726519     0.0810779070487621     0     6     10
43.183234818929     0.0813633887898798     0     6     10
43.1699794893773     0.0809611991325826     0     6     10
43.1567242849051     0.0809054925935933     0     6     10
43.1434692064209     0.0809755091024655     0     6     10
43.1302142548334     0.0811308638702083     0     6     10
43.1169594310509     0.0808142965316134     0     6     10
43.1037047359822     0.0808014314304489     0     6     10
43.0904501705359     0.0813925672004118     0     6     10
43.0771957356206     0.0815169642104181     0     6     10
43.0639414321452     0.0815463493507816     0     6     10
43.0506872610184     0.0814381503362137     0     6     10
43.0374332231491     0.0817184194175684     0     6     10
43.0241793194461     0.081557231890619     0     6     10
43.0109255508184     0.0817911001376439     0     6     10
42.9976719181749     0.0816094549666429     0     6     10
42.9844184224248     0.0819419934111406     0     6     10
42.9711650644771     0.0814327260205243     0     6     10
42.9579118452409     0.0817159208519478     0     6     10
42.9446587656254     0.0817326451995489     0     6     10
42.9314058265398     0.0814421925888498     0     6     10
42.9181530288935     0.0816976961113102     0     6     10
42.9049003735958     0.0817711082095853     0     6     10
42.891647861556     0.0816153130847772     0     6     10
42.8783954936836     0.0818209773949074     0     6     10
42.865143270888     0.08220862044035     0     6     10
42.8518911940789     0.0823564778384738     0     6     10
42.8386392641659     0.0823126540503636     0     6     10
42.8253874820585     0.0824212541574938     0     6     10
42.8121358486664     0.0827338745479686     0     6     10
42.7988843648995     0.0822792802076504     0     6     10
42.7856330316676     0.0827433115746573     0     6     10
42.7723818498804     0.0826787917798737     0     6     10
42.759130820448     0.0829090769881806     0     6     10
42.7458799442802     0.0821584044261317     0     6     10
42.7326292222872     0.0819288018853992     0     6     10
42.719378655379     0.082118402093865     0     6     10
42.7061282444657     0.0822356990090578     0     6     10
42.6928779904575     0.0824406300088329     0     6     10
42.6796278942648     0.082715464745685     0     6     10
42.6663779567977     0.0823216602324116     0     6     10
42.6531281789667     0.0828075541670129     0     6     10
42.6398785616822     0.0825512812952024     0     6     10
42.6266291058547     0.0831553818232346     0     6     10
42.6133798123947     0.0830491108025019     0     6     10
42.6001306822128     0.0830647708082835     0     6     10
42.5868817162196     0.0830979334943905     0     6     10
42.573632915326     0.0829047103840608     0     6     10
42.5603842804426     0.0829777589548712     0     6     10
42.5471358124802     0.0827608644113302     0     6     10
42.5338875123499     0.0831016734495379     0     6     10
42.5206393809625     0.0824359940225823     0     6     10
42.5073914192291     0.082771219717664     0     6     10
42.4941436280607     0.0830751020188664     0     6     10
42.4808960083686     0.0833933516137347     0     6     10
42.4676485610637     0.0831936499776775     0     6     10
42.4544012870576     0.0832687437098283     0     6     10
42.4411541872613     0.0839694687332569     0     6     10
42.4279072625865     0.0837121260302169     0     6     10
42.4146605139445     0.0840429876337068     0     6     10
42.4014139422467     0.083651678428426     0     6     10
42.3881675484049     0.0838351500563207     0     6     10
42.3749213333306     0.0838944047173793     0     6     10
42.3616752979356     0.0835871507470096     0     6     10
42.3484294431316     0.0840683280363891     0     6     10
42.3351837698304     0.084150283753698     0     6     10
42.3219382789441     0.0836380201534991     0     6     10
42.3086929713844     0.0842755691363661     0     6     10
42.2954478480635     0.0840015486245012     0     6     10
42.2822029098935     0.0842722923541713     0     6     10
42.2689581577864     0.084414948648235     0     6     10
42.2557135926547     0.0845493763394524     0     6     10
42.2424692154105     0.0845097414166573     0     6     10
42.2292250269662     0.0847371833196465     0     6     10
42.2159810282344     0.0841917442263869     0     6     10
42.2027372201273     0.0846030998702189     0     6     10
42.1894936035578     0.084501197849524     0     6     10
42.1762501794383     0.0848612799047522     0     6     10
42.1630069486816     0.0847084162485977     0     6     10
42.1497639122005     0.0846144786642472     0     6     10
42.1365210709078     0.0848833023824357     0     6     10
42.1232784257165     0.0848037290802123     0     6     10
42.1100359775395     0.0847147392072553     0     6     10
42.09679372729     0.0849898739089716     0     6     10
42.083551675881     0.0849455281540015     0     6     10
42.0703098242257     0.0847333997237502     0     6     10
42.0570681732375     0.0849067726646218     0     6     10
42.0438267238296     0.0852290776492745     0     6     10
42.0305854769156     0.0850691916570571     0     6     10
42.0173444334088     0.0850560446405844     0     6     10
42.0041035942229     0.0852923617053903     0     6     10
41.9908629602715     0.0851380625975618     0     6     10
41.9776225324684     0.0853458530432985     0     6     10
41.9643823117272     0.0851379244610718     0     6     10
41.9511422989619     0.0853068656829173     0     6     10
41.9379024950865     0.0855511861002713     0     6     10
41.9246629010149     0.0853312967451469     0     6     10
41.9114235176612     0.0855882584079749     0     6     10
41.8981843459396     0.0851859898045155     0     6     10
41.8849453867643     0.0854800219404383     0     6     10
41.8717066410497     0.0852084809695327     0     6     10
41.8584681097102     0.0853187860087118     0     6     10
41.8452297936601     0.085947925081858     0     6     10
41.8319916938142     0.085978385911809     0     6     10
41.8187538110869     0.0855779136912575     0     6     10
41.8055161463931     0.0865261853066299     0     6     10
41.7922787006474     0.0859680095234346     0     6     10
41.7790414747648     0.0860042918549763     0     6     10
41.7658044696602     0.0861574812402949     0     6     10
41.7525676862486     0.0858725010018658     0     6     10
41.7393311254452     0.0860877019318146     0     6     10
41.726094788165     0.0861058455666907     0     6     10
41.7128586753234     0.0863983010912309     0     6     10
41.6996227878358     0.086150824676813     0     6     10
41.6863871266174     0.0861002565984889     0     6     10
41.673151692584     0.0865918682204971     0     6     10
41.6599164866509     0.0862951424118283     0     6     10
41.646681509734     0.0863014465669979     0     6     10
41.6334467627489     0.0865921727709184     0     6     10
41.6202122466115     0.0863633328911248     0     6     10
41.6069779622377     0.0864459102597497     0     6     10
41.5937439105435     0.0862932790089719     0     6     10
41.580510092445     0.0863394690445543     0     6     10
41.5672765088584     0.086345720752203     0     6     10
41.5540431606999     0.0866468562341654     0     6     10
41.5408100488858     0.0864675207311817     0     6     10
41.5275771743327     0.0870712502117652     0     6     10
41.5143445379569     0.0870110927384332     0     6     10
41.5011121406751     0.0866951275470936     0     6     10
41.487879983404     0.0868871540856825     0     6     10
41.4746480670603     0.0864105852453913     0     6     10
41.4614163925608     0.0872526414958046     0     6     10
41.4481849608227     0.0872628587246055     0     6     10
41.4349537727627     0.0867948359462     0     6     10
41.4217228292982     0.0871625849994623     0     6     10
41.4084921313462     0.0872726079593632     0     6     10
41.395261679824     0.0874802006479526     0     6     10
41.3820314756491     0.087188259033329     0     6     10
41.368801519739     0.0871187435576328     0     6     10
41.3555718130111     0.0876746462149009     0     6     10
41.3423423563831     0.087379310541822     0     6     10
41.3291131507728     0.0877574209447767     0     6     10
41.315884197098     0.0873485779255274     0     6     10
41.3026554962766     0.0875362586364678     0     6     10
41.2894270492266     0.0876720380247637     0     6     10
41.2761988568661     0.0873474355800088     0     6     10
41.2629709201134     0.0873515675352463     0     6     10
41.2497432398867     0.0876209359651353     0     6     10
41.2365158171043     0.0873992611540225     0     6     10
41.2232886526848     0.0879287888680843     0     6     10
41.2100617475467     0.0879773055347948     0     6     10
41.1968351026086     0.0882477994168544     0     6     10
41.1836087187894     0.0884982072708388     0     6     10
41.1703825970079     0.0883815657016212     0     6     10
41.1571567381829     0.0885878210955001     0     6     10
41.1439311432336     0.088545329328377     0     6     10
41.130705813079     0.0889022759784075     0     6     10
41.1174807486384     0.0882990578184554     0     6     10
41.1042559508312     0.0881435669848639     0     6     10
41.0910314205766     0.0882544816521425     0     6     10
41.0778071587943     0.0885995908933708     0     6     10
41.0645831664038     0.0886839246363381     0     6     10
41.0513594443248     0.0883689519979987     0     6     10
41.0381359934772     0.088270809433726     0     6     10
41.0249128147808     0.0888707938488166     0     6     10
41.0116899091557     0.0887743651601586     0     6     10
40.9984672775219     0.0888719224145551     0     6     10
40.9852449207996     0.0889826717866245     0     6     10
40.9720228399091     0.0890487731982709     0     6     10
40.9588010357708     0.0889590923480496     0     6     10
40.9455795093053     0.0893220319964098     0     6     10
40.932358261433     0.0889613835760342     0     6     10
40.9191372930747     0.0898505259189143     0     6     10
40.9059166051511     0.0897459890548711     0     6     10
40.8926961985833     0.0893559708838454     0     6     10
40.8794760742921     0.0898867196962479     0     6     10
40.8662562331986     0.0891250425755122     0     6     10
40.8530366762241     0.089189697771139     0     6     10
40.8398174042898     0.090048289019368     0     6     10
40.8265984183172     0.0900875983814755     0     6     10
40.8133797192277     0.0906191242643161     0     6     10
40.800161307943     0.0902441517652719     0     6     10
40.7869431853848     0.0902480111254893     0     6     10
40.7737253524748     0.0907249028827585     0     6     10
40.7605078101351     0.090595623829987     0     6     10
40.7472905592876     0.09013095494536     0     6     10
40.7340736008544     0.0902004568078715     0     6     10
40.7208569357578     0.0903647972916867     0     6     10
40.7076405649202     0.0902247578289821     0     6     10
40.6944244892639     0.0903184761491047     0     6     10
40.6812087097115     0.0900591605990537     0     6     10
40.6679932271857     0.0903388863789299     0     6     10
40.6547780426093     0.0904243005340014     0     6     10
40.6415631569051     0.0902616449797409     0     6     10
40.628348570996     0.0904504350647685     0     6     10
40.6151342858053     0.0900904290725868     0     6     10
40.601920302256     0.0905730900518176     0     6     10
40.5887066212714     0.090394841524944     0     6     10
40.5754932437751     0.0910535396302134     0     6     10
40.5622801706905     0.0911475733137385     0     6     10
40.5490674029412     0.0910194328163801     0     6     10
40.5358549414509     0.0908690365137161     0     6     10
40.5226427871436     0.0908457074394953     0     6     10
40.5094309409432     0.0911935324352094     0     6     10
40.4962194037737     0.0913537740373506     0     6     10
40.4830081765594     0.0914877404893857     0     6     10
40.4697972602245     0.0916014182648499     0     6     10
40.4565866556934     0.0914770017629838     0     6     10
40.4433763638906     0.0913093538569662     0     6     10
40.4301663857409     0.0914666510085776     0     6     10
40.4169567221688     0.0909477474610723     0     6     10
40.4037473740993     0.0915679152955735     0     6     10
40.3905383424574     0.0913130867585531     0     6     10
40.3773296281681     0.0918498464908506     0     6     10
40.3641212321566     0.0923410861524584     0     6     10
