40.3773296281681     0.203200339442099     0     -8     -10
40.3905383424574     0.225145764441558     0     -8     -10
40.4037473740993     0.250751643669043     0     -8     -10
40.4169567221688     0.267322525020658     0     -8     -10
40.4301663857409     0.286983106010747     0     -8     -10
40.4433763638906     0.319414657626757     0     -8     -10
40.4565866556934     0.341503180615344     0     -8     -10
40.4697972602245     0.349536109353565     0     -8     -10
40.4830081765594     0.377610442410032     0     -8     -10
40.4962194037737     0.406919523981656     0     -8     -10
40.5094309409432     0.408911462088607     0     -8     -10
40.5226427871436     0.413636944235265     0     -8     -10
40.5358549414509     0.441309508790388     0     -8     -10
40.5490674029412     0.451521743332882     0     -8     -10
40.5622801706905     0.436685830889337     0     -8     -10
40.5754932437751     0.446011543100348     0     -8     -10
40.5887066212714     0.464343990476188     0     -8     -10
40.601920302256     0.444751466553504     0     -8     -10
40.6151342858053     0.425748952159486     0     -8     -10
40.628348570996     0.440729662323251     0     -8     -10
40.6415631569051     0.430481332143429     0     -8     -10
40.6547780426093     0.385749062249732     0     -8     -10
40.6679932271857     0.382239445120036     0     -8     -10
40.6812087097115     0.384404980127398     0     -8     -10
40.6944244892639     0.335206713383931     0     -8     -10
40.7076405649202     0.3010746291744     0     -8     -10
40.7208569357578     0.309517037717026     0     -8     -10
40.7340736008544     0.277653678072933     0     -8     -10
40.7472905592876     0.225798946232051     0     -8     -10
40.7605078101351     0.232881579636188     0     -8     -10
40.7737253524748     0.232389741839867     0     -8     -10
40.7869431853848     0.199073868977917     0     -8     -10
40.800161307943     0.211791082855106     0     -8     -10
40.8133797192277     0.242586682353847     0     -8     -10
40.8265984183172     0.251656755298154     0     -8     -10
40.8398174042898     0.286886408212788     0     -8     -10
40.8530366762241     0.332030249264839     0     -8     -10
40.8662562331986     0.369638164232708     0     -8     -10
40.8794760742921     0.422180843695909     0     -8     -10
40.8926961985833     0.46444518853713     0     -8     -10
40.9059166051511     0.490085116551167     0     -8     -10
40.9191372930747     0.534050881862868     0     -8     -10
40.932358261433     0.572489868670605     0     -8     -10
40.9455795093053     0.578835879983354     0     -8     -10
40.9588010357708     0.591646269352612     0     -8     -10
40.9720228399091     0.62078017632698     0     -8     -10
40.9852449207996     0.62889299314172     0     -8     -10
40.9984672775219     0.616734988727353     0     -8     -10
41.0116899091557     0.623094943569942     0     -8     -10
41.0249128147808     0.63852935037321     0     -8     -10
41.0381359934772     0.626347761088855     0     -8     -10
41.0513594443248     0.602011412240175     0     -8     -10
41.0645831664038     0.601800175561444     0     -8     -10
41.0778071587943     0.602798472905706     0     -8     -10
41.0910314205766     0.56850387111392     0     -8     -10
41.1042559508312     0.52977020152627     0     -8     -10
41.1174807486384     0.522744273035025     0     -8     -10
41.130705813079     0.501927853312987     0     -8     -10
41.1439311432336     0.437709561340873     0     -8     -10
41.1571567381829     0.398894258305542     0     -8     -10
41.1703825970079     0.399675224552832     0     -8     -10
41.1836087187894     0.374368747276652     0     -8     -10
41.1968351026086     0.342507544163793     0     -8     -10
41.2100617475467     0.363251697232746     0     -8     -10
41.2232886526848     0.411008714114827     0     -8     -10
41.2365158171043     0.455766023368184     0     -8     -10
41.2497432398867     0.510936469383143     0     -8     -10
41.2629709201134     0.566078364191152     0     -8     -10
41.2761988568661     0.613498322465531     0     -8     -10
41.2894270492266     0.660948080802958     0     -8     -10
41.3026554962766     0.700327174155095     0     -8     -10
41.315884197098     0.717242676491025     0     -8     -10
41.3291131507728     0.723575491584556     0     -8     -10
41.3423423563831     0.736283702966343     0     -8     -10
41.3555718130111     0.751925262572686     0     -8     -10
41.368801519739     0.754521190846156     0     -8     -10
41.3820314756491     0.748058786424682     0     -8     -10
41.395261679824     0.749603000045192     0     -8     -10
41.4084921313462     0.755008112478666     0     -8     -10
41.4217228292982     0.743744278517083     0     -8     -10
41.4349537727627     0.720641069442429     0     -8     -10
41.4481849608227     0.707456469511742     0     -8     -10
41.4614163925608     0.697315631038524     0     -8     -10
41.4746480670603     0.660049735324974     0     -8     -10
41.487879983404     0.601795319472212     0     -8     -10
41.5011121406751     0.556297257125675     0     -8     -10
41.5143445379569     0.519275462517512     0     -8     -10
41.5275771743327     0.481176128444708     0     -8     -10
41.5408100488858     0.488262339258114     0     -8     -10
41.5540431606999     0.571941074999265     0     -8     -10
41.5672765088584     0.679555766369622     0     -8     -10
41.580510092445     0.74756081912759     0     -8     -10
41.5937439105435     0.777845667855389     0     -8     -10
41.6069779622377     0.790129743172711     0     -8     -10
41.6202122466115     0.798991177976069     0     -8     -10
41.6334467627489     0.80775886909657     0     -8     -10
41.646681509734     0.810224263032468     0     -8     -10
41.6599164866509     0.805206271159693     0     -8     -10
41.673151692584     0.802281547524931     0     -8     -10
41.6863871266174     0.794984232352721     0     -8     -10
41.6996227878358     0.752049192755093     0     -8     -10
41.7128586753234     0.674481709289852     0     -8     -10
41.726094788165     0.6454212778736     0     -8     -10
41.7393311254452     0.703177986795711     0     -8     -10
41.7525676862486     0.787864633358844     0     -8     -10
41.7658044696602     0.832443128445641     0     -8     -10
41.7790414747648     0.848900687592055     0     -8     -10
41.7922787006474     0.857212866722542     0     -8     -10
41.8055161463931     0.862308574502106     0     -8     -10
41.8187538110869     0.864256364922134     0     -8     -10
41.8319916938142     0.865556409499864     0     -8     -10
41.8452297936601     0.865647484741024     0     -8     -10
41.8584681097102     0.866137491357459     0     -8     -10
41.8717066410497     0.866191059661374     0     -8     -10
41.8849453867643     0.865993245428698     0     -8     -10
41.8981843459396     0.866046666399845     0     -8     -10
41.9114235176612     0.866314820628319     0     -8     -10
41.9246629010149     0.866509239098945     0     -8     -10
41.9379024950865     0.866469468169135     0     -8     -10
41.9511422989619     0.866362185169931     0     -8     -10
41.9643823117272     0.865977144565755     0     -8     -10
41.9776225324684     0.866104425364054     0     -8     -10
41.9908629602715     0.866081444822349     0     -8     -10
42.0041035942229     0.865932209565828     0     -8     -10
42.0173444334088     0.866196482078211     0     -8     -10
42.0305854769156     0.866327653409706     0     -8     -10
42.0438267238296     0.866165473945225     0     -8     -10
42.0570681732375     0.866423144607858     0     -8     -10
42.0703098242257     0.866195921101809     0     -8     -10
42.083551675881     0.86629736527462     0     -8     -10
42.09679372729     0.866286603053401     0     -8     -10
42.1100359775395     0.866056219517595     0     -8     -10
42.1232784257165     0.866460183117723     0     -8     -10
42.1365210709078     0.866531117201073     0     -8     -10
42.1497639122005     0.866208972314526     0     -8     -10
42.1630069486816     0.866656625963385     0     -8     -10
42.1762501794383     0.866612461527201     0     -8     -10
42.1894936035578     0.866450981601102     0     -8     -10
42.2027372201273     0.8667185768378     0     -8     -10
42.2159810282344     0.866427800728125     0     -8     -10
42.2292250269662     0.86653513847022     0     -8     -10
42.2424692154105     0.86676535450072     0     -8     -10
42.2557135926547     0.866711289120157     0     -8     -10
42.2689581577864     0.866966247192995     0     -8     -10
42.2822029098935     0.866512450483926     0     -8     -10
42.2954478480635     0.866689260400289     0     -8     -10
42.3086929713844     0.866867019454767     0     -8     -10
42.3219382789441     0.866808795157801     0     -8     -10
42.3351837698304     0.867000948687591     0     -8     -10
42.3484294431316     0.866810738217342     0     -8     -10
42.3616752979356     0.866927504701173     0     -8     -10
42.3749213333306     0.867108298910768     0     -8     -10
42.3881675484049     0.867191098882016     0     -8     -10
42.4014139422467     0.867096489453204     0     -8     -10
42.4146605139445     0.867120603704741     0     -8     -10
42.4279072625865     0.867382305334811     0     -8     -10
42.4411541872613     0.86704122957242     0     -8     -10
42.4544012870576     0.867518176374402     0     -8     -10
42.4676485610637     0.86715164297711     0     -8     -10
42.4808960083686     0.867338775002167     0     -8     -10
42.4941436280607     0.867257896344127     0     -8     -10
42.5073914192291     0.867359695601685     0     -8     -10
42.5206393809625     0.867589384650924     0     -8     -10
42.5338875123499     0.867570079845693     0     -8     -10
42.5471358124802     0.867530134973175     0     -8     -10
42.5603842804426     0.867553334396286     0     -8     -10
42.573632915326     0.867554619302218     0     -8     -10
42.5868817162196     0.867622211319854     0     -8     -10
42.6001306822128     0.867772834320011     0     -8     -10
42.6133798123947     0.867308812026693     0     -8     -10
42.6266291058547     0.867509840391707     0     -8     -10
42.6398785616822     0.867558276324343     0     -8     -10
42.6531281789667     0.867780041686387     0     -8     -10
42.6663779567977     0.86748666570339     0     -8     -10
42.6796278942648     0.867844985456927     0     -8     -10
42.6928779904575     0.867657999872336     0     -8     -10
42.7061282444657     0.867870975975611     0     -8     -10
42.719378655379     0.867556235670015     0     -8     -10
42.7326292222872     0.867915722774004     0     -8     -10
42.7458799442802     0.867681135236627     0     -8     -10
42.759130820448     0.867995802685001     0     -8     -10
42.7723818498804     0.867743963687299     0     -8     -10
42.7856330316676     0.867950915978464     0     -8     -10
42.7988843648995     0.867513098514347     0     -8     -10
42.8121358486664     0.86790939363307     0     -8     -10
42.8253874820585     0.867622204860288     0     -8     -10
42.8386392641659     0.868041222189249     0     -8     -10
42.8518911940789     0.867641733203612     0     -8     -10
42.865143270888     0.868085758474103     0     -8     -10
42.8783954936836     0.867805988587439     0     -8     -10
42.891647861556     0.868098094686548     0     -8     -10
42.9049003735958     0.867839734717022     0     -8     -10
42.9181530288935     0.867961722051917     0     -8     -10
42.9314058265398     0.867829475146353     0     -8     -10
42.9446587656254     0.86820859974929     0     -8     -10
42.9579118452409     0.868065356206617     0     -8     -10
42.9711650644771     0.868152862467557     0     -8     -10
42.9844184224248     0.868018528659161     0     -8     -10
42.9976719181749     0.868099307086777     0     -8     -10
43.0109255508184     0.868203957790649     0     -8     -10
43.0241793194461     0.868077742481141     0     -8     -10
43.0374332231491     0.868073382391217     0     -8     -10
43.0506872610184     0.868060554439912     0     -8     -10
43.0639414321452     0.867996597508548     0     -8     -10
43.0771957356206     0.868052802123712     0     -8     -10
43.0904501705359     0.867962157709742     0     -8     -10
43.1037047359822     0.868167622575378     0     -8     -10
43.1169594310509     0.868325441011861     0     -8     -10
43.1302142548334     0.868353259919002     0     -8     -10
43.1434692064209     0.86808931310068     0     -8     -10
43.1567242849051     0.868267822341021     0     -8     -10
43.1699794893773     0.868170376163068     0     -8     -10
43.183234818929     0.868447935067011     0     -8     -10
43.1964902726519     0.868325197400921     0     -8     -10
43.2097458496376     0.868316744747408     0     -8     -10
43.2230015489777     0.868337090984298     0     -8     -10
43.236257369764     0.868310790819276     0     -8     -10
43.2495133110882     0.868288230201507     0     -8     -10
43.2627693720421     0.868339187510661     0     -8     -10
43.2760255517175     0.868266398093041     0     -8     -10
43.2892818492064     0.868422051885176     0     -8     -10
43.3025382636006     0.868378213446682     0     -8     -10
43.3157947939921     0.868365589064559     0     -8     -10
43.3290514394729     0.868675495675887     0     -8     -10
43.3423081991352     0.868388297435757     0     -8     -10
43.3555650720708     0.868501314963744     0     -8     -10
43.3688220573721     0.868439729129638     0     -8     -10
43.3820791541312     0.868521631111468     0     -8     -10
43.3953363614402     0.86877559729862     0     -8     -10
43.4085936783915     0.868687295878853     0     -8     -10
43.4218511040773     0.868755790711998     0     -8     -10
43.43510863759     0.868611266015421     0     -8     -10
43.4483662780219     0.868521962013738     0     -8     -10
43.4616240244654     0.868985394076051     0     -8     -10
43.4748818760131     0.86870401077781     0     -8     -10
43.4881398317573     0.868747617037527     0     -8     -10
43.5013978907905     0.868517258005642     0     -8     -10
43.5146560522055     0.868889203648075     0     -8     -10
43.5279143150947     0.868633221428664     0     -8     -10
43.5411726785508     0.869016184410939     0     -8     -10
43.5544311416664     0.868950903328502     0     -8     -10
43.5676897035343     0.868924568762928     0     -8     -10
43.5809483632472     0.868875103077411     0     -8     -10
43.5942071198979     0.868881973490503     0     -8     -10
43.6074659725792     0.868946446294263     0     -8     -10
43.6207249203839     0.869044450018578     0     -8     -10
43.6339839624049     0.868937585522754     0     -8     -10
43.6472430977351     0.86902082791218     0     -8     -10
43.6605023254675     0.869238243734485     0     -8     -10
43.6737616446951     0.869006877607369     0     -8     -10
43.6870210545109     0.869159733834997     0     -8     -10
43.7002805540078     0.869130625176154     0     -8     -10
43.7135401422791     0.869496173829155     0     -8     -10
43.7267998184177     0.868917797579078     0     -8     -10
43.7400595815169     0.869359965632951     0     -8     -10
43.7533194306699     0.86912557170436     0     -8     -10
43.7665793649697     0.869522345732862     0     -8     -10
43.7798393835097     0.869448453872623     0     -8     -10
43.7930994853832     0.869464386257759     0     -8     -10
43.8063596696833     0.869650441056807     0     -8     -10
43.8196199355036     0.869413567306599     0     -8     -10
43.8328802819372     0.869714863634895     0     -8     -10
43.8461407080776     0.869568943970209     0     -8     -10
43.8594012130182     0.869723410225891     0     -8     -10
43.8726617958525     0.869638917658421     0     -8     -10
43.8859224556739     0.869577567914891     0     -8     -10
43.8991831915758     0.869865377145313     0     -8     -10
43.912444002652     0.869861180240061     0     -8     -10
43.9257048879957     0.869697887188639     0     -8     -10
43.9389658467008     0.870138018237875     0     -8     -10
43.9522268778607     0.870214126738781     0     -8     -10
43.9654879805692     0.870042245705699     0     -8     -10
43.9787491539198     0.870216768806133     0     -8     -10
43.9920103970062     0.870065180025936     0     -8     -10
44.0052717089222     0.870168358391506     0     -8     -10
44.0185330887614     0.87004023572456     0     -8     -10
44.0317945356177     0.870190854401522     0     -8     -10
44.0450560485848     0.870287879389194     0     -8     -10
44.0583176267565     0.870429964767546     0     -8     -10
44.0715792692266     0.870519990419698     0     -8     -10
44.0848409750891     0.870498686528632     0     -8     -10
44.0981027434377     0.870482422413439     0     -8     -10
44.1113645733664     0.870595894001088     0     -8     -10
44.1246264639691     0.870439841940059     0     -8     -10
44.1378884143397     0.8704997038778     0     -8     -10
44.1511504235722     0.870665287566273     0     -8     -10
44.1644124907606     0.870725821194968     0     -8     -10
44.1776746149988     0.870627862511338     0     -8     -10
44.190936795381     0.870980239475301     0     -8     -10
44.2041990310011     0.870812468753474     0     -8     -10
44.2174613209532     0.870905549954538     0     -8     -10
44.2307236643314     0.870758672523703     0     -8     -10
44.2439860602298     0.871004768963781     0     -8     -10
44.2572485077426     0.870936447392014     0     -8     -10
44.2705110059638     0.87120859764505     0     -8     -10
44.2837735539876     0.87115244232639     0     -8     -10
44.2970361509082     0.87129248573204     0     -8     -10
44.3102987958199     0.871104885215301     0     -8     -10
44.3235614878167     0.871098223518907     0     -8     -10
44.336824225993     0.871281110306036     0     -8     -10
44.3500870094429     0.871380048229554     0     -8     -10
44.3633498372608     0.871418027018612     0     -8     -10
44.376612708541     0.871262699452237     0     -8     -10
44.3898756223776     0.871421816246762     0     -8     -10
44.4031385778651     0.87141746489726     0     -8     -10
44.4164015740977     0.87157907450635     0     -8     -10
44.4296646101698     0.871457974083818     0     -8     -10
44.4429276851758     0.871727997291706     0     -8     -10
44.45619079821     0.87172991332845     0     -8     -10
44.4694539483668     0.871768221520114     0     -8     -10
44.4827171347406     0.872037771285082     0     -8     -10
44.4959803564257     0.871689556512968     0     -8     -10
44.5092436125167     0.872130094022773     0     -8     -10
44.522506902108     0.872079769583921     0     -8     -10
44.5357702242939     0.87214798997988     0     -8     -10
44.549033578169     0.872214059053947     0     -8     -10
44.5622969628277     0.872196244369066     0     -8     -10
44.5755603773645     0.872428166696081     0     -8     -10
44.5888238208739     0.872097114694831     0     -8     -10
44.6020872924504     0.872417585767562     0     -8     -10
44.6153507911885     0.872795238145405     0     -8     -10
44.6286143161827     0.872337092448948     0     -8     -10
44.6418778665275     0.872470940597338     0     -8     -10
44.6551414413176     0.872600936895717     0     -8     -10
44.6684050396474     0.872452294003343     0     -8     -10
44.6816686606115     0.872673895560484     0     -8     -10
44.6949323033044     0.872449651382274     0     -8     -10
44.7081959668207     0.872554258834273     0     -8     -10
44.7214596502551     0.872638689770309     0     -8     -10
44.7347233527021     0.87269516277591     0     -8     -10
44.7479870732562     0.872839392952533     0     -8     -10
44.7612508110122     0.872707256457834     0     -8     -10
44.7745145650645     0.872794552159655     0     -8     -10
44.7877783345079     0.872782802469414     0     -8     -10
44.8010421184369     0.872464649698412     0     -8     -10
44.8143059159461     0.873008165151524     0     -8     -10
44.8275697261302     0.872819973014679     0     -8     -10
44.8408335480838     0.873082187307349     0     -8     -10
44.8540973809016     0.8730775058423     0     -8     -10
44.8673612236781     0.872780744276407     0     -8     -10
44.8806250755081     0.872989950288136     0     -8     -10
44.8938889354862     0.872869398289263     0     -8     -10
44.9071528027069     0.872945138558252     0     -8     -10
44.9204166762651     0.873068890922626     0     -8     -10
44.9336805552553     0.872906598042673     0     -8     -10
44.9469444387722     0.873103490273882     0     -8     -10
44.9602083259105     0.873100069547418     0     -8     -10
44.9734722157648     0.873271990162724     0     -8     -10
44.9867361074297     0.872843808046555     0     -8     -10
45     0.8735236977105     0     -8     -10
