40.3773296281681     0.424924157147761     0     8     -2
40.3905383424574     0.417793686925097     0     8     -2
40.4037473740993     0.420993957933837     0     8     -2
40.4169567221688     0.420547397671865     0     8     -2
40.4301663857409     0.423927963626237     0     8     -2
40.4433763638906     0.425087909170456     0     8     -2
40.4565866556934     0.430731330589536     0     8     -2
40.4697972602245     0.434784542028733     0     8     -2
40.4830081765594     0.427853672295843     0     8     -2
40.4962194037737     0.431172456326924     0     8     -2
40.5094309409432     0.437005443248365     0     8     -2
40.5226427871436     0.43816882319103     0     8     -2
40.5358549414509     0.442193731481451     0     8     -2
40.5490674029412     0.446083732950515     0     8     -2
40.5622801706905     0.441380595732402     0     8     -2
40.5754932437751     0.443786280844282     0     8     -2
40.5887066212714     0.44803317952187     0     8     -2
40.601920302256     0.448162885220122     0     8     -2
40.6151342858053     0.450335134960497     0     8     -2
40.628348570996     0.454329851119243     0     8     -2
40.6415631569051     0.454265427274982     0     8     -2
40.6547780426093     0.444905524870617     0     8     -2
40.6679932271857     0.449862288494276     0     8     -2
40.6812087097115     0.455866969361165     0     8     -2
40.6944244892639     0.458353820499219     0     8     -2
40.7076405649202     0.462320794485211     0     8     -2
40.7208569357578     0.459532962076668     0     8     -2
40.7340736008544     0.464481250564358     0     8     -2
40.7472905592876     0.45896518062281     0     8     -2
40.7605078101351     0.460980983253339     0     8     -2
40.7737253524748     0.464662777152485     0     8     -2
40.7869431853848     0.467579989348765     0     8     -2
40.800161307943     0.470414567695682     0     8     -2
40.8133797192277     0.472509457592647     0     8     -2
40.8265984183172     0.475569393632293     0     8     -2
40.8398174042898     0.466465786359973     0     8     -2
40.8530366762241     0.468997869211004     0     8     -2
40.8662562331986     0.474940642051368     0     8     -2
40.8794760742921     0.477793295143739     0     8     -2
40.8926961985833     0.482134813718611     0     8     -2
40.9059166051511     0.482756178563469     0     8     -2
40.9191372930747     0.485757830545818     0     8     -2
40.932358261433     0.481203656973426     0     8     -2
40.9455795093053     0.487706240094827     0     8     -2
40.9588010357708     0.488894263047016     0     8     -2
40.9720228399091     0.492979358530994     0     8     -2
40.9852449207996     0.494134695808746     0     8     -2
40.9984672775219     0.500586402000063     0     8     -2
41.0116899091557     0.506333372820771     0     8     -2
41.0249128147808     0.503824931893367     0     8     -2
41.0381359934772     0.508495180207939     0     8     -2
41.0513594443248     0.515185978611837     0     8     -2
41.0645831664038     0.517430739620815     0     8     -2
41.0778071587943     0.521037452298576     0     8     -2
41.0910314205766     0.523954163669577     0     8     -2
41.1042559508312     0.533501711988271     0     8     -2
41.1174807486384     0.531013391270395     0     8     -2
41.130705813079     0.533073772468473     0     8     -2
41.1439311432336     0.541646677461669     0     8     -2
41.1571567381829     0.550214935655452     0     8     -2
41.1703825970079     0.553747714055343     0     8     -2
41.1836087187894     0.558135009222573     0     8     -2
41.1968351026086     0.567582997308856     0     8     -2
41.2100617475467     0.567615412072606     0     8     -2
41.2232886526848     0.57591228391889     0     8     -2
41.2365158171043     0.581584449117669     0     8     -2
41.2497432398867     0.586914548657124     0     8     -2
41.2629709201134     0.589996811149231     0     8     -2
41.2761988568661     0.599947779277707     0     8     -2
41.2894270492266     0.604165888216301     0     8     -2
41.3026554962766     0.59999959330296     0     8     -2
41.315884197098     0.60914851386424     0     8     -2
41.3291131507728     0.616718312820674     0     8     -2
41.3423423563831     0.620978700340305     0     8     -2
41.3555718130111     0.630640909518697     0     8     -2
41.368801519739     0.636973122094146     0     8     -2
41.3820314756491     0.64498605644791     0     8     -2
41.395261679824     0.643980806723875     0     8     -2
41.4084921313462     0.648280072229798     0     8     -2
41.4217228292982     0.657558983852816     0     8     -2
41.4349537727627     0.663688511644115     0     8     -2
41.4481849608227     0.668772568763976     0     8     -2
41.4614163925608     0.675410160122856     0     8     -2
41.4746480670603     0.679235634000602     0     8     -2
41.487879983404     0.680944075426792     0     8     -2
41.5011121406751     0.688118227556549     0     8     -2
41.5143445379569     0.692352544666315     0     8     -2
41.5275771743327     0.696855178611829     0     8     -2
41.5408100488858     0.703280072850937     0     8     -2
41.5540431606999     0.70592592299343     0     8     -2
41.5672765088584     0.710536871435839     0     8     -2
41.580510092445     0.714479256289268     0     8     -2
41.5937439105435     0.721124197280344     0     8     -2
41.6069779622377     0.72618811546284     0     8     -2
41.6202122466115     0.730807644381056     0     8     -2
41.6334467627489     0.7366962550332     0     8     -2
41.646681509734     0.740937463049704     0     8     -2
41.6599164866509     0.744164328865805     0     8     -2
41.673151692584     0.747200051634365     0     8     -2
41.6863871266174     0.753923316577703     0     8     -2
41.6996227878358     0.756423635761805     0     8     -2
41.7128586753234     0.761026959341181     0     8     -2
41.726094788165     0.765131236925025     0     8     -2
41.7393311254452     0.769018464844048     0     8     -2
41.7525676862486     0.77090475274723     0     8     -2
41.7658044696602     0.773120235724206     0     8     -2
41.7790414747648     0.777659276888848     0     8     -2
41.7922787006474     0.781121867851691     0     8     -2
41.8055161463931     0.785371303769496     0     8     -2
41.8187538110869     0.789375762640773     0     8     -2
41.8319916938142     0.79232749840662     0     8     -2
41.8452297936601     0.793414292785297     0     8     -2
41.8584681097102     0.797239176142031     0     8     -2
41.8717066410497     0.799241075309028     0     8     -2
41.8849453867643     0.802841463210569     0     8     -2
41.8981843459396     0.805336720748258     0     8     -2
41.9114235176612     0.808686544216465     0     8     -2
41.9246629010149     0.810698432983576     0     8     -2
41.9379024950865     0.811289828071814     0     8     -2
41.9511422989619     0.813508013948806     0     8     -2
41.9643823117272     0.815561329412148     0     8     -2
41.9776225324684     0.81768107151072     0     8     -2
41.9908629602715     0.819260532122474     0     8     -2
42.0041035942229     0.821374910376493     0     8     -2
42.0173444334088     0.823267703918015     0     8     -2
42.0305854769156     0.824587656388801     0     8     -2
42.0438267238296     0.825596788868347     0     8     -2
42.0570681732375     0.827284242183252     0     8     -2
42.0703098242257     0.828369393477276     0     8     -2
42.083551675881     0.829838963053188     0     8     -2
42.09679372729     0.830820611533266     0     8     -2
42.1100359775395     0.831530297065353     0     8     -2
42.1232784257165     0.832693550249293     0     8     -2
42.1365210709078     0.833209775426133     0     8     -2
42.1497639122005     0.834012768028587     0     8     -2
42.1630069486816     0.835060681828511     0     8     -2
42.1762501794383     0.835451578832391     0     8     -2
42.1894936035578     0.836091008932329     0     8     -2
42.2027372201273     0.836402322144823     0     8     -2
42.2159810282344     0.836943947056808     0     8     -2
42.2292250269662     0.836823840074817     0     8     -2
42.2424692154105     0.836928626808509     0     8     -2
42.2557135926547     0.836944024666575     0     8     -2
42.2689581577864     0.837145203222328     0     8     -2
42.2822029098935     0.836792464120636     0     8     -2
42.2954478480635     0.836694988930372     0     8     -2
42.3086929713844     0.836131076384685     0     8     -2
42.3219382789441     0.835403847883228     0     8     -2
42.3351837698304     0.834968980519761     0     8     -2
42.3484294431316     0.833816039609897     0     8     -2
42.3616752979356     0.83248540115394     0     8     -2
42.3749213333306     0.830468071976024     0     8     -2
42.3881675484049     0.829373427671575     0     8     -2
42.4014139422467     0.827081615374001     0     8     -2
42.4146605139445     0.824982753236073     0     8     -2
42.4279072625865     0.822330062145676     0     8     -2
42.4411541872613     0.819477412947111     0     8     -2
42.4544012870576     0.815207721009338     0     8     -2
42.4676485610637     0.811128954060532     0     8     -2
42.4808960083686     0.805817741867802     0     8     -2
42.4941436280607     0.800249565163684     0     8     -2
42.5073914192291     0.794078145832541     0     8     -2
42.5206393809625     0.785518796989526     0     8     -2
42.5338875123499     0.776030603927549     0     8     -2
42.5471358124802     0.765223593385447     0     8     -2
42.5603842804426     0.751715223796006     0     8     -2
42.573632915326     0.736090384733336     0     8     -2
42.5868817162196     0.717740372991995     0     8     -2
42.6001306822128     0.700249462278471     0     8     -2
42.6133798123947     0.676168273809178     0     8     -2
42.6266291058547     0.650925945339189     0     8     -2
42.6398785616822     0.620543601520525     0     8     -2
42.6531281789667     0.593682098508917     0     8     -2
42.6663779567977     0.566365765582185     0     8     -2
42.6796278942648     0.547628330733942     0     8     -2
42.6928779904575     0.54027110962394     0     8     -2
42.7061282444657     0.539376705096397     0     8     -2
42.719378655379     0.548612698105546     0     8     -2
42.7326292222872     0.565389447294659     0     8     -2
42.7458799442802     0.58943635168744     0     8     -2
42.759130820448     0.615808427832267     0     8     -2
42.7723818498804     0.643873266064572     0     8     -2
42.7856330316676     0.671460509230207     0     8     -2
42.7988843648995     0.694773765430841     0     8     -2
42.8121358486664     0.71658695190704     0     8     -2
42.8253874820585     0.735368080330968     0     8     -2
42.8386392641659     0.752041644831644     0     8     -2
42.8518911940789     0.76604315604659     0     8     -2
42.865143270888     0.779627383247277     0     8     -2
42.8783954936836     0.790371682021693     0     8     -2
42.891647861556     0.8007820751791     0     8     -2
42.9049003735958     0.808833655819366     0     8     -2
42.9181530288935     0.816154826395608     0     8     -2
42.9314058265398     0.82259627488983     0     8     -2
42.9446587656254     0.827877288825021     0     8     -2
42.9579118452409     0.832569861031405     0     8     -2
42.9711650644771     0.836642278561998     0     8     -2
42.9844184224248     0.840019881900519     0     8     -2
42.9976719181749     0.843255576136663     0     8     -2
43.0109255508184     0.845754501253149     0     8     -2
43.0241793194461     0.848079542385003     0     8     -2
43.0374332231491     0.850217834336824     0     8     -2
43.0506872610184     0.85181238699634     0     8     -2
43.0639414321452     0.853607423113147     0     8     -2
43.0771957356206     0.854825011853463     0     8     -2
43.0904501705359     0.856255139764047     0     8     -2
43.1037047359822     0.85665759367412     0     8     -2
43.1169594310509     0.858538935769649     0     8     -2
43.1302142548334     0.859199724742123     0     8     -2
43.1434692064209     0.85969638211445     0     8     -2
43.1567242849051     0.860746184756071     0     8     -2
43.1699794893773     0.861005514234714     0     8     -2
43.183234818929     0.861973278576512     0     8     -2
43.1964902726519     0.862683943153026     0     8     -2
43.2097458496376     0.863026858163493     0     8     -2
43.2230015489777     0.8638080936747     0     8     -2
43.236257369764     0.863827804541137     0     8     -2
43.2495133110882     0.864479110015791     0     8     -2
43.2627693720421     0.864675586078324     0     8     -2
43.2760255517175     0.865146831059315     0     8     -2
43.2892818492064     0.865436704840657     0     8     -2
43.3025382636006     0.865804153311644     0     8     -2
43.3157947939921     0.865736431179034     0     8     -2
43.3290514394729     0.866022451246273     0     8     -2
43.3423081991352     0.866226105657623     0     8     -2
43.3555650720708     0.866602589070035     0     8     -2
43.3688220573721     0.866838655617183     0     8     -2
43.3820791541312     0.866797099687034     0     8     -2
43.3953363614402     0.867074717592865     0     8     -2
43.4085936783915     0.867089896617199     0     8     -2
43.4218511040773     0.86747031459034     0     8     -2
43.43510863759     0.867217341424372     0     8     -2
43.4483662780219     0.867394504605227     0     8     -2
43.4616240244654     0.86747450734343     0     8     -2
43.4748818760131     0.867701936667908     0     8     -2
43.4881398317573     0.86760014046168     0     8     -2
43.5013978907905     0.867863642648815     0     8     -2
43.5146560522055     0.867653860534982     0     8     -2
43.5279143150947     0.868196340258234     0     8     -2
43.5411726785508     0.867983972812568     0     8     -2
43.5544311416664     0.867931457508948     0     8     -2
43.5676897035343     0.867814368363767     0     8     -2
43.5809483632472     0.868324205333138     0     8     -2
43.5942071198979     0.868050127445308     0     8     -2
43.6074659725792     0.868378134261865     0     8     -2
43.6207249203839     0.868272521601961     0     8     -2
43.6339839624049     0.868303746109564     0     8     -2
43.6472430977351     0.868513295661499     0     8     -2
43.6605023254675     0.868479540848309     0     8     -2
43.6737616446951     0.868267343244892     0     8     -2
43.6870210545109     0.868330635514981     0     8     -2
43.7002805540078     0.86868893258455     0     8     -2
43.7135401422791     0.868651086942367     0     8     -2
43.7267998184177     0.868295969086112     0     8     -2
43.7400595815169     0.868730358086099     0     8     -2
43.7533194306699     0.86827020851206     0     8     -2
43.7665793649697     0.868772336181487     0     8     -2
43.7798393835097     0.868543769237109     0     8     -2
43.7930994853832     0.868605642251129     0     8     -2
43.8063596696833     0.868689924862001     0     8     -2
43.8196199355036     0.868267856964026     0     8     -2
43.8328802819372     0.869017433193678     0     8     -2
43.8461407080776     0.868750478228563     0     8     -2
43.8594012130182     0.868668111472184     0     8     -2
43.8726617958525     0.868659112557991     0     8     -2
43.8859224556739     0.868535204485863     0     8     -2
43.8991831915758     0.868933440940798     0     8     -2
43.912444002652     0.869027703511064     0     8     -2
43.9257048879957     0.868650200384874     0     8     -2
43.9389658467008     0.868993781085147     0     8     -2
43.9522268778607     0.868629053708595     0     8     -2
43.9654879805692     0.869038682009477     0     8     -2
43.9787491539198     0.86895989852775     0     8     -2
43.9920103970062     0.869115911315688     0     8     -2
44.0052717089222     0.869109641952269     0     8     -2
44.0185330887614     0.869065057468242     0     8     -2
44.0317945356177     0.868833025021529     0     8     -2
44.0450560485848     0.86897556047712     0     8     -2
44.0583176267565     0.869138006860223     0     8     -2
44.0715792692266     0.869074599415963     0     8     -2
44.0848409750891     0.868979184298387     0     8     -2
44.0981027434377     0.869070787546263     0     8     -2
44.1113645733664     0.868960130033443     0     8     -2
44.1246264639691     0.869000533888243     0     8     -2
44.1378884143397     0.869187132255133     0     8     -2
44.1511504235722     0.86916372536905     0     8     -2
44.1644124907606     0.86906288469963     0     8     -2
44.1776746149988     0.86942081600889     0     8     -2
44.190936795381     0.869177790170658     0     8     -2
44.2041990310011     0.869059891271428     0     8     -2
44.2174613209532     0.86932872237609     0     8     -2
44.2307236643314     0.868775923495115     0     8     -2
44.2439860602298     0.869371589705183     0     8     -2
44.2572485077426     0.869350715319578     0     8     -2
44.2705110059638     0.86916693422284     0     8     -2
44.2837735539876     0.86900722777237     0     8     -2
44.2970361509082     0.86915236066453     0     8     -2
44.3102987958199     0.869196301164611     0     8     -2
44.3235614878167     0.869671604180766     0     8     -2
44.336824225993     0.869437230412126     0     8     -2
44.3500870094429     0.869217929796948     0     8     -2
44.3633498372608     0.869464559604731     0     8     -2
44.376612708541     0.868935718873933     0     8     -2
44.3898756223776     0.869337209573334     0     8     -2
44.4031385778651     0.869426956850555     0     8     -2
44.4164015740977     0.869356182523726     0     8     -2
44.4296646101698     0.869672377366911     0     8     -2
44.4429276851758     0.869595689831081     0     8     -2
44.45619079821     0.869669673897247     0     8     -2
44.4694539483668     0.869216352663885     0     8     -2
44.4827171347406     0.869494659172337     0     8     -2
44.4959803564257     0.869395674819219     0     8     -2
44.5092436125167     0.869792908873649     0     8     -2
44.522506902108     0.86975825860748     0     8     -2
44.5357702242939     0.869554017949694     0     8     -2
44.549033578169     0.869499801109435     0     8     -2
44.5622969628277     0.869761429469212     0     8     -2
44.5755603773645     0.86953754039816     0     8     -2
44.5888238208739     0.869652929690538     0     8     -2
44.6020872924504     0.869229382917791     0     8     -2
44.6153507911885     0.869573718651319     0     8     -2
44.6286143161827     0.869595945148911     0     8     -2
44.6418778665275     0.86938029933216     0     8     -2
44.6551414413176     0.869513905845428     0     8     -2
44.6684050396474     0.869334016093088     0     8     -2
44.6816686606115     0.869320787534612     0     8     -2
44.6949323033044     0.869473590784949     0     8     -2
44.7081959668207     0.869471570203652     0     8     -2
44.7214596502551     0.869330986547064     0     8     -2
44.7347233527021     0.869528168136494     0     8     -2
44.7479870732562     0.869585425441812     0     8     -2
44.7612508110122     0.869560508875175     0     8     -2
44.7745145650645     0.869535107996531     0     8     -2
44.7877783345079     0.869418929356494     0     8     -2
44.8010421184369     0.869352121280153     0     8     -2
44.8143059159461     0.869645120386043     0     8     -2
44.8275697261302     0.869604126895952     0     8     -2
44.8408335480838     0.869709931836792     0     8     -2
44.8540973809016     0.869823486197952     0     8     -2
44.8673612236781     0.869534674683841     0     8     -2
44.8806250755081     0.869593605452663     0     8     -2
44.8938889354862     0.86954561390516     0     8     -2
44.9071528027069     0.869632054759762     0     8     -2
44.9204166762651     0.869574022449986     0     8     -2
44.9336805552553     0.86934314904964     0     8     -2
44.9469444387722     0.869560346916195     0     8     -2
44.9602083259105     0.869198527244466     0     8     -2
44.9734722157648     0.869389574729686     0     8     -2
44.9867361074297     0.869623582369202     0     8     -2
45     0.869475444857964     0     8     -2
