40.3773296281681     0.0899659767725476     0     10     4
40.3905383424574     0.0905145766743256     0     10     4
40.4037473740993     0.0909685160416942     0     10     4
40.4169567221688     0.0911914643186453     0     10     4
40.4301663857409     0.0916229096977265     0     10     4
40.4433763638906     0.0919037530880918     0     10     4
40.4565866556934     0.0921392823779388     0     10     4
40.4697972602245     0.0925774151566935     0     10     4
40.4830081765594     0.0925956176033182     0     10     4
40.4962194037737     0.0928352330586934     0     10     4
40.5094309409432     0.0932030817134184     0     10     4
40.5226427871436     0.0933614915076266     0     10     4
40.5358549414509     0.0935706496389222     0     10     4
40.5490674029412     0.0936341706601247     0     10     4
40.5622801706905     0.0935306595042773     0     10     4
40.5754932437751     0.0934209063727554     0     10     4
40.5887066212714     0.093330528810588     0     10     4
40.601920302256     0.0932268382360643     0     10     4
40.6151342858053     0.093028990685938     0     10     4
40.628348570996     0.0929874505386798     0     10     4
40.6415631569051     0.0927290074560784     0     10     4
40.6547780426093     0.0925188398206645     0     10     4
40.6679932271857     0.0922628536547397     0     10     4
40.6812087097115     0.0919834622244833     0     10     4
40.6944244892639     0.0916605237258167     0     10     4
40.7076405649202     0.0913340041087054     0     10     4
40.7208569357578     0.0909560021250773     0     10     4
40.7340736008544     0.090459407886612     0     10     4
40.7472905592876     0.0900989925024716     0     10     4
40.7605078101351     0.0895908079596267     0     10     4
40.7737253524748     0.0890835963381007     0     10     4
40.7869431853848     0.0884224615198599     0     10     4
40.800161307943     0.0879043130892964     0     10     4
40.8133797192277     0.087465555401937     0     10     4
40.8265984183172     0.0871472398781355     0     10     4
40.8398174042898     0.086775385892613     0     10     4
40.8530366762241     0.0864047755358711     0     10     4
40.8662562331986     0.0861898988910946     0     10     4
40.8794760742921     0.0860506318006936     0     10     4
40.8926961985833     0.0860534039579244     0     10     4
40.9059166051511     0.085851051837576     0     10     4
40.9191372930747     0.086173940232235     0     10     4
40.932358261433     0.0862259355944575     0     10     4
40.9455795093053     0.0867735906723667     0     10     4
40.9588010357708     0.0875421366335249     0     10     4
40.9720228399091     0.0884319855946449     0     10     4
40.9852449207996     0.089876234729174     0     10     4
40.9984672775219     0.0915405983077932     0     10     4
41.0116899091557     0.0934853214126184     0     10     4
41.0249128147808     0.0958801147639844     0     10     4
41.0381359934772     0.0986717275656627     0     10     4
41.0513594443248     0.101990392748249     0     10     4
41.0645831664038     0.105555278808969     0     10     4
41.0778071587943     0.109455056634046     0     10     4
41.0910314205766     0.113170712588821     0     10     4
41.1042559508312     0.117903617370067     0     10     4
41.1174807486384     0.12284088567555     0     10     4
41.130705813079     0.128398784365157     0     10     4
41.1439311432336     0.134561910934948     0     10     4
41.1571567381829     0.141114248352945     0     10     4
41.1703825970079     0.147854593786361     0     10     4
41.1836087187894     0.1550979176824     0     10     4
41.1968351026086     0.16279797504931     0     10     4
41.2100617475467     0.170952797452139     0     10     4
41.2232886526848     0.179475650229122     0     10     4
41.2365158171043     0.188482020623235     0     10     4
41.2497432398867     0.197387422522905     0     10     4
41.2629709201134     0.206871500035901     0     10     4
41.2761988568661     0.217077529055381     0     10     4
41.2894270492266     0.227133902384446     0     10     4
41.3026554962766     0.237836343507117     0     10     4
41.315884197098     0.249108799358381     0     10     4
41.3291131507728     0.260197791438425     0     10     4
41.3423423563831     0.271831508330579     0     10     4
41.3555718130111     0.283580196185951     0     10     4
41.368801519739     0.295717971448578     0     10     4
41.3820314756491     0.30811862816881     0     10     4
41.395261679824     0.320450347428906     0     10     4
41.4084921313462     0.332767050787403     0     10     4
41.4217228292982     0.345421979985201     0     10     4
41.4349537727627     0.357733982114665     0     10     4
41.4481849608227     0.370214048478613     0     10     4
41.4614163925608     0.382373483013406     0     10     4
41.4746480670603     0.394590344386111     0     10     4
41.487879983404     0.406333017860645     0     10     4
41.5011121406751     0.418774589264089     0     10     4
41.5143445379569     0.430448444911075     0     10     4
41.5275771743327     0.442208072042197     0     10     4
41.5408100488858     0.453738497855983     0     10     4
41.5540431606999     0.465529069634966     0     10     4
41.5672765088584     0.477764702293987     0     10     4
41.580510092445     0.489861178625715     0     10     4
41.5937439105435     0.501658410824745     0     10     4
41.6069779622377     0.513607130289991     0     10     4
41.6202122466115     0.525533009272321     0     10     4
41.6334467627489     0.53677312261713     0     10     4
41.646681509734     0.548131675979386     0     10     4
41.6599164866509     0.559189293890953     0     10     4
41.673151692584     0.569461503637026     0     10     4
41.6863871266174     0.579670699536582     0     10     4
41.6996227878358     0.589561972909417     0     10     4
41.7128586753234     0.59935860805578     0     10     4
41.726094788165     0.608700705916456     0     10     4
41.7393311254452     0.617683468127738     0     10     4
41.7525676862486     0.626861075897665     0     10     4
41.7658044696602     0.636052653704267     0     10     4
41.7790414747648     0.644637751869068     0     10     4
41.7922787006474     0.652980727595411     0     10     4
41.8055161463931     0.661526148929125     0     10     4
41.8187538110869     0.669731345439756     0     10     4
41.8319916938142     0.677332167901132     0     10     4
41.8452297936601     0.684849101930844     0     10     4
41.8584681097102     0.691997920103894     0     10     4
41.8717066410497     0.699386495197315     0     10     4
41.8849453867643     0.706368036642876     0     10     4
41.8981843459396     0.713189773844718     0     10     4
41.9114235176612     0.719209065553271     0     10     4
41.9246629010149     0.725522190542038     0     10     4
41.9379024950865     0.731260427641565     0     10     4
41.9511422989619     0.737028435002484     0     10     4
41.9643823117272     0.74269412491506     0     10     4
41.9776225324684     0.747892838330612     0     10     4
41.9908629602715     0.753210417835372     0     10     4
42.0041035942229     0.758129185285715     0     10     4
42.0173444334088     0.763120276304387     0     10     4
42.0305854769156     0.767384531207543     0     10     4
42.0438267238296     0.772016995017613     0     10     4
42.0570681732375     0.776196383551621     0     10     4
42.0703098242257     0.780137992624894     0     10     4
42.083551675881     0.784232589608767     0     10     4
42.09679372729     0.787937412231002     0     10     4
42.1100359775395     0.791409473793037     0     10     4
42.1232784257165     0.794909069132028     0     10     4
42.1365210709078     0.798171889428942     0     10     4
42.1497639122005     0.801142805731803     0     10     4
42.1630069486816     0.804093542443471     0     10     4
42.1762501794383     0.806752118755965     0     10     4
42.1894936035578     0.809584183894342     0     10     4
42.2027372201273     0.812243795188345     0     10     4
42.2159810282344     0.814523859935174     0     10     4
42.2292250269662     0.817119778958725     0     10     4
42.2424692154105     0.819308661809108     0     10     4
42.2557135926547     0.821268346797215     0     10     4
42.2689581577864     0.823393972755018     0     10     4
42.2822029098935     0.825410095457516     0     10     4
42.2954478480635     0.827198876774422     0     10     4
42.3086929713844     0.828867307703268     0     10     4
42.3219382789441     0.830406088626963     0     10     4
42.3351837698304     0.831853882238001     0     10     4
42.3484294431316     0.833538177635526     0     10     4
42.3616752979356     0.835034781538033     0     10     4
42.3749213333306     0.836427607947585     0     10     4
42.3881675484049     0.837572472408846     0     10     4
42.4014139422467     0.838725851340024     0     10     4
42.4146605139445     0.839901846560602     0     10     4
42.4279072625865     0.840760601204188     0     10     4
42.4411541872613     0.841895404266922     0     10     4
42.4544012870576     0.842635126392367     0     10     4
42.4676485610637     0.843738203646543     0     10     4
42.4808960083686     0.844580207323222     0     10     4
42.4941436280607     0.845379963829287     0     10     4
42.5073914192291     0.846205527000703     0     10     4
42.5206393809625     0.847017326836232     0     10     4
42.5338875123499     0.847625889106091     0     10     4
42.5471358124802     0.848448863739783     0     10     4
42.5603842804426     0.849058199697652     0     10     4
42.573632915326     0.849610282397859     0     10     4
42.5868817162196     0.850445163080547     0     10     4
42.6001306822128     0.850874345807234     0     10     4
42.6133798123947     0.8516811204798     0     10     4
42.6266291058547     0.85210010862564     0     10     4
42.6398785616822     0.852819499164014     0     10     4
42.6531281789667     0.853307309413266     0     10     4
42.6663779567977     0.853918012485357     0     10     4
42.6796278942648     0.854265035233617     0     10     4
42.6928779904575     0.854754174322752     0     10     4
42.7061282444657     0.855173302344619     0     10     4
42.719378655379     0.855408400703488     0     10     4
42.7326292222872     0.855935045877504     0     10     4
42.7458799442802     0.856143106607088     0     10     4
42.759130820448     0.856640451415569     0     10     4
42.7723818498804     0.856703054179857     0     10     4
42.7856330316676     0.857287289978975     0     10     4
42.7988843648995     0.857376941349125     0     10     4
42.8121358486664     0.857636451945815     0     10     4
42.8253874820585     0.857962908942465     0     10     4
42.8386392641659     0.858119842865416     0     10     4
42.8518911940789     0.858441590050014     0     10     4
42.865143270888     0.858667894344015     0     10     4
42.8783954936836     0.858854402961295     0     10     4
42.891647861556     0.859257546960043     0     10     4
42.9049003735958     0.859156810167499     0     10     4
42.9181530288935     0.859721208672124     0     10     4
42.9314058265398     0.859611853672451     0     10     4
42.9446587656254     0.860006113175535     0     10     4
42.9579118452409     0.860213576570872     0     10     4
42.9711650644771     0.860414727574351     0     10     4
42.9844184224248     0.860450767995626     0     10     4
42.9976719181749     0.860781953942179     0     10     4
43.0109255508184     0.860865043523377     0     10     4
43.0241793194461     0.860958917173411     0     10     4
43.0374332231491     0.861162319396143     0     10     4
43.0506872610184     0.861406196764806     0     10     4
43.0639414321452     0.861371144881584     0     10     4
43.0771957356206     0.861538010921721     0     10     4
43.0904501705359     0.861668316631048     0     10     4
43.1037047359822     0.861870160519358     0     10     4
43.1169594310509     0.861980536211707     0     10     4
43.1302142548334     0.862157667760601     0     10     4
43.1434692064209     0.862099052268922     0     10     4
43.1567242849051     0.862427093795322     0     10     4
43.1699794893773     0.862409631177358     0     10     4
43.183234818929     0.862644654819183     0     10     4
43.1964902726519     0.862735907808742     0     10     4
43.2097458496376     0.862678970716906     0     10     4
43.2230015489777     0.86272832945514     0     10     4
43.236257369764     0.863048720665493     0     10     4
43.2495133110882     0.863096577482203     0     10     4
43.2627693720421     0.863003333837154     0     10     4
43.2760255517175     0.863268755935489     0     10     4
43.2892818492064     0.863239457972202     0     10     4
43.3025382636006     0.863395982134185     0     10     4
43.3157947939921     0.863454268756173     0     10     4
43.3290514394729     0.863493856114185     0     10     4
43.3423081991352     0.863451013283194     0     10     4
43.3555650720708     0.863463917471649     0     10     4
43.3688220573721     0.863689830021264     0     10     4
43.3820791541312     0.863667162370766     0     10     4
43.3953363614402     0.863809715379554     0     10     4
43.4085936783915     0.863887735302862     0     10     4
43.4218511040773     0.863880764672797     0     10     4
43.43510863759     0.864070180235304     0     10     4
43.4483662780219     0.864019821152137     0     10     4
43.4616240244654     0.864139355072501     0     10     4
43.4748818760131     0.864135445770362     0     10     4
43.4881398317573     0.864206286644387     0     10     4
43.5013978907905     0.864316267880857     0     10     4
43.5146560522055     0.86436182604029     0     10     4
43.5279143150947     0.864473112449648     0     10     4
43.5411726785508     0.864528101330743     0     10     4
43.5544311416664     0.864430222774902     0     10     4
43.5676897035343     0.864468044816919     0     10     4
43.5809483632472     0.864487809021414     0     10     4
43.5942071198979     0.864639984618434     0     10     4
43.6074659725792     0.86457842777647     0     10     4
43.6207249203839     0.864486740788095     0     10     4
43.6339839624049     0.864738302916199     0     10     4
43.6472430977351     0.864696143806708     0     10     4
43.6605023254675     0.864407083937069     0     10     4
43.6737616446951     0.864846088424054     0     10     4
43.6870210545109     0.864611864071403     0     10     4
43.7002805540078     0.864729169949588     0     10     4
43.7135401422791     0.864877482816801     0     10     4
43.7267998184177     0.864770311321128     0     10     4
43.7400595815169     0.864835472907701     0     10     4
43.7533194306699     0.864879011644771     0     10     4
43.7665793649697     0.864999026627385     0     10     4
43.7798393835097     0.865016811559197     0     10     4
43.7930994853832     0.865015803628516     0     10     4
43.8063596696833     0.865129295726001     0     10     4
43.8196199355036     0.865130967329761     0     10     4
43.8328802819372     0.865226610764723     0     10     4
43.8461407080776     0.864948331762868     0     10     4
43.8594012130182     0.865128926483437     0     10     4
43.8726617958525     0.865247639337549     0     10     4
43.8859224556739     0.865027401179279     0     10     4
43.8991831915758     0.865229222921455     0     10     4
43.912444002652     0.865144300534981     0     10     4
43.9257048879957     0.865164859179877     0     10     4
43.9389658467008     0.865207587793993     0     10     4
43.9522268778607     0.865306953194045     0     10     4
43.9654879805692     0.86519667410623     0     10     4
43.9787491539198     0.86523960551742     0     10     4
43.9920103970062     0.865212595782136     0     10     4
44.0052717089222     0.865156732511371     0     10     4
44.0185330887614     0.865362746023658     0     10     4
44.0317945356177     0.865285911829692     0     10     4
44.0450560485848     0.8653405126414     0     10     4
44.0583176267565     0.865065331320139     0     10     4
44.0715792692266     0.865305487303934     0     10     4
44.0848409750891     0.86512625816819     0     10     4
44.0981027434377     0.865374398521352     0     10     4
44.1113645733664     0.865365129741493     0     10     4
44.1246264639691     0.865546967325604     0     10     4
44.1378884143397     0.865248887723936     0     10     4
44.1511504235722     0.865421263089882     0     10     4
44.1644124907606     0.865361536706557     0     10     4
44.1776746149988     0.865280897827387     0     10     4
44.190936795381     0.865385017849629     0     10     4
44.2041990310011     0.865442139705557     0     10     4
44.2174613209532     0.865547104255509     0     10     4
44.2307236643314     0.86552326332653     0     10     4
44.2439860602298     0.865615152642078     0     10     4
44.2572485077426     0.865707743090455     0     10     4
44.2705110059638     0.865522259341601     0     10     4
44.2837735539876     0.865712530386992     0     10     4
44.2970361509082     0.865723367195656     0     10     4
44.3102987958199     0.865672025643926     0     10     4
44.3235614878167     0.865720277685543     0     10     4
44.336824225993     0.865932078426702     0     10     4
44.3500870094429     0.86590448079291     0     10     4
44.3633498372608     0.866014512321511     0     10     4
44.376612708541     0.866041728934706     0     10     4
44.3898756223776     0.865912801373112     0     10     4
44.4031385778651     0.866122486914076     0     10     4
44.4164015740977     0.866138025661574     0     10     4
44.4296646101698     0.86622782439717     0     10     4
44.4429276851758     0.866148376832912     0     10     4
44.45619079821     0.866306631360718     0     10     4
44.4694539483668     0.866366413042765     0     10     4
44.4827171347406     0.866280728156089     0     10     4
44.4959803564257     0.866330159309648     0     10     4
44.5092436125167     0.866224369350912     0     10     4
44.522506902108     0.866396390279592     0     10     4
44.5357702242939     0.866373081499247     0     10     4
44.549033578169     0.866499109539102     0     10     4
44.5622969628277     0.866177317570281     0     10     4
44.5755603773645     0.866447165716931     0     10     4
44.5888238208739     0.866291863519388     0     10     4
44.6020872924504     0.866425710100749     0     10     4
44.6153507911885     0.866237279837738     0     10     4
44.6286143161827     0.866530251366682     0     10     4
44.6418778665275     0.866361885181154     0     10     4
44.6551414413176     0.866371846004368     0     10     4
44.6684050396474     0.866614578846041     0     10     4
44.6816686606115     0.866280840762478     0     10     4
44.6949323033044     0.866452945568636     0     10     4
44.7081959668207     0.866500848881973     0     10     4
44.7214596502551     0.866402433240825     0     10     4
44.7347233527021     0.866537537195996     0     10     4
44.7479870732562     0.866430866647145     0     10     4
44.7612508110122     0.866443218297774     0     10     4
44.7745145650645     0.866313071483007     0     10     4
44.7877783345079     0.866469820110786     0     10     4
44.8010421184369     0.866503449513085     0     10     4
44.8143059159461     0.866407791400592     0     10     4
44.8275697261302     0.866479453124614     0     10     4
44.8408335480838     0.866472290400001     0     10     4
44.8540973809016     0.866393808386382     0     10     4
44.8673612236781     0.866351782960184     0     10     4
44.8806250755081     0.86640218437503     0     10     4
44.8938889354862     0.866590350200008     0     10     4
44.9071528027069     0.866392931059465     0     10     4
44.9204166762651     0.866540900596932     0     10     4
44.9336805552553     0.86630639877308     0     10     4
44.9469444387722     0.866503490737249     0     10     4
44.9602083259105     0.866465339973722     0     10     4
44.9734722157648     0.866478851545108     0     10     4
44.9867361074297     0.866476440657335     0     10     4
45     0.866631945705469     0     10     4
