40.3773296281681     0.233266302959114     0     -2     0
40.3905383424574     0.239204528707527     0     -2     0
40.4037473740993     0.239447877417589     0     -2     0
40.4169567221688     0.240058266462053     0     -2     0
40.4301663857409     0.239208586835364     0     -2     0
40.4433763638906     0.237789941198482     0     -2     0
40.4565866556934     0.238626016255138     0     -2     0
40.4697972602245     0.237816446833586     0     -2     0
40.4830081765594     0.241712270961245     0     -2     0
40.4962194037737     0.240159298845436     0     -2     0
40.5094309409432     0.240695402337642     0     -2     0
40.5226427871436     0.239992986047122     0     -2     0
40.5358549414509     0.238686247261478     0     -2     0
40.5490674029412     0.236397621909909     0     -2     0
40.5622801706905     0.239991107886828     0     -2     0
40.5754932437751     0.241956661662322     0     -2     0
40.5887066212714     0.241197794968138     0     -2     0
40.601920302256     0.240645842663874     0     -2     0
40.6151342858053     0.242305607803211     0     -2     0
40.628348570996     0.240610923520583     0     -2     0
40.6415631569051     0.240692186444259     0     -2     0
40.6547780426093     0.245651953196033     0     -2     0
40.6679932271857     0.246198987513287     0     -2     0
40.6812087097115     0.245448155195425     0     -2     0
40.6944244892639     0.245267693591722     0     -2     0
40.7076405649202     0.245669007024802     0     -2     0
40.7208569357578     0.245532195298521     0     -2     0
40.7340736008544     0.247401526841272     0     -2     0
40.7472905592876     0.251937138702481     0     -2     0
40.7605078101351     0.2510551102741     0     -2     0
40.7737253524748     0.252937180220091     0     -2     0
40.7869431853848     0.252844316544541     0     -2     0
40.800161307943     0.251906121182274     0     -2     0
40.8133797192277     0.252977450286252     0     -2     0
40.8265984183172     0.254200001493124     0     -2     0
40.8398174042898     0.260124761667587     0     -2     0
40.8530366762241     0.260441370701623     0     -2     0
40.8662562331986     0.262010978680829     0     -2     0
40.8794760742921     0.263601189169242     0     -2     0
40.8926961985833     0.264803109117588     0     -2     0
40.9059166051511     0.266827070367937     0     -2     0
40.9191372930747     0.26865765495046     0     -2     0
40.932358261433     0.276720986848934     0     -2     0
40.9455795093053     0.278893099584554     0     -2     0
40.9588010357708     0.281430500716846     0     -2     0
40.9720228399091     0.28533486046207     0     -2     0
40.9852449207996     0.287887048015448     0     -2     0
40.9984672775219     0.289981988550296     0     -2     0
41.0116899091557     0.293379959178231     0     -2     0
41.0249128147808     0.30236345076042     0     -2     0
41.0381359934772     0.306598888271367     0     -2     0
41.0513594443248     0.312488985345725     0     -2     0
41.0645831664038     0.316083210626254     0     -2     0
41.0778071587943     0.320909096468457     0     -2     0
41.0910314205766     0.326950802209334     0     -2     0
41.1042559508312     0.333293222996109     0     -2     0
41.1174807486384     0.342939451800652     0     -2     0
41.130705813079     0.347986008608008     0     -2     0
41.1439311432336     0.354665278532236     0     -2     0
41.1571567381829     0.360886717502343     0     -2     0
41.1703825970079     0.366971681506869     0     -2     0
41.1836087187894     0.374395161341     0     -2     0
41.1968351026086     0.380031683528974     0     -2     0
41.2100617475467     0.391891452852059     0     -2     0
41.2232886526848     0.398113182038856     0     -2     0
41.2365158171043     0.405636786955024     0     -2     0
41.2497432398867     0.414992296105506     0     -2     0
41.2629709201134     0.422055457667879     0     -2     0
41.2761988568661     0.43032121649382     0     -2     0
41.2894270492266     0.439512125505593     0     -2     0
41.3026554962766     0.451104033012297     0     -2     0
41.315884197098     0.459483744393598     0     -2     0
41.3291131507728     0.467627315080913     0     -2     0
41.3423423563831     0.476350433460706     0     -2     0
41.3555718130111     0.484335020654194     0     -2     0
41.368801519739     0.493569871758708     0     -2     0
41.3820314756491     0.50198758833929     0     -2     0
41.395261679824     0.5127141707238     0     -2     0
41.4084921313462     0.521591420336274     0     -2     0
41.4217228292982     0.529124835424365     0     -2     0
41.4349537727627     0.537449900579949     0     -2     0
41.4481849608227     0.545725887745207     0     -2     0
41.4614163925608     0.554251260613101     0     -2     0
41.4746480670603     0.561990163779507     0     -2     0
41.487879983404     0.571207232617903     0     -2     0
41.5011121406751     0.578883120975281     0     -2     0
41.5143445379569     0.586111888806527     0     -2     0
41.5275771743327     0.593948803584235     0     -2     0
41.5408100488858     0.601496579795282     0     -2     0
41.5540431606999     0.608155696061498     0     -2     0
41.5672765088584     0.617543966820427     0     -2     0
41.580510092445     0.625038460091029     0     -2     0
41.5937439105435     0.63147980005367     0     -2     0
41.6069779622377     0.638639857324217     0     -2     0
41.6202122466115     0.6453073217305     0     -2     0
41.6334467627489     0.651969344856987     0     -2     0
41.646681509734     0.65850251486333     0     -2     0
41.6599164866509     0.665815220519418     0     -2     0
41.673151692584     0.672133497332759     0     -2     0
41.6863871266174     0.678187096440988     0     -2     0
41.6996227878358     0.682887254367892     0     -2     0
41.7128586753234     0.688976626386902     0     -2     0
41.726094788165     0.694576391486955     0     -2     0
41.7393311254452     0.699388946845992     0     -2     0
41.7525676862486     0.70609847170701     0     -2     0
41.7658044696602     0.710709889792305     0     -2     0
41.7790414747648     0.715518477975768     0     -2     0
41.7922787006474     0.720131756612381     0     -2     0
41.8055161463931     0.725820621322348     0     -2     0
41.8187538110869     0.730178985525535     0     -2     0
41.8319916938142     0.734500905279437     0     -2     0
41.8452297936601     0.740054059095997     0     -2     0
41.8584681097102     0.74420656026086     0     -2     0
41.8717066410497     0.74855104017621     0     -2     0
41.8849453867643     0.752392603770276     0     -2     0
41.8981843459396     0.75642347945751     0     -2     0
41.9114235176612     0.760001031871212     0     -2     0
41.9246629010149     0.763648551634822     0     -2     0
41.9379024950865     0.767868712990527     0     -2     0
41.9511422989619     0.770984253950238     0     -2     0
41.9643823117272     0.774080663711772     0     -2     0
41.9776225324684     0.777403751452401     0     -2     0
41.9908629602715     0.78036386274367     0     -2     0
42.0041035942229     0.783498067749695     0     -2     0
42.0173444334088     0.786372086058117     0     -2     0
42.0305854769156     0.789223274126773     0     -2     0
42.0438267238296     0.792247965593116     0     -2     0
42.0570681732375     0.794796672049347     0     -2     0
42.0703098242257     0.79773203613538     0     -2     0
42.083551675881     0.800236739961798     0     -2     0
42.09679372729     0.802541717389222     0     -2     0
42.1100359775395     0.80504476134352     0     -2     0
42.1232784257165     0.807276419104124     0     -2     0
42.1365210709078     0.809388005228623     0     -2     0
42.1497639122005     0.811463320000908     0     -2     0
42.1630069486816     0.813290890300119     0     -2     0
42.1762501794383     0.814786673109374     0     -2     0
42.1894936035578     0.816584215496884     0     -2     0
42.2027372201273     0.817900028182239     0     -2     0
42.2159810282344     0.819792107572465     0     -2     0
42.2292250269662     0.821002722033628     0     -2     0
42.2424692154105     0.822119007880658     0     -2     0
42.2557135926547     0.823896854146715     0     -2     0
42.2689581577864     0.824780303571553     0     -2     0
42.2822029098935     0.826090086493552     0     -2     0
42.2954478480635     0.827036679036192     0     -2     0
42.3086929713844     0.82803119212644     0     -2     0
42.3219382789441     0.82883485846289     0     -2     0
42.3351837698304     0.829656470334665     0     -2     0
42.3484294431316     0.830227168691959     0     -2     0
42.3616752979356     0.830457052073583     0     -2     0
42.3749213333306     0.831330184567438     0     -2     0
42.3881675484049     0.831881670662653     0     -2     0
42.4014139422467     0.831869247387587     0     -2     0
42.4146605139445     0.832150511995866     0     -2     0
42.4279072625865     0.83192786888884     0     -2     0
42.4411541872613     0.832309591748471     0     -2     0
42.4544012870576     0.832071945831695     0     -2     0
42.4676485610637     0.831337166255075     0     -2     0
42.4808960083686     0.831240959724912     0     -2     0
42.4941436280607     0.8305331044178     0     -2     0
42.5073914192291     0.828962946441716     0     -2     0
42.5206393809625     0.828258449979428     0     -2     0
42.5338875123499     0.826809794568591     0     -2     0
42.5471358124802     0.824855878921518     0     -2     0
42.5603842804426     0.823594335776006     0     -2     0
42.573632915326     0.821128047238386     0     -2     0
42.5868817162196     0.818149982301837     0     -2     0
42.6001306822128     0.813877354584995     0     -2     0
42.6133798123947     0.809886305037833     0     -2     0
42.6266291058547     0.805300179085457     0     -2     0
42.6398785616822     0.799257477320699     0     -2     0
42.6531281789667     0.79298137582248     0     -2     0
42.6663779567977     0.786978274289597     0     -2     0
42.6796278942648     0.780132064517918     0     -2     0
42.6928779904575     0.770341682585177     0     -2     0
42.7061282444657     0.765682894743252     0     -2     0
42.719378655379     0.762080616664406     0     -2     0
42.7326292222872     0.760051733690802     0     -2     0
42.7458799442802     0.760414411004449     0     -2     0
42.759130820448     0.763131509453376     0     -2     0
42.7723818498804     0.766590621651064     0     -2     0
42.7856330316676     0.769427738186252     0     -2     0
42.7988843648995     0.77399816414079     0     -2     0
42.8121358486664     0.78121013989455     0     -2     0
42.8253874820585     0.786904858465947     0     -2     0
42.8386392641659     0.793780083880285     0     -2     0
42.8518911940789     0.799918975675769     0     -2     0
42.865143270888     0.805665411912439     0     -2     0
42.8783954936836     0.811876126353871     0     -2     0
42.891647861556     0.815624698625537     0     -2     0
42.9049003735958     0.820566407164192     0     -2     0
42.9181530288935     0.82459823007928     0     -2     0
42.9314058265398     0.828634322582096     0     -2     0
42.9446587656254     0.832082515085253     0     -2     0
42.9579118452409     0.835368967715839     0     -2     0
42.9711650644771     0.838515838525375     0     -2     0
42.9844184224248     0.840557666299892     0     -2     0
42.9976719181749     0.842464430695503     0     -2     0
43.0109255508184     0.844846133045344     0     -2     0
43.0241793194461     0.846867441994992     0     -2     0
43.0374332231491     0.848507517439223     0     -2     0
43.0506872610184     0.849594631558327     0     -2     0
43.0639414321452     0.85088925499725     0     -2     0
43.0771957356206     0.852057498433672     0     -2     0
43.0904501705359     0.852735131177836     0     -2     0
43.1037047359822     0.854042846137681     0     -2     0
43.1169594310509     0.854991971555746     0     -2     0
43.1302142548334     0.855973024356634     0     -2     0
43.1434692064209     0.856483027962233     0     -2     0
43.1567242849051     0.857388504372846     0     -2     0
43.1699794893773     0.857393709729667     0     -2     0
43.183234818929     0.858215754758072     0     -2     0
43.1964902726519     0.85885285135663     0     -2     0
43.2097458496376     0.859092923924589     0     -2     0
43.2230015489777     0.859465733123885     0     -2     0
43.236257369764     0.859751890417371     0     -2     0
43.2495133110882     0.860270311279756     0     -2     0
43.2627693720421     0.860694673565909     0     -2     0
43.2760255517175     0.861022627974597     0     -2     0
43.2892818492064     0.861398309855215     0     -2     0
43.3025382636006     0.861522237785134     0     -2     0
43.3157947939921     0.861924071107036     0     -2     0
43.3290514394729     0.862180497778782     0     -2     0
43.3423081991352     0.862186608335305     0     -2     0
43.3555650720708     0.862473778012663     0     -2     0
43.3688220573721     0.862738130638516     0     -2     0
43.3820791541312     0.862839706065274     0     -2     0
43.3953363614402     0.86324473360001     0     -2     0
43.4085936783915     0.862921350134842     0     -2     0
43.4218511040773     0.863233393901193     0     -2     0
43.43510863759     0.863257346716975     0     -2     0
43.4483662780219     0.863854654187683     0     -2     0
43.4616240244654     0.86398380433747     0     -2     0
43.4748818760131     0.863986988948312     0     -2     0
43.4881398317573     0.863964058062674     0     -2     0
43.5013978907905     0.864118537706757     0     -2     0
43.5146560522055     0.864330326425468     0     -2     0
43.5279143150947     0.864229164409307     0     -2     0
43.5411726785508     0.864454077576856     0     -2     0
43.5544311416664     0.86474643901663     0     -2     0
43.5676897035343     0.864760492829798     0     -2     0
43.5809483632472     0.864594478821309     0     -2     0
43.5942071198979     0.864852017791838     0     -2     0
43.6074659725792     0.864685429901351     0     -2     0
43.6207249203839     0.864642625966144     0     -2     0
43.6339839624049     0.86476633423626     0     -2     0
43.6472430977351     0.864984924492403     0     -2     0
43.6605023254675     0.8650128871901     0     -2     0
43.6737616446951     0.864844895470702     0     -2     0
43.6870210545109     0.865099889416926     0     -2     0
43.7002805540078     0.864887566741801     0     -2     0
43.7135401422791     0.865193646125022     0     -2     0
43.7267998184177     0.86526819619493     0     -2     0
43.7400595815169     0.86517753640214     0     -2     0
43.7533194306699     0.865340174661431     0     -2     0
43.7665793649697     0.865215628511624     0     -2     0
43.7798393835097     0.865279476279084     0     -2     0
43.7930994853832     0.865772599777413     0     -2     0
43.8063596696833     0.865750932500503     0     -2     0
43.8196199355036     0.865479156864678     0     -2     0
43.8328802819372     0.865782521697307     0     -2     0
43.8461407080776     0.865691514078807     0     -2     0
43.8594012130182     0.866107682668249     0     -2     0
43.8726617958525     0.865941447316323     0     -2     0
43.8859224556739     0.865992186515498     0     -2     0
43.8991831915758     0.866177576028605     0     -2     0
43.912444002652     0.865911687520167     0     -2     0
43.9257048879957     0.865811875389689     0     -2     0
43.9389658467008     0.865575680380147     0     -2     0
43.9522268778607     0.86601621953462     0     -2     0
43.9654879805692     0.866007105176771     0     -2     0
43.9787491539198     0.865702871708901     0     -2     0
43.9920103970062     0.865457963854521     0     -2     0
44.0052717089222     0.866168683039184     0     -2     0
44.0185330887614     0.865880254345904     0     -2     0
44.0317945356177     0.865978655030029     0     -2     0
44.0450560485848     0.865906574121985     0     -2     0
44.0583176267565     0.865826971290324     0     -2     0
44.0715792692266     0.865996964420167     0     -2     0
44.0848409750891     0.865703653903058     0     -2     0
44.0981027434377     0.866168359094241     0     -2     0
44.1113645733664     0.866003554124661     0     -2     0
44.1246264639691     0.866046752089643     0     -2     0
44.1378884143397     0.866001966459603     0     -2     0
44.1511504235722     0.865990514055658     0     -2     0
44.1644124907606     0.866058291813077     0     -2     0
44.1776746149988     0.865758383612332     0     -2     0
44.190936795381     0.865996035890001     0     -2     0
44.2041990310011     0.865950016374091     0     -2     0
44.2174613209532     0.865803850709454     0     -2     0
44.2307236643314     0.866068469615883     0     -2     0
44.2439860602298     0.866046970936947     0     -2     0
44.2572485077426     0.865728215196517     0     -2     0
44.2705110059638     0.865976819546891     0     -2     0
44.2837735539876     0.865380353429588     0     -2     0
44.2970361509082     0.86587349167656     0     -2     0
44.3102987958199     0.865960544121409     0     -2     0
44.3235614878167     0.865619528786693     0     -2     0
44.336824225993     0.865897220662873     0     -2     0
44.3500870094429     0.865581749365038     0     -2     0
44.3633498372608     0.865970930794686     0     -2     0
44.376612708541     0.86608984330225     0     -2     0
44.3898756223776     0.865811814058979     0     -2     0
44.4031385778651     0.865951524093933     0     -2     0
44.4164015740977     0.865588335964854     0     -2     0
44.4296646101698     0.865585622446165     0     -2     0
44.4429276851758     0.865790329337098     0     -2     0
44.45619079821     0.865573822282437     0     -2     0
44.4694539483668     0.865622475716629     0     -2     0
44.4827171347406     0.865886084378097     0     -2     0
44.4959803564257     0.865968860831883     0     -2     0
44.5092436125167     0.865696716243535     0     -2     0
44.522506902108     0.865443580692018     0     -2     0
44.5357702242939     0.865751498549677     0     -2     0
44.549033578169     0.866158907662186     0     -2     0
44.5622969628277     0.86579967934766     0     -2     0
44.5755603773645     0.865553146313707     0     -2     0
44.5888238208739     0.865517641488611     0     -2     0
44.6020872924504     0.865613915579028     0     -2     0
44.6153507911885     0.865379370180264     0     -2     0
44.6286143161827     0.865562272969395     0     -2     0
44.6418778665275     0.86589723280672     0     -2     0
44.6551414413176     0.86569230559332     0     -2     0
44.6684050396474     0.865688269377097     0     -2     0
44.6816686606115     0.865694461762317     0     -2     0
44.6949323033044     0.865540789755948     0     -2     0
44.7081959668207     0.86554880364016     0     -2     0
44.7214596502551     0.865549527539702     0     -2     0
44.7347233527021     0.865732040510677     0     -2     0
44.7479870732562     0.865723380550557     0     -2     0
44.7612508110122     0.865824023570413     0     -2     0
44.7745145650645     0.865672670138145     0     -2     0
44.7877783345079     0.865749130734522     0     -2     0
44.8010421184369     0.865523252575237     0     -2     0
44.8143059159461     0.86541342806903     0     -2     0
44.8275697261302     0.865730973039596     0     -2     0
44.8408335480838     0.865744399810052     0     -2     0
44.8540973809016     0.865630141766247     0     -2     0
44.8673612236781     0.865595760127459     0     -2     0
44.8806250755081     0.865546355328254     0     -2     0
44.8938889354862     0.865620988995375     0     -2     0
44.9071528027069     0.865665334237237     0     -2     0
44.9204166762651     0.86557303073232     0     -2     0
44.9336805552553     0.865359282177415     0     -2     0
44.9469444387722     0.865608231469667     0     -2     0
44.9602083259105     0.865401000237882     0     -2     0
44.9734722157648     0.865317175808579     0     -2     0
44.9867361074297     0.865582807065494     0     -2     0
45     0.865157890997891     0     -2     0
