44.9867361074297     0.85235496374221     0     -10     2
44.9734722157648     0.867320990361252     0     -10     2
44.9602083259105     0.867440400586714     0     -10     2
44.9469444387722     0.867312120515933     0     -10     2
44.9336805552553     0.867367020623078     0     -10     2
44.9204166762651     0.8673522693394     0     -10     2
44.9071528027069     0.86754094874369     0     -10     2
44.8938889354862     0.867478692046958     0     -10     2
44.8806250755081     0.867493103971403     0     -10     2
44.8673612236781     0.867564596332126     0     -10     2
44.8540973809016     0.867431781340005     0     -10     2
44.8408335480838     0.867714017536328     0     -10     2
44.8275697261302     0.867563734547459     0     -10     2
44.8143059159461     0.867644479040157     0     -10     2
44.8010421184369     0.867379465463719     0     -10     2
44.7877783345079     0.867506123151365     0     -10     2
44.7745145650645     0.867580606703137     0     -10     2
44.7612508110122     0.867717459882001     0     -10     2
44.7479870732562     0.867671119291046     0     -10     2
44.7347233527021     0.867696386511286     0     -10     2
44.7214596502551     0.867747877989354     0     -10     2
44.7081959668207     0.867593242931317     0     -10     2
44.6949323033044     0.867718817960637     0     -10     2
44.6816686606115     0.867848102894857     0     -10     2
44.6684050396474     0.867811672682558     0     -10     2
44.6551414413176     0.867511953852987     0     -10     2
44.6418778665275     0.867751966594624     0     -10     2
44.6286143161827     0.867812908554018     0     -10     2
44.6153507911885     0.867891153362834     0     -10     2
44.6020872924504     0.867698978365288     0     -10     2
44.5888238208739     0.867741659469401     0     -10     2
44.5755603773645     0.867741478228027     0     -10     2
44.5622969628277     0.867802420739166     0     -10     2
44.549033578169     0.867830923450225     0     -10     2
44.5357702242939     0.867821977653136     0     -10     2
44.522506902108     0.867919258285179     0     -10     2
44.5092436125167     0.867799972034407     0     -10     2
44.4959803564257     0.86752878476978     0     -10     2
44.4827171347406     0.867648711396615     0     -10     2
44.4694539483668     0.867741714392868     0     -10     2
44.45619079821     0.867641794299561     0     -10     2
44.4429276851758     0.867707676749359     0     -10     2
44.4296646101698     0.867755748510808     0     -10     2
44.4164015740977     0.867585996936426     0     -10     2
44.4031385778651     0.867777549022728     0     -10     2
44.3898756223776     0.86763337377058     0     -10     2
44.376612708541     0.868161280310066     0     -10     2
44.3633498372608     0.868290674239384     0     -10     2
44.3500870094429     0.867837218337394     0     -10     2
44.336824225993     0.868163583952159     0     -10     2
44.3235614878167     0.868294456921633     0     -10     2
44.3102987958199     0.868179910600194     0     -10     2
44.2970361509082     0.868207756734515     0     -10     2
44.2837735539876     0.868405600459917     0     -10     2
44.2705110059638     0.868287312203826     0     -10     2
44.2572485077426     0.868310790625404     0     -10     2
44.2439860602298     0.868396689908236     0     -10     2
44.2307236643314     0.868162171259672     0     -10     2
44.2174613209532     0.868355623174587     0     -10     2
44.2041990310011     0.86830067207035     0     -10     2
44.190936795381     0.868214058042411     0     -10     2
44.1776746149988     0.868163242133517     0     -10     2
44.1644124907606     0.868240457436744     0     -10     2
44.1511504235722     0.868147800272063     0     -10     2
44.1378884143397     0.868315954284432     0     -10     2
44.1246264639691     0.868222651767465     0     -10     2
44.1113645733664     0.868577867838271     0     -10     2
44.0981027434377     0.868367826766052     0     -10     2
44.0848409750891     0.86838360923392     0     -10     2
44.0715792692266     0.868363496845029     0     -10     2
44.0583176267565     0.868263726445038     0     -10     2
44.0450560485848     0.868477322275453     0     -10     2
44.0317945356177     0.868582184436501     0     -10     2
44.0185330887614     0.868266453903663     0     -10     2
44.0052717089222     0.868316785297124     0     -10     2
43.9920103970062     0.868482254378064     0     -10     2
43.9787491539198     0.868242439840277     0     -10     2
43.9654879805692     0.868625367300608     0     -10     2
43.9522268778607     0.868545839011785     0     -10     2
43.9389658467008     0.868576311981467     0     -10     2
43.9257048879957     0.868715143850565     0     -10     2
43.912444002652     0.868712679281872     0     -10     2
43.8991831915758     0.868590458569295     0     -10     2
43.8859224556739     0.868562399382859     0     -10     2
43.8726617958525     0.868593173270641     0     -10     2
43.8594012130182     0.868773051999395     0     -10     2
43.8461407080776     0.868797491324207     0     -10     2
43.8328802819372     0.868565356817397     0     -10     2
43.8196199355036     0.868495453258582     0     -10     2
43.8063596696833     0.868639093432279     0     -10     2
43.7930994853832     0.868670886334661     0     -10     2
43.7798393835097     0.868531820877432     0     -10     2
43.7665793649697     0.868780956049686     0     -10     2
43.7533194306699     0.868784155021986     0     -10     2
43.7400595815169     0.868635353335001     0     -10     2
43.7267998184177     0.868659635123101     0     -10     2
43.7135401422791     0.868742744741914     0     -10     2
43.7002805540078     0.868790671073573     0     -10     2
43.6870210545109     0.868721007894813     0     -10     2
43.6737616446951     0.868664128109032     0     -10     2
43.6605023254675     0.868865661427817     0     -10     2
43.6472430977351     0.868900242866829     0     -10     2
43.6339839624049     0.868753440226599     0     -10     2
43.6207249203839     0.868610966688653     0     -10     2
43.6074659725792     0.868810684693131     0     -10     2
43.5942071198979     0.868594415748105     0     -10     2
43.5809483632472     0.868749975887582     0     -10     2
43.5676897035343     0.869026465206774     0     -10     2
43.5544311416664     0.868940109428272     0     -10     2
43.5411726785508     0.868912133699927     0     -10     2
43.5279143150947     0.86893495336006     0     -10     2
43.5146560522055     0.868825993402162     0     -10     2
43.5013978907905     0.868905662349488     0     -10     2
43.4881398317573     0.868861264290159     0     -10     2
43.4748818760131     0.868924561953243     0     -10     2
43.4616240244654     0.868960166635797     0     -10     2
43.4483662780219     0.868975728201709     0     -10     2
43.43510863759     0.869038910688751     0     -10     2
43.4218511040773     0.868905269667716     0     -10     2
43.4085936783915     0.868924606228015     0     -10     2
43.3953363614402     0.869206223707977     0     -10     2
43.3820791541312     0.868943999378092     0     -10     2
43.3688220573721     0.869065447733878     0     -10     2
43.3555650720708     0.869026450160027     0     -10     2
43.3423081991352     0.869151749017804     0     -10     2
43.3290514394729     0.86917580126743     0     -10     2
43.3157947939921     0.86927416926805     0     -10     2
43.3025382636006     0.869345386703528     0     -10     2
43.2892818492064     0.868996505802226     0     -10     2
43.2760255517175     0.869334115361474     0     -10     2
43.2627693720421     0.869260470698908     0     -10     2
43.2495133110882     0.869454232649941     0     -10     2
43.236257369764     0.86929830594322     0     -10     2
43.2230015489777     0.86924446519786     0     -10     2
43.2097458496376     0.869377196509433     0     -10     2
43.1964902726519     0.869533315150543     0     -10     2
43.183234818929     0.86918240708823     0     -10     2
43.1699794893773     0.869271317578806     0     -10     2
43.1567242849051     0.869690292190828     0     -10     2
43.1434692064209     0.869571369247135     0     -10     2
43.1302142548334     0.869592623179948     0     -10     2
43.1169594310509     0.869559156601448     0     -10     2
43.1037047359822     0.869582213968899     0     -10     2
43.0904501705359     0.869291096738763     0     -10     2
43.0771957356206     0.869415311859033     0     -10     2
43.0639414321452     0.86962923141753     0     -10     2
43.0506872610184     0.869661123453043     0     -10     2
43.0374332231491     0.86935380156865     0     -10     2
43.0241793194461     0.869743433702828     0     -10     2
43.0109255508184     0.869447604588446     0     -10     2
42.9976719181749     0.869618858932264     0     -10     2
42.9844184224248     0.86950583194668     0     -10     2
42.9711650644771     0.869623274653547     0     -10     2
42.9579118452409     0.869597994551422     0     -10     2
42.9446587656254     0.869640659804686     0     -10     2
42.9314058265398     0.869668948042034     0     -10     2
42.9181530288935     0.869854396601625     0     -10     2
42.9049003735958     0.869676451554753     0     -10     2
42.891647861556     0.869865043022481     0     -10     2
42.8783954936836     0.869699819714952     0     -10     2
42.865143270888     0.869770242463174     0     -10     2
42.8518911940789     0.869791791364955     0     -10     2
42.8386392641659     0.869853094091329     0     -10     2
42.8253874820585     0.869916587747542     0     -10     2
42.8121358486664     0.869469723980765     0     -10     2
42.7988843648995     0.869770712462703     0     -10     2
42.7856330316676     0.869927366205164     0     -10     2
42.7723818498804     0.869841001408919     0     -10     2
42.759130820448     0.869963649405559     0     -10     2
42.7458799442802     0.870020893160088     0     -10     2
42.7326292222872     0.869885082161823     0     -10     2
42.719378655379     0.869761745025235     0     -10     2
42.7061282444657     0.869865936005887     0     -10     2
42.6928779904575     0.870084989800502     0     -10     2
42.6796278942648     0.870108030070431     0     -10     2
42.6663779567977     0.869975886730022     0     -10     2
42.6531281789667     0.869903410464234     0     -10     2
42.6398785616822     0.869923881723801     0     -10     2
42.6266291058547     0.86972381889669     0     -10     2
42.6133798123947     0.870311239719103     0     -10     2
42.6001306822128     0.869945701840756     0     -10     2
42.5868817162196     0.870134452050122     0     -10     2
42.573632915326     0.869921175243814     0     -10     2
42.5603842804426     0.870001981153687     0     -10     2
42.5471358124802     0.869811674895714     0     -10     2
42.5338875123499     0.870015763454863     0     -10     2
42.5206393809625     0.870146534594283     0     -10     2
42.5073914192291     0.869832403268629     0     -10     2
42.4941436280607     0.869914412519912     0     -10     2
42.4808960083686     0.869955962200572     0     -10     2
42.4676485610637     0.870065458587461     0     -10     2
42.4544012870576     0.870077458778766     0     -10     2
42.4411541872613     0.869975728071826     0     -10     2
42.4279072625865     0.869871074763219     0     -10     2
42.4146605139445     0.869825191820658     0     -10     2
42.4014139422467     0.870071929138871     0     -10     2
42.3881675484049     0.869822484687254     0     -10     2
42.3749213333306     0.86964339918131     0     -10     2
42.3616752979356     0.869933902311869     0     -10     2
42.3484294431316     0.86985404141179     0     -10     2
42.3351837698304     0.869938520282242     0     -10     2
42.3219382789441     0.869797348466565     0     -10     2
42.3086929713844     0.869746388286373     0     -10     2
42.2954478480635     0.869817140838271     0     -10     2
42.2822029098935     0.869937042773299     0     -10     2
42.2689581577864     0.869797079142269     0     -10     2
42.2557135926547     0.869773097105761     0     -10     2
42.2424692154105     0.869701881732051     0     -10     2
42.2292250269662     0.869565495421351     0     -10     2
42.2159810282344     0.869523178921179     0     -10     2
42.2027372201273     0.869361328558647     0     -10     2
42.1894936035578     0.869208617251348     0     -10     2
42.1762501794383     0.869398616656262     0     -10     2
42.1630069486816     0.869125328013325     0     -10     2
42.1497639122005     0.868747726325545     0     -10     2
42.1365210709078     0.868839264295808     0     -10     2
42.1232784257165     0.868607017075136     0     -10     2
42.1100359775395     0.868290241723867     0     -10     2
42.09679372729     0.868055800948989     0     -10     2
42.083551675881     0.867757484490888     0     -10     2
42.0703098242257     0.867248395163015     0     -10     2
42.0570681732375     0.866299812081936     0     -10     2
42.0438267238296     0.866005582876332     0     -10     2
42.0305854769156     0.864718019620694     0     -10     2
42.0173444334088     0.863654994965913     0     -10     2
42.0041035942229     0.862436718608344     0     -10     2
41.9908629602715     0.860516228059195     0     -10     2
41.9776225324684     0.857734381831137     0     -10     2
41.9643823117272     0.854582552671408     0     -10     2
41.9511422989619     0.851664513286462     0     -10     2
41.9379024950865     0.845762402007548     0     -10     2
41.9246629010149     0.838378008123498     0     -10     2
41.9114235176612     0.829918435615855     0     -10     2
41.8981843459396     0.819511131891088     0     -10     2
41.8849453867643     0.803940028409142     0     -10     2
41.8717066410497     0.786135487255849     0     -10     2
41.8584681097102     0.771088031800077     0     -10     2
41.8452297936601     0.757747371655682     0     -10     2
41.8319916938142     0.736038309116316     0     -10     2
41.8187538110869     0.690845788604163     0     -10     2
41.8055161463931     0.607068488992379     0     -10     2
41.7922787006474     0.507187829200673     0     -10     2
41.7790414747648     0.44083840217124     0     -10     2
41.7658044696602     0.421059624429038     0     -10     2
41.7525676862486     0.437101180609566     0     -10     2
41.7393311254452     0.479760537959489     0     -10     2
41.726094788165     0.533188118427174     0     -10     2
41.7128586753234     0.567124116583399     0     -10     2
41.6996227878358     0.592965621693817     0     -10     2
41.6863871266174     0.621767483806133     0     -10     2
41.673151692584     0.650866784896032     0     -10     2
41.6599164866509     0.665086754250304     0     -10     2
41.646681509734     0.672015977694936     0     -10     2
41.6334467627489     0.684339619361344     0     -10     2
41.6202122466115     0.69988039204615     0     -10     2
41.6069779622377     0.704794433521859     0     -10     2
41.5937439105435     0.703895382374385     0     -10     2
41.580510092445     0.707992865365337     0     -10     2
41.5672765088584     0.716748247038794     0     -10     2
41.5540431606999     0.717347470321999     0     -10     2
41.5408100488858     0.712014601085847     0     -10     2
41.5275771743327     0.711118459294744     0     -10     2
41.5143445379569     0.715613692385565     0     -10     2
41.5011121406751     0.715181671436648     0     -10     2
41.487879983404     0.707256458088011     0     -10     2
41.4746480670603     0.702611750026054     0     -10     2
41.4614163925608     0.703818977497467     0     -10     2
41.4481849608227     0.700937856625404     0     -10     2
41.4349537727627     0.690939625113927     0     -10     2
41.4217228292982     0.68159134975199     0     -10     2
41.4084921313462     0.677722258668913     0     -10     2
41.395261679824     0.670044731561611     0     -10     2
41.3820314756491     0.653565626025925     0     -10     2
41.368801519739     0.63601874351401     0     -10     2
41.3555718130111     0.623295258309299     0     -10     2
41.3423423563831     0.604594438692228     0     -10     2
41.3291131507728     0.56963455250492     0     -10     2
41.315884197098     0.541038176006839     0     -10     2
41.3026554962766     0.513779769128995     0     -10     2
41.2894270492266     0.479144166099025     0     -10     2
41.2761988568661     0.437731315869702     0     -10     2
41.2629709201134     0.407396207791756     0     -10     2
41.2497432398867     0.370474667186894     0     -10     2
41.2365158171043     0.33552116346125     0     -10     2
41.2232886526848     0.311200534780382     0     -10     2
41.2100617475467     0.289820463376275     0     -10     2
41.1968351026086     0.259036135271717     0     -10     2
41.1836087187894     0.250759979459247     0     -10     2
41.1703825970079     0.252004497851692     0     -10     2
41.1571567381829     0.237732192563505     0     -10     2
41.1439311432336     0.231481531570217     0     -10     2
41.130705813079     0.249906433455378     0     -10     2
41.1174807486384     0.261220601167519     0     -10     2
41.1042559508312     0.254439657659874     0     -10     2
41.0910314205766     0.274894906325132     0     -10     2
41.0778071587943     0.302658806125358     0     -10     2
41.0645831664038     0.302978590443776     0     -10     2
41.0513594443248     0.312616080558105     0     -10     2
41.0381359934772     0.347198738524692     0     -10     2
41.0249128147808     0.359389163113637     0     -10     2
41.0116899091557     0.357675538128766     0     -10     2
40.9984672775219     0.380709820409475     0     -10     2
40.9852449207996     0.403311525844894     0     -10     2
40.9720228399091     0.399940256156352     0     -10     2
40.9588010357708     0.406682473039633     0     -10     2
40.9455795093053     0.428849004283539     0     -10     2
40.932358261433     0.434488923869804     0     -10     2
40.9191372930747     0.427573110557314     0     -10     2
40.9059166051511     0.440055302772297     0     -10     2
40.8926961985833     0.453945789489837     0     -10     2
40.8794760742921     0.448129640126018     0     -10     2
40.8662562331986     0.444271306743056     0     -10     2
40.8530366762241     0.45668146714015     0     -10     2
40.8398174042898     0.459608880016544     0     -10     2
40.8265984183172     0.447893685696938     0     -10     2
40.8133797192277     0.44714949780392     0     -10     2
40.800161307943     0.455681527455045     0     -10     2
40.7869431853848     0.447725394269547     0     -10     2
40.7737253524748     0.435173054394065     0     -10     2
40.7605078101351     0.437932455270948     0     -10     2
40.7472905592876     0.437751141650113     0     -10     2
40.7340736008544     0.422804530833908     0     -10     2
40.7208569357578     0.412993063422897     0     -10     2
40.7076405649202     0.414624942668468     0     -10     2
40.6944244892639     0.40380684601141     0     -10     2
40.6812087097115     0.386206287798415     0     -10     2
40.6679932271857     0.379550004432989     0     -10     2
40.6547780426093     0.375621006478798     0     -10     2
40.6415631569051     0.357794398093277     0     -10     2
40.628348570996     0.342448219864232     0     -10     2
40.6151342858053     0.337381726934932     0     -10     2
40.601920302256     0.325160664755475     0     -10     2
40.5887066212714     0.305000405423008     0     -10     2
40.5754932437751     0.292765476775398     0     -10     2
40.5622801706905     0.285563714935884     0     -10     2
40.5490674029412     0.273227813141344     0     -10     2
40.5358549414509     0.254972408905892     0     -10     2
40.5226427871436     0.244272892683647     0     -10     2
40.5094309409432     0.234229776459299     0     -10     2
40.4962194037737     0.221185802506387     0     -10     2
40.4830081765594     0.206331007694867     0     -10     2
40.4697972602245     0.198351979331784     0     -10     2
40.4565866556934     0.190412911153945     0     -10     2
40.4433763638906     0.178047741996409     0     -10     2
40.4301663857409     0.165613507128595     0     -10     2
40.4169567221688     0.159571680215641     0     -10     2
40.4037473740993     0.154155262323906     0     -10     2
40.3905383424574     0.142888060978506     0     -10     2
40.3773296281681     0.133605460611986     0     -10     2
40.3641212321566     0.133281633256432     0     -10     2
