40.3773296281681     0.820796550226605     0     6     -4
40.3905383424574     0.821411206411575     0     6     -4
40.4037473740993     0.821897913296557     0     6     -4
40.4169567221688     0.822505149360528     0     6     -4
40.4301663857409     0.823073171083365     0     6     -4
40.4433763638906     0.823693523076684     0     6     -4
40.4565866556934     0.82415169718896     0     6     -4
40.4697972602245     0.824671161934768     0     6     -4
40.4830081765594     0.825198623185625     0     6     -4
40.4962194037737     0.825637343059157     0     6     -4
40.5094309409432     0.826361222560347     0     6     -4
40.5226427871436     0.826770450057228     0     6     -4
40.5358549414509     0.82739752368823     0     6     -4
40.5490674029412     0.827826799182474     0     6     -4
40.5622801706905     0.828260925598665     0     6     -4
40.5754932437751     0.828821242182934     0     6     -4
40.5887066212714     0.829269846842387     0     6     -4
40.601920302256     0.829742788518424     0     6     -4
40.6151342858053     0.830097523562585     0     6     -4
40.628348570996     0.830587534636595     0     6     -4
40.6415631569051     0.830992856897086     0     6     -4
40.6547780426093     0.831388251837202     0     6     -4
40.6679932271857     0.831860979629978     0     6     -4
40.6812087097115     0.832309872436327     0     6     -4
40.6944244892639     0.832636859413797     0     6     -4
40.7076405649202     0.833087375932886     0     6     -4
40.7208569357578     0.833421536144063     0     6     -4
40.7340736008544     0.83395986258087     0     6     -4
40.7472905592876     0.834151340601301     0     6     -4
40.7605078101351     0.834568277571072     0     6     -4
40.7737253524748     0.834902245172271     0     6     -4
40.7869431853848     0.835312369476229     0     6     -4
40.800161307943     0.83566761261895     0     6     -4
40.8133797192277     0.835978927327721     0     6     -4
40.8265984183172     0.83629561276939     0     6     -4
40.8398174042898     0.836610579451553     0     6     -4
40.8530366762241     0.836939561621112     0     6     -4
40.8662562331986     0.837261431543413     0     6     -4
40.8794760742921     0.837690151572462     0     6     -4
40.8926961985833     0.837939504969535     0     6     -4
40.9059166051511     0.838316305077321     0     6     -4
40.9191372930747     0.838739776512044     0     6     -4
40.932358261433     0.838807846076513     0     6     -4
40.9455795093053     0.839198517978424     0     6     -4
40.9588010357708     0.839540336144367     0     6     -4
40.9720228399091     0.839750337930741     0     6     -4
40.9852449207996     0.840131233684241     0     6     -4
40.9984672775219     0.840519252773283     0     6     -4
41.0116899091557     0.840721437869834     0     6     -4
41.0249128147808     0.841118894229189     0     6     -4
41.0381359934772     0.841424382700167     0     6     -4
41.0513594443248     0.841628638803599     0     6     -4
41.0645831664038     0.841941839101313     0     6     -4
41.0778071587943     0.842249374072408     0     6     -4
41.0910314205766     0.842586637637631     0     6     -4
41.1042559508312     0.842857358461672     0     6     -4
41.1174807486384     0.843073385224583     0     6     -4
41.130705813079     0.843412086780254     0     6     -4
41.1439311432336     0.843624141740263     0     6     -4
41.1571567381829     0.843973981118143     0     6     -4
41.1703825970079     0.844291336779769     0     6     -4
41.1836087187894     0.844709264808355     0     6     -4
41.1968351026086     0.844853928816518     0     6     -4
41.2100617475467     0.845152041588478     0     6     -4
41.2232886526848     0.845442514531183     0     6     -4
41.2365158171043     0.84566463554275     0     6     -4
41.2497432398867     0.845989838123315     0     6     -4
41.2629709201134     0.846196890608365     0     6     -4
41.2761988568661     0.846563404737919     0     6     -4
41.2894270492266     0.846759014690721     0     6     -4
41.3026554962766     0.847021125318725     0     6     -4
41.315884197098     0.847296968712499     0     6     -4
41.3291131507728     0.847496721010312     0     6     -4
41.3423423563831     0.847856366630258     0     6     -4
41.3555718130111     0.848000343561401     0     6     -4
41.368801519739     0.848325319037938     0     6     -4
41.3820314756491     0.848615930006936     0     6     -4
41.395261679824     0.848817622795266     0     6     -4
41.4084921313462     0.849010812156096     0     6     -4
41.4217228292982     0.849381196035087     0     6     -4
41.4349537727627     0.849439729131649     0     6     -4
41.4481849608227     0.849820068166741     0     6     -4
41.4614163925608     0.85008879271269     0     6     -4
41.4746480670603     0.850320299679391     0     6     -4
41.487879983404     0.850368415876715     0     6     -4
41.5011121406751     0.850540241479295     0     6     -4
41.5143445379569     0.850721695123301     0     6     -4
41.5275771743327     0.850902805071932     0     6     -4
41.5408100488858     0.851110432589978     0     6     -4
41.5540431606999     0.851256964976383     0     6     -4
41.5672765088584     0.851464378238808     0     6     -4
41.580510092445     0.851485684720946     0     6     -4
41.5937439105435     0.851764355876901     0     6     -4
41.6069779622377     0.851935767849733     0     6     -4
41.6202122466115     0.852201859920815     0     6     -4
41.6334467627489     0.852142373679025     0     6     -4
41.646681509734     0.852474200537346     0     6     -4
41.6599164866509     0.852388886627842     0     6     -4
41.673151692584     0.852504416541939     0     6     -4
41.6863871266174     0.852622533708157     0     6     -4
41.6996227878358     0.852716837389528     0     6     -4
41.7128586753234     0.852754099467721     0     6     -4
41.726094788165     0.852857095556507     0     6     -4
41.7393311254452     0.852961965143865     0     6     -4
41.7525676862486     0.852879808500643     0     6     -4
41.7658044696602     0.852926789081128     0     6     -4
41.7790414747648     0.853079549835986     0     6     -4
41.7922787006474     0.85309552081302     0     6     -4
41.8055161463931     0.852997109978812     0     6     -4
41.8187538110869     0.853015186615062     0     6     -4
41.8319916938142     0.852960076586384     0     6     -4
41.8452297936601     0.85301550903205     0     6     -4
41.8584681097102     0.852824746310076     0     6     -4
41.8717066410497     0.852811456066586     0     6     -4
41.8849453867643     0.852680593365826     0     6     -4
41.8981843459396     0.852645365526129     0     6     -4
41.9114235176612     0.852499628863713     0     6     -4
41.9246629010149     0.852352130363386     0     6     -4
41.9379024950865     0.852182249567152     0     6     -4
41.9511422989619     0.85196038222577     0     6     -4
41.9643823117272     0.851829973782998     0     6     -4
41.9776225324684     0.851593841748983     0     6     -4
41.9908629602715     0.85122184649564     0     6     -4
42.0041035942229     0.850980512430249     0     6     -4
42.0173444334088     0.85064147788872     0     6     -4
42.0305854769156     0.850404694695572     0     6     -4
42.0438267238296     0.84991476153774     0     6     -4
42.0570681732375     0.84941289310369     0     6     -4
42.0703098242257     0.84904182169134     0     6     -4
42.083551675881     0.848452321184129     0     6     -4
42.09679372729     0.847817784274984     0     6     -4
42.1100359775395     0.847284770108893     0     6     -4
42.1232784257165     0.846607766405851     0     6     -4
42.1365210709078     0.845643468710464     0     6     -4
42.1497639122005     0.845014876328003     0     6     -4
42.1630069486816     0.844073183935095     0     6     -4
42.1762501794383     0.843048104885157     0     6     -4
42.1894936035578     0.84205508321747     0     6     -4
42.2027372201273     0.840718457839039     0     6     -4
42.2159810282344     0.839405685748938     0     6     -4
42.2292250269662     0.837931019419947     0     6     -4
42.2424692154105     0.836180112035507     0     6     -4
42.2557135926547     0.834370275486266     0     6     -4
42.2689581577864     0.832298791705994     0     6     -4
42.2822029098935     0.830007987200928     0     6     -4
42.2954478480635     0.827635580059899     0     6     -4
42.3086929713844     0.82454161796609     0     6     -4
42.3219382789441     0.821327800027261     0     6     -4
42.3351837698304     0.817645009240794     0     6     -4
42.3484294431316     0.813487253853233     0     6     -4
42.3616752979356     0.808734545430504     0     6     -4
42.3749213333306     0.803373321601315     0     6     -4
42.3881675484049     0.797595246619564     0     6     -4
42.4014139422467     0.790308432526748     0     6     -4
42.4146605139445     0.781818295518694     0     6     -4
42.4279072625865     0.77184739602646     0     6     -4
42.4411541872613     0.760026257231982     0     6     -4
42.4544012870576     0.746597676125388     0     6     -4
42.4676485610637     0.73091615320816     0     6     -4
42.4808960083686     0.712450148029159     0     6     -4
42.4941436280607     0.689866642485774     0     6     -4
42.5073914192291     0.661750968158241     0     6     -4
42.5206393809625     0.6288235971673     0     6     -4
42.5338875123499     0.588973878175498     0     6     -4
42.5471358124802     0.542225735962117     0     6     -4
42.5603842804426     0.488808302361291     0     6     -4
42.573632915326     0.425629023480721     0     6     -4
42.5868817162196     0.359185900638474     0     6     -4
42.6001306822128     0.294358072356713     0     6     -4
42.6133798123947     0.241761545066341     0     6     -4
42.6266291058547     0.212477708604225     0     6     -4
42.6398785616822     0.213384812779659     0     6     -4
42.6531281789667     0.24821089492981     0     6     -4
42.6663779567977     0.305837879244852     0     6     -4
42.6796278942648     0.376985041418144     0     6     -4
42.6928779904575     0.449430997800151     0     6     -4
42.7061282444657     0.514968042850388     0     6     -4
42.719378655379     0.573426884717157     0     6     -4
42.7326292222872     0.622354075721597     0     6     -4
42.7458799442802     0.662127575754273     0     6     -4
42.759130820448     0.694393984752303     0     6     -4
42.7723818498804     0.721208927038646     0     6     -4
42.7856330316676     0.742077644266271     0     6     -4
42.7988843648995     0.759616521727023     0     6     -4
42.8121358486664     0.774412270118433     0     6     -4
42.8253874820585     0.786948596809106     0     6     -4
42.8386392641659     0.797546980666028     0     6     -4
42.8518911940789     0.806633589760425     0     6     -4
42.865143270888     0.81458961867444     0     6     -4
42.8783954936836     0.821511789110415     0     6     -4
42.891647861556     0.827301139273688     0     6     -4
42.9049003735958     0.832298768227308     0     6     -4
42.9181530288935     0.836517372631624     0     6     -4
42.9314058265398     0.840566510406346     0     6     -4
42.9446587656254     0.843940843826168     0     6     -4
42.9579118452409     0.846930530108217     0     6     -4
42.9711650644771     0.849493728177038     0     6     -4
42.9844184224248     0.851787191132787     0     6     -4
42.9976719181749     0.853752028572043     0     6     -4
43.0109255508184     0.855669022552683     0     6     -4
43.0241793194461     0.857330593740972     0     6     -4
43.0374332231491     0.858646989359157     0     6     -4
43.0506872610184     0.860055501789094     0     6     -4
43.0639414321452     0.86122005517673     0     6     -4
43.0771957356206     0.862181856406844     0     6     -4
43.0904501705359     0.863120833735696     0     6     -4
43.1037047359822     0.863969805754183     0     6     -4
43.1169594310509     0.86464809270465     0     6     -4
43.1302142548334     0.865512556421641     0     6     -4
43.1434692064209     0.86620782472519     0     6     -4
43.1567242849051     0.866780305457058     0     6     -4
43.1699794893773     0.867401877737156     0     6     -4
43.183234818929     0.867720127004646     0     6     -4
43.1964902726519     0.868369612825317     0     6     -4
43.2097458496376     0.868754609335487     0     6     -4
43.2230015489777     0.869220942348909     0     6     -4
43.236257369764     0.869586592841972     0     6     -4
43.2495133110882     0.869856814856894     0     6     -4
43.2627693720421     0.870193343212749     0     6     -4
43.2760255517175     0.870413894944401     0     6     -4
43.2892818492064     0.870660494052273     0     6     -4
43.3025382636006     0.870975814365999     0     6     -4
43.3157947939921     0.871338451340036     0     6     -4
43.3290514394729     0.871415527298236     0     6     -4
43.3423081991352     0.871752498567337     0     6     -4
43.3555650720708     0.871943149550695     0     6     -4
43.3688220573721     0.872063781404396     0     6     -4
43.3820791541312     0.872327740674757     0     6     -4
43.3953363614402     0.87236216355298     0     6     -4
43.4085936783915     0.87262528772914     0     6     -4
43.4218511040773     0.872740112498463     0     6     -4
43.43510863759     0.872775308767009     0     6     -4
43.4483662780219     0.873046963742151     0     6     -4
43.4616240244654     0.873022320903939     0     6     -4
43.4748818760131     0.873127752123524     0     6     -4
43.4881398317573     0.873271854519968     0     6     -4
43.5013978907905     0.873291123351179     0     6     -4
43.5146560522055     0.873497027974489     0     6     -4
43.5279143150947     0.873487896921053     0     6     -4
43.5411726785508     0.873561682166974     0     6     -4
43.5544311416664     0.873602747207835     0     6     -4
43.5676897035343     0.873643026864619     0     6     -4
43.5809483632472     0.87370028290591     0     6     -4
43.5942071198979     0.873748528417998     0     6     -4
43.6074659725792     0.87387198820469     0     6     -4
43.6207249203839     0.873840864358911     0     6     -4
43.6339839624049     0.874035580403784     0     6     -4
43.6472430977351     0.873886274116425     0     6     -4
43.6605023254675     0.874025257447893     0     6     -4
43.6737616446951     0.874083524883948     0     6     -4
43.6870210545109     0.874165900966179     0     6     -4
43.7002805540078     0.874253227125706     0     6     -4
43.7135401422791     0.874178113971604     0     6     -4
43.7267998184177     0.8742255478297     0     6     -4
43.7400595815169     0.874388458406846     0     6     -4
43.7533194306699     0.874326922871446     0     6     -4
43.7665793649697     0.874433636730353     0     6     -4
43.7798393835097     0.874364739706004     0     6     -4
43.7930994853832     0.874434121005027     0     6     -4
43.8063596696833     0.874518165394718     0     6     -4
43.8196199355036     0.874470839605577     0     6     -4
43.8328802819372     0.874633640679086     0     6     -4
43.8461407080776     0.874625190697966     0     6     -4
43.8594012130182     0.874609267248398     0     6     -4
43.8726617958525     0.874663394498381     0     6     -4
43.8859224556739     0.874643472683374     0     6     -4
43.8991831915758     0.874679250148839     0     6     -4
43.912444002652     0.874645940003163     0     6     -4
43.9257048879957     0.874859013898293     0     6     -4
43.9389658467008     0.87469976085291     0     6     -4
43.9522268778607     0.874856627675872     0     6     -4
43.9654879805692     0.874763951031058     0     6     -4
43.9787491539198     0.874858859658169     0     6     -4
43.9920103970062     0.874860636749755     0     6     -4
44.0052717089222     0.874830880261897     0     6     -4
44.0185330887614     0.874918199623707     0     6     -4
44.0317945356177     0.874879263488367     0     6     -4
44.0450560485848     0.87489492330665     0     6     -4
44.0583176267565     0.874878802236676     0     6     -4
44.0715792692266     0.875010976823613     0     6     -4
44.0848409750891     0.874912113840977     0     6     -4
44.0981027434377     0.874972140580733     0     6     -4
44.1113645733664     0.874987482892807     0     6     -4
44.1246264639691     0.874992397110781     0     6     -4
44.1378884143397     0.874968485520093     0     6     -4
44.1511504235722     0.875038854149414     0     6     -4
44.1644124907606     0.874968697873799     0     6     -4
44.1776746149988     0.875161293341357     0     6     -4
44.190936795381     0.875052470555701     0     6     -4
44.2041990310011     0.875155601686906     0     6     -4
44.2174613209532     0.875098323143739     0     6     -4
44.2307236643314     0.875286791651276     0     6     -4
44.2439860602298     0.875143198886572     0     6     -4
44.2572485077426     0.875289981735084     0     6     -4
44.2705110059638     0.87524500430343     0     6     -4
44.2837735539876     0.875280990592893     0     6     -4
44.2970361509082     0.875272743948362     0     6     -4
44.3102987958199     0.875377811054963     0     6     -4
44.3235614878167     0.875264985436768     0     6     -4
44.336824225993     0.875406762036772     0     6     -4
44.3500870094429     0.875369407628337     0     6     -4
44.3633498372608     0.875466260754046     0     6     -4
44.376612708541     0.875398837149083     0     6     -4
44.3898756223776     0.875495925904697     0     6     -4
44.4031385778651     0.87536970875271     0     6     -4
44.4164015740977     0.875523323661767     0     6     -4
44.4296646101698     0.875401853949267     0     6     -4
44.4429276851758     0.875563188834771     0     6     -4
44.45619079821     0.87538061885468     0     6     -4
44.4694539483668     0.875586099941892     0     6     -4
44.4827171347406     0.875531967318599     0     6     -4
44.4959803564257     0.875571518104741     0     6     -4
44.5092436125167     0.875530301585468     0     6     -4
44.522506902108     0.87554113224394     0     6     -4
44.5357702242939     0.875521049719077     0     6     -4
44.549033578169     0.875575660371202     0     6     -4
44.5622969628277     0.87539026512404     0     6     -4
44.5755603773645     0.875489949518084     0     6     -4
44.5888238208739     0.875461710835637     0     6     -4
44.6020872924504     0.875477524043756     0     6     -4
44.6153507911885     0.875497036765065     0     6     -4
44.6286143161827     0.875628339070476     0     6     -4
44.6418778665275     0.875534990598113     0     6     -4
44.6551414413176     0.87546095193787     0     6     -4
44.6684050396474     0.875573962622524     0     6     -4
44.6816686606115     0.875473365716822     0     6     -4
44.6949323033044     0.875370340702661     0     6     -4
44.7081959668207     0.875489373088265     0     6     -4
44.7214596502551     0.875527117667548     0     6     -4
44.7347233527021     0.875498701017459     0     6     -4
44.7479870732562     0.875451675554435     0     6     -4
44.7612508110122     0.875378030450915     0     6     -4
44.7745145650645     0.875523216852282     0     6     -4
44.7877783345079     0.875335016026988     0     6     -4
44.8010421184369     0.875456767926678     0     6     -4
44.8143059159461     0.87537348076848     0     6     -4
44.8275697261302     0.875384695729502     0     6     -4
44.8408335480838     0.875464917037538     0     6     -4
44.8540973809016     0.875381061462291     0     6     -4
44.8673612236781     0.875376773985022     0     6     -4
44.8806250755081     0.875328967164716     0     6     -4
44.8938889354862     0.875244767530548     0     6     -4
44.9071528027069     0.87537152025287     0     6     -4
44.9204166762651     0.875324303550437     0     6     -4
44.9336805552553     0.875363451391714     0     6     -4
44.9469444387722     0.875329714382568     0     6     -4
44.9602083259105     0.875206813247838     0     6     -4
44.9734722157648     0.875345068996253     0     6     -4
44.9867361074297     0.875273766383934     0     6     -4
45     0.875303441721058     0     6     -4
