44.9867361074297     0.865331959435918     0     4     0
44.9734722157648     0.865360567330893     0     4     0
44.9602083259105     0.865452575211091     0     4     0
44.9469444387722     0.865248443212855     0     4     0
44.9336805552553     0.86536448518588     0     4     0
44.9204166762651     0.865203708965495     0     4     0
44.9071528027069     0.865182672464444     0     4     0
44.8938889354862     0.865353845634198     0     4     0
44.8806250755081     0.865184050049904     0     4     0
44.8673612236781     0.865456046567989     0     4     0
44.8540973809016     0.865251008042066     0     4     0
44.8408335480838     0.86515520540473     0     4     0
44.8275697261302     0.865412205241588     0     4     0
44.8143059159461     0.865392573480797     0     4     0
44.8010421184369     0.865506849049772     0     4     0
44.7877783345079     0.865514724003228     0     4     0
44.7745145650645     0.865573084709796     0     4     0
44.7612508110122     0.865656470580904     0     4     0
44.7479870732562     0.865300873012071     0     4     0
44.7347233527021     0.865602133816983     0     4     0
44.7214596502551     0.865515673656515     0     4     0
44.7081959668207     0.865370602148474     0     4     0
44.6949323033044     0.865648137282756     0     4     0
44.6816686606115     0.865744207545438     0     4     0
44.6684050396474     0.865533927319946     0     4     0
44.6551414413176     0.865566540407152     0     4     0
44.6418778665275     0.865587855937972     0     4     0
44.6286143161827     0.865749605354181     0     4     0
44.6153507911885     0.865420341516346     0     4     0
44.6020872924504     0.865631628598929     0     4     0
44.5888238208739     0.865584944285048     0     4     0
44.5755603773645     0.865647695096384     0     4     0
44.5622969628277     0.8655364714783     0     4     0
44.549033578169     0.865594889011429     0     4     0
44.5357702242939     0.865436423563248     0     4     0
44.522506902108     0.865520557551032     0     4     0
44.5092436125167     0.8655605710599     0     4     0
44.4959803564257     0.865245978025825     0     4     0
44.4827171347406     0.865520883271339     0     4     0
44.4694539483668     0.865456967733913     0     4     0
44.45619079821     0.865446231692937     0     4     0
44.4429276851758     0.865370066538113     0     4     0
44.4296646101698     0.865479194699802     0     4     0
44.4164015740977     0.865341639805664     0     4     0
44.4031385778651     0.865488832107884     0     4     0
44.3898756223776     0.865182582665214     0     4     0
44.376612708541     0.865441977964847     0     4     0
44.3633498372608     0.865264324847447     0     4     0
44.3500870094429     0.865418495639668     0     4     0
44.336824225993     0.865463790197824     0     4     0
44.3235614878167     0.865253777325046     0     4     0
44.3102987958199     0.865365854565267     0     4     0
44.2970361509082     0.866028442710658     0     4     0
44.2837735539876     0.865944554573974     0     4     0
44.2705110059638     0.866173532411035     0     4     0
44.2572485077426     0.866062208253579     0     4     0
44.2439860602298     0.86611510047883     0     4     0
44.2307236643314     0.866074921331557     0     4     0
44.2174613209532     0.865731215908014     0     4     0
44.2041990310011     0.865908774060547     0     4     0
44.190936795381     0.866019766020798     0     4     0
44.1776746149988     0.865896737993359     0     4     0
44.1644124907606     0.86604452597104     0     4     0
44.1511504235722     0.865875377900784     0     4     0
44.1378884143397     0.865898465394674     0     4     0
44.1246264639691     0.865922092290258     0     4     0
44.1113645733664     0.86573073733035     0     4     0
44.0981027434377     0.865934930844215     0     4     0
44.0848409750891     0.866010484929504     0     4     0
44.0715792692266     0.865921890950605     0     4     0
44.0583176267565     0.866054288251008     0     4     0
44.0450560485848     0.865723834752361     0     4     0
44.0317945356177     0.865874053326129     0     4     0
44.0185330887614     0.865829105265971     0     4     0
44.0052717089222     0.865867152122828     0     4     0
43.9920103970062     0.865958461662803     0     4     0
43.9787491539198     0.865703418578369     0     4     0
43.9654879805692     0.865891568456532     0     4     0
43.9522268778607     0.865839277792544     0     4     0
43.9389658467008     0.865563434462238     0     4     0
43.9257048879957     0.865644107027642     0     4     0
43.912444002652     0.86599187222495     0     4     0
43.8991831915758     0.865789367844007     0     4     0
43.8859224556739     0.865932978337965     0     4     0
43.8726617958525     0.865861970240721     0     4     0
43.8594012130182     0.865855939694127     0     4     0
43.8461407080776     0.865848686698675     0     4     0
43.8328802819372     0.865802156582319     0     4     0
43.8196199355036     0.865461423040784     0     4     0
43.8063596696833     0.865647221620163     0     4     0
43.7930994853832     0.865678816980154     0     4     0
43.7798393835097     0.865294949929968     0     4     0
43.7665793649697     0.865552198770033     0     4     0
43.7533194306699     0.865611408687417     0     4     0
43.7400595815169     0.865481168695173     0     4     0
43.7267998184177     0.865462784970941     0     4     0
43.7135401422791     0.865254882008539     0     4     0
43.7002805540078     0.865370121459539     0     4     0
43.6870210545109     0.865226778531913     0     4     0
43.6737616446951     0.865285325786635     0     4     0
43.6605023254675     0.865177974553368     0     4     0
43.6472430977351     0.86517021000522     0     4     0
43.6339839624049     0.864830686712036     0     4     0
43.6207249203839     0.864828859330681     0     4     0
43.6074659725792     0.864923169509389     0     4     0
43.5942071198979     0.865033404631902     0     4     0
43.5809483632472     0.864881946766051     0     4     0
43.5676897035343     0.864691568350383     0     4     0
43.5544311416664     0.86478768480697     0     4     0
43.5411726785508     0.864707630718529     0     4     0
43.5279143150947     0.864489892118077     0     4     0
43.5146560522055     0.864311964036276     0     4     0
43.5013978907905     0.864248603828974     0     4     0
43.4881398317573     0.864340815695424     0     4     0
43.4748818760131     0.864069978187678     0     4     0
43.4616240244654     0.864021052048596     0     4     0
43.4483662780219     0.863888334615197     0     4     0
43.43510863759     0.863782131901645     0     4     0
43.4218511040773     0.863550335115482     0     4     0
43.4085936783915     0.863485454921835     0     4     0
43.3953363614402     0.863267874135627     0     4     0
43.3820791541312     0.86304944178172     0     4     0
43.3688220573721     0.862946629314618     0     4     0
43.3555650720708     0.862763528406482     0     4     0
43.3423081991352     0.862376526259533     0     4     0
43.3290514394729     0.862035915773309     0     4     0
43.3157947939921     0.861909922596337     0     4     0
43.3025382636006     0.861478529587102     0     4     0
43.2892818492064     0.861602394536516     0     4     0
43.2760255517175     0.860984145151392     0     4     0
43.2627693720421     0.860777662225973     0     4     0
43.2495133110882     0.860298560347766     0     4     0
43.236257369764     0.860021344079756     0     4     0
43.2230015489777     0.859450910704107     0     4     0
43.2097458496376     0.859078620960285     0     4     0
43.1964902726519     0.858605376114324     0     4     0
43.183234818929     0.857993654926691     0     4     0
43.1699794893773     0.857362067789447     0     4     0
43.1567242849051     0.856682526503631     0     4     0
43.1434692064209     0.856151930504277     0     4     0
43.1302142548334     0.855317922199586     0     4     0
43.1169594310509     0.854644708149813     0     4     0
43.1037047359822     0.853686725853078     0     4     0
43.0904501705359     0.852793324489142     0     4     0
43.0771957356206     0.851450870084702     0     4     0
43.0639414321452     0.850393733790177     0     4     0
43.0506872610184     0.849167215438893     0     4     0
43.0374332231491     0.847940145382281     0     4     0
43.0241793194461     0.846356547530167     0     4     0
43.0109255508184     0.84462954004815     0     4     0
42.9976719181749     0.842679740111196     0     4     0
42.9844184224248     0.840545965728892     0     4     0
42.9711650644771     0.838163798514937     0     4     0
42.9579118452409     0.835081673510692     0     4     0
42.9446587656254     0.832185222641731     0     4     0
42.9314058265398     0.829052094875334     0     4     0
42.9181530288935     0.825192216330135     0     4     0
42.9049003735958     0.820803087418298     0     4     0
42.891647861556     0.816042164773757     0     4     0
42.8783954936836     0.811005539352004     0     4     0
42.865143270888     0.804746915310551     0     4     0
42.8518911940789     0.797609200170438     0     4     0
42.8386392641659     0.788889146008218     0     4     0
42.8253874820585     0.779807648898969     0     4     0
42.8121358486664     0.767713098051776     0     4     0
42.7988843648995     0.754830679009642     0     4     0
42.7856330316676     0.738204680020149     0     4     0
42.7723818498804     0.720019783396792     0     4     0
42.759130820448     0.695857109901074     0     4     0
42.7458799442802     0.66911698901604     0     4     0
42.7326292222872     0.632499610470631     0     4     0
42.719378655379     0.595629511574995     0     4     0
42.7061282444657     0.541276724965554     0     4     0
42.6928779904575     0.48701716666596     0     4     0
42.6796278942648     0.418778472814444     0     4     0
42.6663779567977     0.351677735483894     0     4     0
42.6531281789667     0.273117327162297     0     4     0
42.6398785616822     0.213027740325622     0     4     0
42.6266291058547     0.166518315884671     0     4     0
42.6133798123947     0.149023140432703     0     4     0
42.6001306822128     0.160168961409421     0     4     0
42.5868817162196     0.196984302098894     0     4     0
42.573632915326     0.252577186700108     0     4     0
42.5603842804426     0.316555969138177     0     4     0
42.5471358124802     0.380753908103453     0     4     0
42.5338875123499     0.439333433609145     0     4     0
42.5206393809625     0.494805156272584     0     4     0
42.5073914192291     0.542500030429685     0     4     0
42.4941436280607     0.583844234596424     0     4     0
42.4808960083686     0.618358483232383     0     4     0
42.4676485610637     0.647909911853226     0     4     0
42.4544012870576     0.672073713215019     0     4     0
42.4411541872613     0.694228456564678     0     4     0
42.4279072625865     0.712111745516171     0     4     0
42.4146605139445     0.727351320001679     0     4     0
42.4014139422467     0.742037234721743     0     4     0
42.3881675484049     0.753717683613956     0     4     0
42.3749213333306     0.763112597877987     0     4     0
42.3616752979356     0.77200741449734     0     4     0
42.3484294431316     0.779956655711985     0     4     0
42.3351837698304     0.786793462772632     0     4     0
42.3219382789441     0.7924377251674     0     4     0
42.3086929713844     0.797657809512567     0     4     0
42.2954478480635     0.802240876087806     0     4     0
42.2822029098935     0.806183022075647     0     4     0
42.2689581577864     0.809799843638464     0     4     0
42.2557135926547     0.812940855882389     0     4     0
42.2424692154105     0.81585496622229     0     4     0
42.2292250269662     0.818526103426474     0     4     0
42.2159810282344     0.820796410671708     0     4     0
42.2027372201273     0.823011212955545     0     4     0
42.1894936035578     0.825146418305746     0     4     0
42.1762501794383     0.826908271312937     0     4     0
42.1630069486816     0.828439548258483     0     4     0
42.1497639122005     0.829914340485795     0     4     0
42.1365210709078     0.831420118652447     0     4     0
42.1232784257165     0.832663400516018     0     4     0
42.1100359775395     0.833782473937664     0     4     0
42.09679372729     0.834935622389848     0     4     0
42.083551675881     0.835721854601126     0     4     0
42.0703098242257     0.836802252216731     0     4     0
42.0570681732375     0.83769943877846     0     4     0
42.0438267238296     0.838585592592505     0     4     0
42.0305854769156     0.83936252772143     0     4     0
42.0173444334088     0.839876563648872     0     4     0
42.0041035942229     0.840582281075551     0     4     0
41.9908629602715     0.8411660242211     0     4     0
41.9776225324684     0.841751686265265     0     4     0
41.9643823117272     0.842427868044973     0     4     0
41.9511422989619     0.842596294714446     0     4     0
41.9379024950865     0.843268857371817     0     4     0
41.9246629010149     0.843557733051029     0     4     0
41.9114235176612     0.84417491150265     0     4     0
41.8981843459396     0.844533876990611     0     4     0
41.8849453867643     0.844638443591618     0     4     0
41.8717066410497     0.84530428363481     0     4     0
41.8584681097102     0.845659583527368     0     4     0
41.8452297936601     0.845888072188624     0     4     0
41.8319916938142     0.846180665653227     0     4     0
41.8187538110869     0.846494546690669     0     4     0
41.8055161463931     0.846740597575821     0     4     0
41.7922787006474     0.846668859310554     0     4     0
41.7790414747648     0.847244761659445     0     4     0
41.7658044696602     0.847494801113044     0     4     0
41.7525676862486     0.847584147361968     0     4     0
41.7393311254452     0.847900655177097     0     4     0
41.726094788165     0.848045563959536     0     4     0
41.7128586753234     0.848230958954386     0     4     0
41.6996227878358     0.848435540736453     0     4     0
41.6863871266174     0.8486151271226     0     4     0
41.673151692584     0.848531504465483     0     4     0
41.6599164866509     0.848920945635975     0     4     0
41.646681509734     0.848977697678311     0     4     0
41.6334467627489     0.849023846853682     0     4     0
41.6202122466115     0.849152249745543     0     4     0
41.6069779622377     0.849483021260868     0     4     0
41.5937439105435     0.849472831063839     0     4     0
41.580510092445     0.849566891356635     0     4     0
41.5672765088584     0.849517492386317     0     4     0
41.5540431606999     0.849636161166279     0     4     0
41.5408100488858     0.849752696558148     0     4     0
41.5275771743327     0.849803623950228     0     4     0
41.5143445379569     0.849831386826563     0     4     0
41.5011121406751     0.849815523290746     0     4     0
41.487879983404     0.84968164635193     0     4     0
41.4746480670603     0.850122603365666     0     4     0
41.4614163925608     0.850213709054044     0     4     0
41.4481849608227     0.850329285436618     0     4     0
41.4349537727627     0.850069022472192     0     4     0
41.4217228292982     0.850412794744929     0     4     0
41.4084921313462     0.850413828372291     0     4     0
41.395261679824     0.850448956695319     0     4     0
41.3820314756491     0.850364682784006     0     4     0
41.368801519739     0.850235203843866     0     4     0
41.3555718130111     0.85030393401299     0     4     0
41.3423423563831     0.850537847260253     0     4     0
41.3291131507728     0.850411331771524     0     4     0
41.315884197098     0.850501571397363     0     4     0
41.3026554962766     0.850457069916395     0     4     0
41.2894270492266     0.850364653609192     0     4     0
41.2761988568661     0.850363684435369     0     4     0
41.2629709201134     0.850454875057649     0     4     0
41.2497432398867     0.850266153941527     0     4     0
41.2365158171043     0.85013441439928     0     4     0
41.2232886526848     0.850280144817315     0     4     0
41.2100617475467     0.850159868460789     0     4     0
41.1968351026086     0.849843381095437     0     4     0
41.1836087187894     0.850041744273914     0     4     0
41.1703825970079     0.849531424037224     0     4     0
41.1571567381829     0.849665516141859     0     4     0
41.1439311432336     0.849862017576457     0     4     0
41.130705813079     0.849508875555827     0     4     0
41.1174807486384     0.849531450808769     0     4     0
41.1042559508312     0.849489460713492     0     4     0
41.0910314205766     0.849784910875736     0     4     0
41.0778071587943     0.849873964950892     0     4     0
41.0645831664038     0.848771843904924     0     4     0
41.0513594443248     0.848806525538995     0     4     0
41.0381359934772     0.848531161467096     0     4     0
41.0249128147808     0.848179940961699     0     4     0
41.0116899091557     0.848428646872061     0     4     0
40.9984672775219     0.848873485000568     0     4     0
40.9852449207996     0.848583858445165     0     4     0
40.9720228399091     0.848391587062703     0     4     0
40.9588010357708     0.848242279190166     0     4     0
40.9455795093053     0.848072456654818     0     4     0
40.932358261433     0.847793424906555     0     4     0
40.9191372930747     0.848014933554616     0     4     0
40.9059166051511     0.847714066624644     0     4     0
40.8926961985833     0.847377793769989     0     4     0
40.8794760742921     0.847236177637721     0     4     0
40.8662562331986     0.847003251961078     0     4     0
40.8530366762241     0.846726657233388     0     4     0
40.8398174042898     0.846602969857612     0     4     0
40.8265984183172     0.84652150751337     0     4     0
40.8133797192277     0.846064685110394     0     4     0
40.800161307943     0.845610450248439     0     4     0
40.7869431853848     0.845483550877418     0     4     0
40.7737253524748     0.845211183982743     0     4     0
40.7605078101351     0.84494739207978     0     4     0
40.7472905592876     0.844673172095265     0     4     0
40.7340736008544     0.844201414544598     0     4     0
40.7208569357578     0.844185940418241     0     4     0
40.7076405649202     0.843545010291468     0     4     0
40.6944244892639     0.843641190023687     0     4     0
40.6812087097115     0.843360054096271     0     4     0
40.6679932271857     0.842761167068417     0     4     0
40.6547780426093     0.842815258831174     0     4     0
40.6415631569051     0.841935474212552     0     4     0
40.628348570996     0.841452654162736     0     4     0
40.6151342858053     0.841420185477544     0     4     0
40.601920302256     0.840984899482959     0     4     0
40.5887066212714     0.840738356216847     0     4     0
40.5754932437751     0.840520022862045     0     4     0
40.5622801706905     0.840093278173471     0     4     0
40.5490674029412     0.839791743102892     0     4     0
40.5358549414509     0.839279575144113     0     4     0
40.5226427871436     0.838968617001093     0     4     0
40.5094309409432     0.838720584531377     0     4     0
40.4962194037737     0.838265536957753     0     4     0
40.4830081765594     0.838148418339837     0     4     0
40.4697972602245     0.837585022594005     0     4     0
40.4565866556934     0.837126116362323     0     4     0
40.4433763638906     0.836812685381068     0     4     0
40.4301663857409     0.83631006905351     0     4     0
40.4169567221688     0.836021123443917     0     4     0
40.4037473740993     0.835738032340683     0     4     0
40.3905383424574     0.835221877340493     0     4     0
40.3773296281681     0.834712642543511     0     4     0
40.3641212321566     0.834316983636186     0     4     0
