40.3773296281681     0.12217005611103     0     -6     4
40.3905383424574     0.128598170395214     0     -6     4
40.4037473740993     0.129167599785263     0     -6     4
40.4169567221688     0.123860083107866     0     -6     4
40.4301663857409     0.123171817033664     0     -6     4
40.4433763638906     0.13040215723432     0     -6     4
40.4565866556934     0.134225117961619     0     -6     4
40.4697972602245     0.130308999068272     0     -6     4
40.4830081765594     0.126552498086955     0     -6     4
40.4962194037737     0.131886114268108     0     -6     4
40.5094309409432     0.138373161454073     0     -6     4
40.5226427871436     0.135975055617945     0     -6     4
40.5358549414509     0.130854007157049     0     -6     4
40.5490674029412     0.134512375727706     0     -6     4
40.5622801706905     0.142049162949599     0     -6     4
40.5754932437751     0.140254888808716     0     -6     4
40.5887066212714     0.134625672133253     0     -6     4
40.601920302256     0.137414888396203     0     -6     4
40.6151342858053     0.14533415238553     0     -6     4
40.628348570996     0.143882819140556     0     -6     4
40.6415631569051     0.1378613853797     0     -6     4
40.6547780426093     0.141713684881155     0     -6     4
40.6679932271857     0.149152856493085     0     -6     4
40.6812087097115     0.145530020395499     0     -6     4
40.6944244892639     0.140707966605833     0     -6     4
40.7076405649202     0.146902786849072     0     -6     4
40.7208569357578     0.15217768345189     0     -6     4
40.7340736008544     0.146138629313684     0     -6     4
40.7472905592876     0.143512887233869     0     -6     4
40.7605078101351     0.151387342880689     0     -6     4
40.7737253524748     0.151923294546111     0     -6     4
40.7869431853848     0.144503383281548     0     -6     4
40.800161307943     0.14692595446744     0     -6     4
40.8133797192277     0.153833794997608     0     -6     4
40.8265984183172     0.149111237521175     0     -6     4
40.8398174042898     0.143756896536105     0     -6     4
40.8530366762241     0.15075935071546     0     -6     4
40.8662562331986     0.152221704894644     0     -6     4
40.8794760742921     0.144600578929292     0     -6     4
40.8926961985833     0.144863763411722     0     -6     4
40.9059166051511     0.15129958273566     0     -6     4
40.9191372930747     0.147598357609657     0     -6     4
40.932358261433     0.140282953611195     0     -6     4
40.9455795093053     0.144568093328052     0     -6     4
40.9588010357708     0.147354712276051     0     -6     4
40.9720228399091     0.139971531952595     0     -6     4
40.9852449207996     0.136591735229386     0     -6     4
40.9984672775219     0.142033548010721     0     -6     4
41.0116899091557     0.139928003692255     0     -6     4
41.0249128147808     0.131516469264763     0     -6     4
41.0381359934772     0.132123981427131     0     -6     4
41.0513594443248     0.135196349845779     0     -6     4
41.0645831664038     0.129404967658265     0     -6     4
41.0778071587943     0.122951774787288     0     -6     4
41.0910314205766     0.125405975523881     0     -6     4
41.1042559508312     0.124201219903204     0     -6     4
41.1174807486384     0.116112832053169     0     -6     4
41.130705813079     0.113201874749438     0     -6     4
41.1439311432336     0.114960393778877     0     -6     4
41.1571567381829     0.111296853008457     0     -6     4
41.1703825970079     0.104261581162763     0     -6     4
41.1836087187894     0.103076809547464     0     -6     4
41.1968351026086     0.103307239436919     0     -6     4
41.2100617475467     0.098544220460871     0     -6     4
41.2232886526848     0.0936882874993079     0     -6     4
41.2365158171043     0.0931273391831858     0     -6     4
41.2497432398867     0.0933850486046669     0     -6     4
41.2629709201134     0.0908611193044082     0     -6     4
41.2761988568661     0.0886142653201867     0     -6     4
41.2894270492266     0.0895172674947107     0     -6     4
41.3026554962766     0.0916209346012438     0     -6     4
41.315884197098     0.093073631824633     0     -6     4
41.3291131507728     0.0962771379079316     0     -6     4
41.3423423563831     0.10145321140255     0     -6     4
41.3555718130111     0.108138621766679     0     -6     4
41.368801519739     0.115513353532266     0     -6     4
41.3820314756491     0.125385724188939     0     -6     4
41.395261679824     0.136594729535832     0     -6     4
41.4084921313462     0.146551506874095     0     -6     4
41.4217228292982     0.158937264186168     0     -6     4
41.4349537727627     0.174801348748574     0     -6     4
41.4481849608227     0.190055423355325     0     -6     4
41.4614163925608     0.202073454367578     0     -6     4
41.4746480670603     0.215287426808318     0     -6     4
41.487879983404     0.233747211254621     0     -6     4
41.5011121406751     0.252057021681537     0     -6     4
41.5143445379569     0.264370278120857     0     -6     4
41.5275771743327     0.275026287946986     0     -6     4
41.5408100488858     0.29085346680639     0     -6     4
41.5540431606999     0.308277482538496     0     -6     4
41.5672765088584     0.317978181504822     0     -6     4
41.580510092445     0.322878629351501     0     -6     4
41.5937439105435     0.33303034063739     0     -6     4
41.6069779622377     0.345886708516866     0     -6     4
41.6202122466115     0.351723230308086     0     -6     4
41.6334467627489     0.350593593578614     0     -6     4
41.646681509734     0.353994574293067     0     -6     4
41.6599164866509     0.361894370534831     0     -6     4
41.673151692584     0.363314683521395     0     -6     4
41.6863871266174     0.356371354056479     0     -6     4
41.6996227878358     0.351547755459994     0     -6     4
41.7128586753234     0.351273317730058     0     -6     4
41.726094788165     0.352915239899475     0     -6     4
41.7393311254452     0.343119071540691     0     -6     4
41.7525676862486     0.33392909657846     0     -6     4
41.7658044696602     0.329854167771955     0     -6     4
41.7790414747648     0.325371776893149     0     -6     4
41.7922787006474     0.312641673478485     0     -6     4
41.8055161463931     0.298567142604776     0     -6     4
41.8187538110869     0.291774978004405     0     -6     4
41.8319916938142     0.28705180904223     0     -6     4
41.8452297936601     0.276626396471522     0     -6     4
41.8584681097102     0.26498696930929     0     -6     4
41.8717066410497     0.26020558864292     0     -6     4
41.8849453867643     0.258399493313779     0     -6     4
41.8981843459396     0.251125530230453     0     -6     4
41.9114235176612     0.242577899874502     0     -6     4
41.9246629010149     0.241497641325898     0     -6     4
41.9379024950865     0.245823625623938     0     -6     4
41.9511422989619     0.239548453918638     0     -6     4
41.9643823117272     0.232496262992534     0     -6     4
41.9776225324684     0.233579549057542     0     -6     4
41.9908629602715     0.235043919721002     0     -6     4
42.0041035942229     0.229485880615296     0     -6     4
42.0173444334088     0.225399729304619     0     -6     4
42.0305854769156     0.227903472460477     0     -6     4
42.0438267238296     0.231205320327559     0     -6     4
42.0570681732375     0.226475026226734     0     -6     4
42.0703098242257     0.226366977356775     0     -6     4
42.083551675881     0.229025337947493     0     -6     4
42.09679372729     0.225801866503004     0     -6     4
42.1100359775395     0.222854774229645     0     -6     4
42.1232784257165     0.223783986120115     0     -6     4
42.1365210709078     0.228734624326412     0     -6     4
42.1497639122005     0.224853747484117     0     -6     4
42.1630069486816     0.224905117192283     0     -6     4
42.1762501794383     0.226335805264101     0     -6     4
42.1894936035578     0.222317339511157     0     -6     4
42.2027372201273     0.220506196105788     0     -6     4
42.2159810282344     0.221533080570745     0     -6     4
42.2292250269662     0.225414914895733     0     -6     4
42.2424692154105     0.223115934133024     0     -6     4
42.2557135926547     0.22254579280645     0     -6     4
42.2689581577864     0.224250459910945     0     -6     4
42.2822029098935     0.220485047950233     0     -6     4
42.2954478480635     0.220537818188652     0     -6     4
42.3086929713844     0.219509249480359     0     -6     4
42.3219382789441     0.223108165045877     0     -6     4
42.3351837698304     0.220593467689258     0     -6     4
42.3484294431316     0.222822568566954     0     -6     4
42.3616752979356     0.224425639049567     0     -6     4
42.3749213333306     0.221569661647811     0     -6     4
42.3881675484049     0.220439094153665     0     -6     4
42.4014139422467     0.222357046665811     0     -6     4
42.4146605139445     0.224949944444337     0     -6     4
42.4279072625865     0.22346860097009     0     -6     4
42.4411541872613     0.222377935729709     0     -6     4
42.4544012870576     0.222488638959962     0     -6     4
42.4676485610637     0.220132976433198     0     -6     4
42.4808960083686     0.219736247369786     0     -6     4
42.4941436280607     0.21921805047115     0     -6     4
42.5073914192291     0.221900675005068     0     -6     4
42.5206393809625     0.220517855765506     0     -6     4
42.5338875123499     0.219452875613035     0     -6     4
42.5471358124802     0.218766049218791     0     -6     4
42.5603842804426     0.218046138902272     0     -6     4
42.573632915326     0.216612372888117     0     -6     4
42.5868817162196     0.215795964513934     0     -6     4
42.6001306822128     0.219674095408061     0     -6     4
42.6133798123947     0.219309722861873     0     -6     4
42.6266291058547     0.218531520472441     0     -6     4
42.6398785616822     0.217156568456853     0     -6     4
42.6531281789667     0.216547727536145     0     -6     4
42.6663779567977     0.215511105292724     0     -6     4
42.6796278942648     0.215136997763269     0     -6     4
42.6928779904575     0.220070922045633     0     -6     4
42.7061282444657     0.218561715819133     0     -6     4
42.719378655379     0.217637973112187     0     -6     4
42.7326292222872     0.215358146674266     0     -6     4
42.7458799442802     0.217034487220545     0     -6     4
42.759130820448     0.215732976818186     0     -6     4
42.7723818498804     0.214711843232425     0     -6     4
42.7856330316676     0.216675983792047     0     -6     4
42.7988843648995     0.218288028805674     0     -6     4
42.8121358486664     0.217394831139462     0     -6     4
42.8253874820585     0.21594621025567     0     -6     4
42.8386392641659     0.215146590288187     0     -6     4
42.8518911940789     0.213679206474542     0     -6     4
42.865143270888     0.213425081664975     0     -6     4
42.8783954936836     0.213142816263636     0     -6     4
42.891647861556     0.217148802938049     0     -6     4
42.9049003735958     0.216566991594775     0     -6     4
42.9181530288935     0.218468083936692     0     -6     4
42.9314058265398     0.215794246581238     0     -6     4
42.9446587656254     0.21481877892601     0     -6     4
42.9579118452409     0.213679315061033     0     -6     4
42.9711650644771     0.214521326525051     0     -6     4
42.9844184224248     0.218880091812927     0     -6     4
42.9976719181749     0.217762463930145     0     -6     4
43.0109255508184     0.218361579556465     0     -6     4
43.0241793194461     0.217502558605347     0     -6     4
43.0374332231491     0.216953177003653     0     -6     4
43.0506872610184     0.214413284107972     0     -6     4
43.0639414321452     0.214492414532758     0     -6     4
43.0771957356206     0.220162624946683     0     -6     4
43.0904501705359     0.219231133939188     0     -6     4
43.1037047359822     0.218037562824517     0     -6     4
43.1169594310509     0.216969984317025     0     -6     4
43.1302142548334     0.217474740985008     0     -6     4
43.1434692064209     0.215760927721396     0     -6     4
43.1567242849051     0.215320270305983     0     -6     4
43.1699794893773     0.220645161173524     0     -6     4
43.183234818929     0.219704130277668     0     -6     4
43.1964902726519     0.218182425284092     0     -6     4
43.2097458496376     0.217843296348052     0     -6     4
43.2230015489777     0.217020545550771     0     -6     4
43.236257369764     0.217452649451654     0     -6     4
43.2495133110882     0.217764633698008     0     -6     4
43.2627693720421     0.223066590949782     0     -6     4
43.2760255517175     0.222379422690214     0     -6     4
43.2892818492064     0.222040534486522     0     -6     4
43.3025382636006     0.221529908790991     0     -6     4
43.3157947939921     0.220044049251991     0     -6     4
43.3290514394729     0.219401595727592     0     -6     4
43.3423081991352     0.218320202907653     0     -6     4
43.3555650720708     0.218942141760189     0     -6     4
43.3688220573721     0.225007292896723     0     -6     4
43.3820791541312     0.22537834483897     0     -6     4
43.3953363614402     0.223946451730044     0     -6     4
43.4085936783915     0.224735484490831     0     -6     4
43.4218511040773     0.223750515086259     0     -6     4
43.43510863759     0.222893102872901     0     -6     4
43.4483662780219     0.222871869444974     0     -6     4
43.4616240244654     0.228289091161609     0     -6     4
43.4748818760131     0.226533076568892     0     -6     4
43.4881398317573     0.223904734997313     0     -6     4
43.5013978907905     0.225075350610274     0     -6     4
43.5146560522055     0.223884080732124     0     -6     4
43.5279143150947     0.223338491656702     0     -6     4
43.5411726785508     0.223036835763986     0     -6     4
43.5544311416664     0.228577713200646     0     -6     4
43.5676897035343     0.227200406396348     0     -6     4
43.5809483632472     0.227481260533603     0     -6     4
43.5942071198979     0.225421289087451     0     -6     4
43.6074659725792     0.224292383174895     0     -6     4
43.6207249203839     0.225151698799495     0     -6     4
43.6339839624049     0.222951807934997     0     -6     4
43.6472430977351     0.22316519751278     0     -6     4
43.6605023254675     0.228222882102251     0     -6     4
43.6737616446951     0.226783288959992     0     -6     4
43.6870210545109     0.226700150076915     0     -6     4
43.7002805540078     0.224592832299321     0     -6     4
43.7135401422791     0.224057392906408     0     -6     4
43.7267998184177     0.223320917349208     0     -6     4
43.7400595815169     0.222188561112347     0     -6     4
43.7533194306699     0.228130521728293     0     -6     4
43.7665793649697     0.227198238457729     0     -6     4
43.7798393835097     0.224915252218057     0     -6     4
43.7930994853832     0.22385877605053     0     -6     4
43.8063596696833     0.222275359975517     0     -6     4
43.8196199355036     0.221113742328268     0     -6     4
43.8328802819372     0.21867896887923     0     -6     4
43.8461407080776     0.220382612501588     0     -6     4
43.8594012130182     0.224310216876326     0     -6     4
43.8726617958525     0.222744987051574     0     -6     4
43.8859224556739     0.220697500104949     0     -6     4
43.8991831915758     0.220122303269586     0     -6     4
43.912444002652     0.21941722128813     0     -6     4
43.9257048879957     0.217263894057313     0     -6     4
43.9389658467008     0.21817098961498     0     -6     4
43.9522268778607     0.221682778489339     0     -6     4
43.9654879805692     0.222495264950122     0     -6     4
43.9787491539198     0.220945062671594     0     -6     4
43.9920103970062     0.219525020740491     0     -6     4
44.0052717089222     0.21944703243083     0     -6     4
44.0185330887614     0.21679318399054     0     -6     4
44.0317945356177     0.217152287587694     0     -6     4
44.0450560485848     0.22140282482665     0     -6     4
44.0583176267565     0.22059128374539     0     -6     4
44.0715792692266     0.22096950431808     0     -6     4
44.0848409750891     0.220860770708282     0     -6     4
44.0981027434377     0.220216518056751     0     -6     4
44.1113645733664     0.218449992763864     0     -6     4
44.1246264639691     0.217291149923239     0     -6     4
44.1378884143397     0.216423652871247     0     -6     4
44.1511504235722     0.222137297740615     0     -6     4
44.1644124907606     0.221582698344664     0     -6     4
44.1776746149988     0.220434153814463     0     -6     4
44.190936795381     0.219057440870227     0     -6     4
44.2041990310011     0.219150405232554     0     -6     4
44.2174613209532     0.217599391159904     0     -6     4
44.2307236643314     0.217251343237272     0     -6     4
44.2439860602298     0.221846173499998     0     -6     4
44.2572485077426     0.220864090265723     0     -6     4
44.2705110059638     0.220650055533196     0     -6     4
44.2837735539876     0.220688203738108     0     -6     4
44.2970361509082     0.219335704460063     0     -6     4
44.3102987958199     0.218547504549323     0     -6     4
44.3235614878167     0.219398384739688     0     -6     4
44.336824225993     0.21761427571744     0     -6     4
44.3500870094429     0.223433518098661     0     -6     4
44.3633498372608     0.223650514998154     0     -6     4
44.376612708541     0.223302665326224     0     -6     4
44.3898756223776     0.221428978922978     0     -6     4
44.4031385778651     0.220516629359427     0     -6     4
44.4164015740977     0.221113183522857     0     -6     4
44.4296646101698     0.218935673070854     0     -6     4
44.4429276851758     0.219868535595184     0     -6     4
44.45619079821     0.225183624663614     0     -6     4
44.4694539483668     0.224149165909369     0     -6     4
44.4827171347406     0.224581305170575     0     -6     4
44.4959803564257     0.225403132973576     0     -6     4
44.5092436125167     0.223304439073695     0     -6     4
44.522506902108     0.223527017781936     0     -6     4
44.5357702242939     0.223170368941593     0     -6     4
44.549033578169     0.227825401247482     0     -6     4
44.5622969628277     0.227436015782394     0     -6     4
44.5755603773645     0.227808662518128     0     -6     4
44.5888238208739     0.22835448088754     0     -6     4
44.6020872924504     0.225948725482848     0     -6     4
44.6153507911885     0.226504681066226     0     -6     4
44.6286143161827     0.226198733546846     0     -6     4
44.6418778665275     0.226584144231945     0     -6     4
44.6551414413176     0.231447212223474     0     -6     4
44.6684050396474     0.231919173520281     0     -6     4
44.6816686606115     0.23098179012127     0     -6     4
44.6949323033044     0.22901983898312     0     -6     4
44.7081959668207     0.228968127639506     0     -6     4
44.7214596502551     0.229465510259972     0     -6     4
44.7347233527021     0.229651544582188     0     -6     4
44.7479870732562     0.228428160466937     0     -6     4
44.7612508110122     0.234763612170032     0     -6     4
44.7745145650645     0.23304708588969     0     -6     4
44.7877783345079     0.232268200599465     0     -6     4
44.8010421184369     0.231309354400734     0     -6     4
44.8143059159461     0.231167533671103     0     -6     4
44.8275697261302     0.230272522310397     0     -6     4
44.8408335480838     0.229845510879422     0     -6     4
44.8540973809016     0.23445100366255     0     -6     4
44.8673612236781     0.233673135698996     0     -6     4
44.8806250755081     0.234042009531879     0     -6     4
44.8938889354862     0.231872172314667     0     -6     4
44.9071528027069     0.231237529986763     0     -6     4
44.9204166762651     0.232358208055958     0     -6     4
44.9336805552553     0.231690688333122     0     -6     4
44.9469444387722     0.230327609668475     0     -6     4
44.9602083259105     0.236135236626957     0     -6     4
44.9734722157648     0.235735991515146     0     -6     4
44.9867361074297     0.23351290802928     0     -6     4
45     0.234006087686039     0     -6     4
