44.9867361074297     0.860279641914593     0     10     -6
44.9734722157648     0.860483262755899     0     10     -6
44.9602083259105     0.860345549867938     0     10     -6
44.9469444387722     0.860413117365581     0     10     -6
44.9336805552553     0.860478627448428     0     10     -6
44.9204166762651     0.860467723041205     0     10     -6
44.9071528027069     0.860493289799393     0     10     -6
44.8938889354862     0.86052060417154     0     10     -6
44.8806250755081     0.860552828182776     0     10     -6
44.8673612236781     0.860568949578959     0     10     -6
44.8540973809016     0.860680192845352     0     10     -6
44.8408335480838     0.86057333046015     0     10     -6
44.8275697261302     0.860542881640589     0     10     -6
44.8143059159461     0.860704083815539     0     10     -6
44.8010421184369     0.860467286429395     0     10     -6
44.7877783345079     0.860659918083176     0     10     -6
44.7745145650645     0.860620900160272     0     10     -6
44.7612508110122     0.860699895389149     0     10     -6
44.7479870732562     0.860802450767277     0     10     -6
44.7347233527021     0.860627965586793     0     10     -6
44.7214596502551     0.860652080603706     0     10     -6
44.7081959668207     0.860807355416064     0     10     -6
44.6949323033044     0.860767932359113     0     10     -6
44.6816686606115     0.860848927484193     0     10     -6
44.6684050396474     0.860793997953395     0     10     -6
44.6551414413176     0.860773028600312     0     10     -6
44.6418778665275     0.860796916879805     0     10     -6
44.6286143161827     0.860771497707872     0     10     -6
44.6153507911885     0.86078016928188     0     10     -6
44.6020872924504     0.860929895788935     0     10     -6
44.5888238208739     0.86098155110364     0     10     -6
44.5755603773645     0.860916063391564     0     10     -6
44.5622969628277     0.860820807702456     0     10     -6
44.549033578169     0.860895374644587     0     10     -6
44.5357702242939     0.860822738651655     0     10     -6
44.522506902108     0.860917579063385     0     10     -6
44.5092436125167     0.860980856400818     0     10     -6
44.4959803564257     0.860792250554465     0     10     -6
44.4827171347406     0.860893227862944     0     10     -6
44.4694539483668     0.86092592492678     0     10     -6
44.45619079821     0.860905688033716     0     10     -6
44.4429276851758     0.860840216189256     0     10     -6
44.4296646101698     0.860915702133778     0     10     -6
44.4164015740977     0.860965439419011     0     10     -6
44.4031385778651     0.860816739523414     0     10     -6
44.3898756223776     0.860963295450583     0     10     -6
44.376612708541     0.860772387546285     0     10     -6
44.3633498372608     0.860888701611054     0     10     -6
44.3500870094429     0.860827957134318     0     10     -6
44.336824225993     0.860822066700752     0     10     -6
44.3235614878167     0.860789605460525     0     10     -6
44.3102987958199     0.860870313597544     0     10     -6
44.2970361509082     0.86073702831899     0     10     -6
44.2837735539876     0.860625324171883     0     10     -6
44.2705110059638     0.860730522235376     0     10     -6
44.2572485077426     0.860689648584382     0     10     -6
44.2439860602298     0.860664174075089     0     10     -6
44.2307236643314     0.860547209720757     0     10     -6
44.2174613209532     0.86055096122966     0     10     -6
44.2041990310011     0.860534863633586     0     10     -6
44.190936795381     0.860396760858697     0     10     -6
44.1776746149988     0.860351273286307     0     10     -6
44.1644124907606     0.860321898449264     0     10     -6
44.1511504235722     0.860335507922063     0     10     -6
44.1378884143397     0.860152145625066     0     10     -6
44.1246264639691     0.860287147165143     0     10     -6
44.1113645733664     0.860121802246232     0     10     -6
44.0981027434377     0.860276713595712     0     10     -6
44.0848409750891     0.860053686539384     0     10     -6
44.0715792692266     0.860209499650183     0     10     -6
44.0583176267565     0.86015798589927     0     10     -6
44.0450560485848     0.860153499704833     0     10     -6
44.0317945356177     0.86002301783879     0     10     -6
44.0185330887614     0.860163764958538     0     10     -6
44.0052717089222     0.860070419636075     0     10     -6
43.9920103970062     0.860195110611187     0     10     -6
43.9787491539198     0.860018035605189     0     10     -6
43.9654879805692     0.859997558205013     0     10     -6
43.9522268778607     0.859805460801225     0     10     -6
43.9389658467008     0.859891710090451     0     10     -6
43.9257048879957     0.859910383389758     0     10     -6
43.912444002652     0.859949573356298     0     10     -6
43.8991831915758     0.859982056978937     0     10     -6
43.8859224556739     0.859915474223772     0     10     -6
43.8726617958525     0.859891649232104     0     10     -6
43.8594012130182     0.859864258456424     0     10     -6
43.8461407080776     0.85994811628192     0     10     -6
43.8328802819372     0.859824045038946     0     10     -6
43.8196199355036     0.859822893157452     0     10     -6
43.8063596696833     0.859806746649077     0     10     -6
43.7930994853832     0.859829104207164     0     10     -6
43.7798393835097     0.859793673977795     0     10     -6
43.7665793649697     0.859719913468746     0     10     -6
43.7533194306699     0.859760172160534     0     10     -6
43.7400595815169     0.859710422285608     0     10     -6
43.7267998184177     0.859757233204999     0     10     -6
43.7135401422791     0.859575947833753     0     10     -6
43.7002805540078     0.859638001862596     0     10     -6
43.6870210545109     0.859713916646212     0     10     -6
43.6737616446951     0.859736973321927     0     10     -6
43.6605023254675     0.859637702173359     0     10     -6
43.6472430977351     0.859720046256993     0     10     -6
43.6339839624049     0.859676344310914     0     10     -6
43.6207249203839     0.859631908725654     0     10     -6
43.6074659725792     0.859668266534441     0     10     -6
43.5942071198979     0.859595535976246     0     10     -6
43.5809483632472     0.8596065308627     0     10     -6
43.5676897035343     0.859619819231078     0     10     -6
43.5544311416664     0.859543779905004     0     10     -6
43.5411726785508     0.859491588073343     0     10     -6
43.5279143150947     0.859440232016231     0     10     -6
43.5146560522055     0.859548313836001     0     10     -6
43.5013978907905     0.859402499985914     0     10     -6
43.4881398317573     0.85949696038693     0     10     -6
43.4748818760131     0.859480292936095     0     10     -6
43.4616240244654     0.85932131068979     0     10     -6
43.4483662780219     0.859335957806133     0     10     -6
43.43510863759     0.859385262533472     0     10     -6
43.4218511040773     0.85931729700177     0     10     -6
43.4085936783915     0.859123672386202     0     10     -6
43.3953363614402     0.859049515236441     0     10     -6
43.3820791541312     0.859077687474384     0     10     -6
43.3688220573721     0.859068881951976     0     10     -6
43.3555650720708     0.858933110857056     0     10     -6
43.3423081991352     0.858901208465244     0     10     -6
43.3290514394729     0.85876775696368     0     10     -6
43.3157947939921     0.858573751209546     0     10     -6
43.3025382636006     0.858790052391722     0     10     -6
43.2892818492064     0.8586045228956     0     10     -6
43.2760255517175     0.858702418749387     0     10     -6
43.2627693720421     0.858571045109625     0     10     -6
43.2495133110882     0.858513424444431     0     10     -6
43.236257369764     0.858500171764435     0     10     -6
43.2230015489777     0.858487518443325     0     10     -6
43.2097458496376     0.858448592734259     0     10     -6
43.1964902726519     0.858429093315016     0     10     -6
43.183234818929     0.858310453475055     0     10     -6
43.1699794893773     0.858225190287182     0     10     -6
43.1567242849051     0.858087545708206     0     10     -6
43.1434692064209     0.858156776224653     0     10     -6
43.1302142548334     0.858027133397294     0     10     -6
43.1169594310509     0.858014921297224     0     10     -6
43.1037047359822     0.857941530619321     0     10     -6
43.0904501705359     0.857750388420667     0     10     -6
43.0771957356206     0.857891967429445     0     10     -6
43.0639414321452     0.857689251373799     0     10     -6
43.0506872610184     0.857681868460919     0     10     -6
43.0374332231491     0.857536807652419     0     10     -6
43.0241793194461     0.857429648940167     0     10     -6
43.0109255508184     0.857382086162006     0     10     -6
42.9976719181749     0.857225696239678     0     10     -6
42.9844184224248     0.857185712390434     0     10     -6
42.9711650644771     0.85702186328735     0     10     -6
42.9579118452409     0.8569916036657     0     10     -6
42.9446587656254     0.856812954805552     0     10     -6
42.9314058265398     0.856806935854858     0     10     -6
42.9181530288935     0.856576056380543     0     10     -6
42.9049003735958     0.856503894372592     0     10     -6
42.891647861556     0.856336244324529     0     10     -6
42.8783954936836     0.856259726678624     0     10     -6
42.865143270888     0.856051763720272     0     10     -6
42.8518911940789     0.855977176707096     0     10     -6
42.8386392641659     0.855778011354688     0     10     -6
42.8253874820585     0.855708895550609     0     10     -6
42.8121358486664     0.85554775970314     0     10     -6
42.7988843648995     0.855494343183986     0     10     -6
42.7856330316676     0.855226920420332     0     10     -6
42.7723818498804     0.855113065249661     0     10     -6
42.759130820448     0.85493411238695     0     10     -6
42.7458799442802     0.854808000913672     0     10     -6
42.7326292222872     0.854547283666759     0     10     -6
42.719378655379     0.854409692263773     0     10     -6
42.7061282444657     0.85423612285921     0     10     -6
42.6928779904575     0.854121877564225     0     10     -6
42.6796278942648     0.853953372375358     0     10     -6
42.6663779567977     0.853734174211247     0     10     -6
42.6531281789667     0.853431866577496     0     10     -6
42.6398785616822     0.853334977402085     0     10     -6
42.6266291058547     0.853124204336771     0     10     -6
42.6133798123947     0.852905371198024     0     10     -6
42.6001306822128     0.852649087202486     0     10     -6
42.5868817162196     0.85231248793157     0     10     -6
42.573632915326     0.852117337384787     0     10     -6
42.5603842804426     0.851805695189633     0     10     -6
42.5471358124802     0.851479145800103     0     10     -6
42.5338875123499     0.851173898861427     0     10     -6
42.5206393809625     0.850788948390976     0     10     -6
42.5073914192291     0.850470909364987     0     10     -6
42.4941436280607     0.850028204632413     0     10     -6
42.4808960083686     0.849688930646544     0     10     -6
42.4676485610637     0.849213388451219     0     10     -6
42.4544012870576     0.848795100309915     0     10     -6
42.4411541872613     0.848238821244114     0     10     -6
42.4279072625865     0.847863759629883     0     10     -6
42.4146605139445     0.847311448846654     0     10     -6
42.4014139422467     0.846695182926288     0     10     -6
42.3881675484049     0.846169695108678     0     10     -6
42.3749213333306     0.845560838456536     0     10     -6
42.3616752979356     0.844922330998166     0     10     -6
42.3484294431316     0.844134784828738     0     10     -6
42.3351837698304     0.843448188101206     0     10     -6
42.3219382789441     0.84285289457022     0     10     -6
42.3086929713844     0.842023360570722     0     10     -6
42.2954478480635     0.841607333081321     0     10     -6
42.2822029098935     0.840421890241259     0     10     -6
42.2689581577864     0.839668717785437     0     10     -6
42.2557135926547     0.838762674599772     0     10     -6
42.2424692154105     0.837738261775737     0     10     -6
42.2292250269662     0.836812837317503     0     10     -6
42.2159810282344     0.835770140648767     0     10     -6
42.2027372201273     0.834811299427738     0     10     -6
42.1894936035578     0.833740858253337     0     10     -6
42.1762501794383     0.832250258253276     0     10     -6
42.1630069486816     0.831133268378174     0     10     -6
42.1497639122005     0.829771241804001     0     10     -6
42.1365210709078     0.828254346899098     0     10     -6
42.1232784257165     0.826858065011933     0     10     -6
42.1100359775395     0.82524287553925     0     10     -6
42.09679372729     0.823477322468998     0     10     -6
42.083551675881     0.821827043377378     0     10     -6
42.0703098242257     0.819886723274083     0     10     -6
42.0570681732375     0.818092510060294     0     10     -6
42.0438267238296     0.815975079881628     0     10     -6
42.0305854769156     0.813862480471646     0     10     -6
42.0173444334088     0.811537989710559     0     10     -6
42.0041035942229     0.809145994574043     0     10     -6
41.9908629602715     0.806594332309125     0     10     -6
41.9776225324684     0.804164666479909     0     10     -6
41.9643823117272     0.801322709908508     0     10     -6
41.9511422989619     0.798521328067076     0     10     -6
41.9379024950865     0.795733871542866     0     10     -6
41.9246629010149     0.792515762748452     0     10     -6
41.9114235176612     0.789419904315525     0     10     -6
41.8981843459396     0.786050968179681     0     10     -6
41.8849453867643     0.782484295101984     0     10     -6
41.8717066410497     0.778781353520099     0     10     -6
41.8584681097102     0.774637489608799     0     10     -6
41.8452297936601     0.770613678739731     0     10     -6
41.8319916938142     0.766545263210982     0     10     -6
41.8187538110869     0.762273703973469     0     10     -6
41.8055161463931     0.757462359468128     0     10     -6
41.7922787006474     0.753099797701222     0     10     -6
41.7790414747648     0.748067793288009     0     10     -6
41.7658044696602     0.743262946729629     0     10     -6
41.7525676862486     0.737837001301044     0     10     -6
41.7393311254452     0.732374975232203     0     10     -6
41.726094788165     0.72677506111706     0     10     -6
41.7128586753234     0.720870794710182     0     10     -6
41.6996227878358     0.715001277599742     0     10     -6
41.6863871266174     0.708784075089286     0     10     -6
41.673151692584     0.702351450602107     0     10     -6
41.6599164866509     0.695751190584295     0     10     -6
41.646681509734     0.689028158882184     0     10     -6
41.6334467627489     0.681902481517175     0     10     -6
41.6202122466115     0.674586082909999     0     10     -6
41.6069779622377     0.667458759677993     0     10     -6
41.5937439105435     0.659468091439158     0     10     -6
41.580510092445     0.651690766316878     0     10     -6
41.5672765088584     0.643312932385991     0     10     -6
41.5540431606999     0.635320140069827     0     10     -6
41.5408100488858     0.626771907189974     0     10     -6
41.5275771743327     0.617995454653022     0     10     -6
41.5143445379569     0.609497363253359     0     10     -6
41.5011121406751     0.600424238250227     0     10     -6
41.487879983404     0.591146614473011     0     10     -6
41.4746480670603     0.581892465819888     0     10     -6
41.4614163925608     0.571923936387463     0     10     -6
41.4481849608227     0.562177027886753     0     10     -6
41.4349537727627     0.551770558235359     0     10     -6
41.4217228292982     0.542370852983672     0     10     -6
41.4084921313462     0.531835212632799     0     10     -6
41.395261679824     0.521680073073844     0     10     -6
41.3820314756491     0.511114123678027     0     10     -6
41.368801519739     0.500508952083655     0     10     -6
41.3555718130111     0.489249628876251     0     10     -6
41.3423423563831     0.478176885777168     0     10     -6
41.3291131507728     0.467729513215602     0     10     -6
41.315884197098     0.456318362908028     0     10     -6
41.3026554962766     0.444352915247517     0     10     -6
41.2894270492266     0.433583246234278     0     10     -6
41.2761988568661     0.422349328980025     0     10     -6
41.2629709201134     0.410828654116871     0     10     -6
41.2497432398867     0.398867929867189     0     10     -6
41.2365158171043     0.387315159459312     0     10     -6
41.2232886526848     0.375273756688204     0     10     -6
41.2100617475467     0.362816228755318     0     10     -6
41.1968351026086     0.350953797713449     0     10     -6
41.1836087187894     0.338568207158831     0     10     -6
41.1703825970079     0.326556181433204     0     10     -6
41.1571567381829     0.314359075945919     0     10     -6
41.1439311432336     0.30328252139408     0     10     -6
41.130705813079     0.291472579969794     0     10     -6
41.1174807486384     0.279685616497158     0     10     -6
41.1042559508312     0.268445354026208     0     10     -6
41.0910314205766     0.257317656363029     0     10     -6
41.0778071587943     0.24669459961945     0     10     -6
41.0645831664038     0.236037077400729     0     10     -6
41.0513594443248     0.226361692492982     0     10     -6
41.0381359934772     0.216183201404363     0     10     -6
41.0249128147808     0.206685856831045     0     10     -6
41.0116899091557     0.197806063637001     0     10     -6
40.9984672775219     0.188971556113857     0     10     -6
40.9852449207996     0.180577652428183     0     10     -6
40.9720228399091     0.172874583617097     0     10     -6
40.9588010357708     0.165603151831195     0     10     -6
40.9455795093053     0.158166994875202     0     10     -6
40.932358261433     0.151546221002746     0     10     -6
40.9191372930747     0.145092610595946     0     10     -6
40.9059166051511     0.139039334897768     0     10     -6
40.8926961985833     0.133314483941754     0     10     -6
40.8794760742921     0.127914130491052     0     10     -6
40.8662562331986     0.122805449498333     0     10     -6
40.8530366762241     0.118275127542328     0     10     -6
40.8398174042898     0.114012956249858     0     10     -6
40.8265984183172     0.110224386812949     0     10     -6
40.8133797192277     0.106792463318185     0     10     -6
40.800161307943     0.103690643483768     0     10     -6
40.7869431853848     0.100835874002411     0     10     -6
40.7737253524748     0.0984405992757733     0     10     -6
40.7605078101351     0.0963651079086865     0     10     -6
40.7472905592876     0.0944027182975615     0     10     -6
40.7340736008544     0.0928166771902418     0     10     -6
40.7208569357578     0.0915204125986811     0     10     -6
40.7076405649202     0.0904470453957444     0     10     -6
40.6944244892639     0.0896605214195194     0     10     -6
40.6812087097115     0.0888669372920929     0     10     -6
40.6679932271857     0.0887329193960735     0     10     -6
40.6547780426093     0.0884763796214109     0     10     -6
40.6415631569051     0.0883713819166343     0     10     -6
40.628348570996     0.0883756511685594     0     10     -6
40.6151342858053     0.0885996583990249     0     10     -6
40.601920302256     0.088636867143302     0     10     -6
40.5887066212714     0.0888674060796232     0     10     -6
40.5754932437751     0.0890487216314241     0     10     -6
40.5622801706905     0.0893096814481744     0     10     -6
40.5490674029412     0.0894125414233194     0     10     -6
40.5358549414509     0.0896165665938844     0     10     -6
40.5226427871436     0.0901064708556714     0     10     -6
40.5094309409432     0.09056068313188     0     10     -6
40.4962194037737     0.0908067779231098     0     10     -6
40.4830081765594     0.0911804067308204     0     10     -6
40.4697972602245     0.091631811741791     0     10     -6
40.4565866556934     0.0917572032878327     0     10     -6
40.4433763638906     0.092175209317086     0     10     -6
40.4301663857409     0.092118653118696     0     10     -6
40.4169567221688     0.0922842070797572     0     10     -6
40.4037473740993     0.0924772724926928     0     10     -6
40.3905383424574     0.0925411063457489     0     10     -6
40.3773296281681     0.0927761180832146     0     10     -6
40.3641212321566     0.0927500645749193     0     10     -6
