44.9867361074297     0.86932866055258     0     -10     -2
44.9734722157648     0.86930240923339     0     -10     -2
44.9602083259105     0.869313812188802     0     -10     -2
44.9469444387722     0.869181222158725     0     -10     -2
44.9336805552553     0.869310842508091     0     -10     -2
44.9204166762651     0.869174189329599     0     -10     -2
44.9071528027069     0.86920266858756     0     -10     -2
44.8938889354862     0.869180696399423     0     -10     -2
44.8806250755081     0.869215507626221     0     -10     -2
44.8673612236781     0.869209304980271     0     -10     -2
44.8540973809016     0.869153397079327     0     -10     -2
44.8408335480838     0.869195611943285     0     -10     -2
44.8275697261302     0.869318906721189     0     -10     -2
44.8143059159461     0.869147317690455     0     -10     -2
44.8010421184369     0.869143054205342     0     -10     -2
44.7877783345079     0.869140250292822     0     -10     -2
44.7745145650645     0.869231705946108     0     -10     -2
44.7612508110122     0.869066840716051     0     -10     -2
44.7479870732562     0.869113000876579     0     -10     -2
44.7347233527021     0.869093479458868     0     -10     -2
44.7214596502551     0.868971469939039     0     -10     -2
44.7081959668207     0.868958057245193     0     -10     -2
44.6949323033044     0.868843349655528     0     -10     -2
44.6816686606115     0.869021118853497     0     -10     -2
44.6684050396474     0.868926973679858     0     -10     -2
44.6551414413176     0.868887201594446     0     -10     -2
44.6418778665275     0.868891836029225     0     -10     -2
44.6286143161827     0.868696489347926     0     -10     -2
44.6153507911885     0.86883520045235     0     -10     -2
44.6020872924504     0.86867462235347     0     -10     -2
44.5888238208739     0.868675525767081     0     -10     -2
44.5755603773645     0.868742459021667     0     -10     -2
44.5622969628277     0.868661972112035     0     -10     -2
44.549033578169     0.868669019132166     0     -10     -2
44.5357702242939     0.868692936013351     0     -10     -2
44.522506902108     0.868575354640436     0     -10     -2
44.5092436125167     0.868637346583272     0     -10     -2
44.4959803564257     0.868647929593635     0     -10     -2
44.4827171347406     0.868644883200738     0     -10     -2
44.4694539483668     0.868639102163952     0     -10     -2
44.45619079821     0.868542320280682     0     -10     -2
44.4429276851758     0.868612767056692     0     -10     -2
44.4296646101698     0.868338736025725     0     -10     -2
44.4164015740977     0.868704531812015     0     -10     -2
44.4031385778651     0.868495664203329     0     -10     -2
44.3898756223776     0.868612243647077     0     -10     -2
44.376612708541     0.868457649680295     0     -10     -2
44.3633498372608     0.86851483711867     0     -10     -2
44.3500870094429     0.868429376196088     0     -10     -2
44.336824225993     0.868431859529387     0     -10     -2
44.3235614878167     0.86837493321957     0     -10     -2
44.3102987958199     0.868415250490549     0     -10     -2
44.2970361509082     0.868287167720137     0     -10     -2
44.2837735539876     0.868368379867797     0     -10     -2
44.2705110059638     0.868086230508967     0     -10     -2
44.2572485077426     0.868368838700067     0     -10     -2
44.2439860602298     0.868248057350133     0     -10     -2
44.2307236643314     0.868350829717048     0     -10     -2
44.2174613209532     0.868198018274967     0     -10     -2
44.2041990310011     0.868358502048322     0     -10     -2
44.190936795381     0.868224447463138     0     -10     -2
44.1776746149988     0.868241148583244     0     -10     -2
44.1644124907606     0.868132430913176     0     -10     -2
44.1511504235722     0.868151382710876     0     -10     -2
44.1378884143397     0.868038183080531     0     -10     -2
44.1246264639691     0.868118648210617     0     -10     -2
44.1113645733664     0.867937564781997     0     -10     -2
44.0981027434377     0.868168688610938     0     -10     -2
44.0848409750891     0.867847630627722     0     -10     -2
44.0715792692266     0.868136789743582     0     -10     -2
44.0583176267565     0.86792475894076     0     -10     -2
44.0450560485848     0.868107326793031     0     -10     -2
44.0317945356177     0.867979215445939     0     -10     -2
44.0185330887614     0.868131446325765     0     -10     -2
44.0052717089222     0.867980924226273     0     -10     -2
43.9920103970062     0.868001862143768     0     -10     -2
43.9787491539198     0.867959015605856     0     -10     -2
43.9654879805692     0.868006871773772     0     -10     -2
43.9522268778607     0.868004217403213     0     -10     -2
43.9389658467008     0.867836748579363     0     -10     -2
43.9257048879957     0.867949884967599     0     -10     -2
43.912444002652     0.867728735062726     0     -10     -2
43.8991831915758     0.86795132045749     0     -10     -2
43.8859224556739     0.867792806355048     0     -10     -2
43.8726617958525     0.867878111457749     0     -10     -2
43.8594012130182     0.867840554468342     0     -10     -2
43.8461407080776     0.867759900096547     0     -10     -2
43.8328802819372     0.867826250765461     0     -10     -2
43.8196199355036     0.867648049479556     0     -10     -2
43.8063596696833     0.867743320610184     0     -10     -2
43.7930994853832     0.867682393264863     0     -10     -2
43.7798393835097     0.867802706987802     0     -10     -2
43.7665793649697     0.867616949971089     0     -10     -2
43.7533194306699     0.867590561468386     0     -10     -2
43.7400595815169     0.867680922673784     0     -10     -2
43.7267998184177     0.867421895871334     0     -10     -2
43.7135401422791     0.867700911030554     0     -10     -2
43.7002805540078     0.8676489089756     0     -10     -2
43.6870210545109     0.867531730537521     0     -10     -2
43.6737616446951     0.86758984668144     0     -10     -2
43.6605023254675     0.867519204070804     0     -10     -2
43.6472430977351     0.867564559647694     0     -10     -2
43.6339839624049     0.867463563609028     0     -10     -2
43.6207249203839     0.867395147150341     0     -10     -2
43.6074659725792     0.867449188827261     0     -10     -2
43.5942071198979     0.867221931021317     0     -10     -2
43.5809483632472     0.867429201674687     0     -10     -2
43.5676897035343     0.867342075872303     0     -10     -2
43.5544311416664     0.867299931636866     0     -10     -2
43.5411726785508     0.86735726038139     0     -10     -2
43.5279143150947     0.867162464759786     0     -10     -2
43.5146560522055     0.867282979397548     0     -10     -2
43.5013978907905     0.867228193361221     0     -10     -2
43.4881398317573     0.866881971046802     0     -10     -2
43.4748818760131     0.867273984471685     0     -10     -2
43.4616240244654     0.867023077009027     0     -10     -2
43.4483662780219     0.867173150230435     0     -10     -2
43.43510863759     0.867072072024314     0     -10     -2
43.4218511040773     0.867029627481355     0     -10     -2
43.4085936783915     0.867088206314506     0     -10     -2
43.3953363614402     0.866938267369618     0     -10     -2
43.3820791541312     0.867106766181216     0     -10     -2
43.3688220573721     0.867058594753328     0     -10     -2
43.3555650720708     0.866894558191799     0     -10     -2
43.3423081991352     0.867026433552819     0     -10     -2
43.3290514394729     0.86689576894493     0     -10     -2
43.3157947939921     0.866966553729877     0     -10     -2
43.3025382636006     0.867045035688251     0     -10     -2
43.2892818492064     0.86672632307831     0     -10     -2
43.2760255517175     0.86689354502151     0     -10     -2
43.2627693720421     0.866765239320614     0     -10     -2
43.2495133110882     0.866989426419467     0     -10     -2
43.236257369764     0.866868692763076     0     -10     -2
43.2230015489777     0.866858198745121     0     -10     -2
43.2097458496376     0.866828382842141     0     -10     -2
43.1964902726519     0.866738177269771     0     -10     -2
43.183234818929     0.866821595529888     0     -10     -2
43.1699794893773     0.866638324285064     0     -10     -2
43.1567242849051     0.866792228444465     0     -10     -2
43.1434692064209     0.866536955834     0     -10     -2
43.1302142548334     0.866737440617731     0     -10     -2
43.1169594310509     0.866578137675765     0     -10     -2
43.1037047359822     0.866695717616656     0     -10     -2
43.0904501705359     0.866508552781318     0     -10     -2
43.0771957356206     0.866683276448433     0     -10     -2
43.0639414321452     0.866585352764839     0     -10     -2
43.0506872610184     0.866626795925123     0     -10     -2
43.0374332231491     0.866650313212235     0     -10     -2
43.0241793194461     0.866581640958867     0     -10     -2
43.0109255508184     0.866649882405209     0     -10     -2
42.9976719181749     0.866586162221526     0     -10     -2
42.9844184224248     0.866582855359014     0     -10     -2
42.9711650644771     0.866526816786772     0     -10     -2
42.9579118452409     0.86646650834853     0     -10     -2
42.9446587656254     0.866410169760477     0     -10     -2
42.9314058265398     0.86649264828001     0     -10     -2
42.9181530288935     0.866380467959613     0     -10     -2
42.9049003735958     0.8664007795104     0     -10     -2
42.891647861556     0.866271077932313     0     -10     -2
42.8783954936836     0.866437135123994     0     -10     -2
42.865143270888     0.866212233112961     0     -10     -2
42.8518911940789     0.86639227819227     0     -10     -2
42.8386392641659     0.866329824944212     0     -10     -2
42.8253874820585     0.866340581649998     0     -10     -2
42.8121358486664     0.866149225213398     0     -10     -2
42.7988843648995     0.866226891111626     0     -10     -2
42.7856330316676     0.866322827269686     0     -10     -2
42.7723818498804     0.866322986408397     0     -10     -2
42.759130820448     0.866269323305168     0     -10     -2
42.7458799442802     0.866205765387906     0     -10     -2
42.7326292222872     0.866256675536119     0     -10     -2
42.719378655379     0.866018679231455     0     -10     -2
42.7061282444657     0.866212433717205     0     -10     -2
42.6928779904575     0.866056559403464     0     -10     -2
42.6796278942648     0.866228882377416     0     -10     -2
42.6663779567977     0.866205475816163     0     -10     -2
42.6531281789667     0.866088856963018     0     -10     -2
42.6398785616822     0.866117895368436     0     -10     -2
42.6266291058547     0.866044412538912     0     -10     -2
42.6133798123947     0.866149473222998     0     -10     -2
42.6001306822128     0.865959781167375     0     -10     -2
42.5868817162196     0.865957347772832     0     -10     -2
42.573632915326     0.865915975260355     0     -10     -2
42.5603842804426     0.866004171348064     0     -10     -2
42.5471358124802     0.866097112480685     0     -10     -2
42.5338875123499     0.865934299577313     0     -10     -2
42.5206393809625     0.865884803057412     0     -10     -2
42.5073914192291     0.865845155920509     0     -10     -2
42.4941436280607     0.865859911914146     0     -10     -2
42.4808960083686     0.865917562621423     0     -10     -2
42.4676485610637     0.87619886541075     0     -10     -2
42.4544012870576     0.876363444966811     0     -10     -2
42.4411541872613     0.876313261477617     0     -10     -2
42.4279072625865     0.876307387076355     0     -10     -2
42.4146605139445     0.876337045584705     0     -10     -2
42.4014139422467     0.876396008493257     0     -10     -2
42.3881675484049     0.876356778211337     0     -10     -2
42.3749213333306     0.876330363497938     0     -10     -2
42.3616752979356     0.876343699688632     0     -10     -2
42.3484294431316     0.87644129425029     0     -10     -2
42.3351837698304     0.876341534915093     0     -10     -2
42.3219382789441     0.876479349073162     0     -10     -2
42.3086929713844     0.87651402350526     0     -10     -2
42.2954478480635     0.876377866463117     0     -10     -2
42.2822029098935     0.876502930292544     0     -10     -2
42.2689581577864     0.876444835402486     0     -10     -2
42.2557135926547     0.876544615868055     0     -10     -2
42.2424692154105     0.876455979089828     0     -10     -2
42.2292250269662     0.876483092752955     0     -10     -2
42.2159810282344     0.876513309222734     0     -10     -2
42.2027372201273     0.876570064065021     0     -10     -2
42.1894936035578     0.876402973250091     0     -10     -2
42.1762501794383     0.876564279719635     0     -10     -2
42.1630069486816     0.876393248715311     0     -10     -2
42.1497639122005     0.876549356982131     0     -10     -2
42.1365210709078     0.876455358117394     0     -10     -2
42.1232784257165     0.876512650298509     0     -10     -2
42.1100359775395     0.876475820944978     0     -10     -2
42.09679372729     0.876213488967601     0     -10     -2
42.083551675881     0.876043086323992     0     -10     -2
42.0703098242257     0.875781924530385     0     -10     -2
42.0570681732375     0.875332913039389     0     -10     -2
42.0438267238296     0.874625261581881     0     -10     -2
42.0305854769156     0.873712720570679     0     -10     -2
42.0173444334088     0.872782213637778     0     -10     -2
42.0041035942229     0.871296332481859     0     -10     -2
41.9908629602715     0.869090243090883     0     -10     -2
41.9776225324684     0.865281325179926     0     -10     -2
41.9643823117272     0.859549293062335     0     -10     -2
41.9511422989619     0.85085681775209     0     -10     -2
41.9379024950865     0.836501377946921     0     -10     -2
41.9246629010149     0.809415510250942     0     -10     -2
41.9114235176612     0.767112258173954     0     -10     -2
41.8981843459396     0.699332103775147     0     -10     -2
41.8849453867643     0.581763631514116     0     -10     -2
41.8717066410497     0.478681184877751     0     -10     -2
41.8584681097102     0.474197778882277     0     -10     -2
41.8452297936601     0.552723193487667     0     -10     -2
41.8319916938142     0.637431887763321     0     -10     -2
41.8187538110869     0.688605316169099     0     -10     -2
41.8055161463931     0.718888359845695     0     -10     -2
41.7922787006474     0.740168279499297     0     -10     -2
41.7790414747648     0.754149271465356     0     -10     -2
41.7658044696602     0.7628574003508     0     -10     -2
41.7525676862486     0.764961294485653     0     -10     -2
41.7393311254452     0.765596444013775     0     -10     -2
41.726094788165     0.76635292926485     0     -10     -2
41.7128586753234     0.76367729484454     0     -10     -2
41.6996227878358     0.756863560070589     0     -10     -2
41.6863871266174     0.749884402340305     0     -10     -2
41.673151692584     0.744048231270023     0     -10     -2
41.6599164866509     0.73651353805689     0     -10     -2
41.646681509734     0.726022459663827     0     -10     -2
41.6334467627489     0.713880318548892     0     -10     -2
41.6202122466115     0.701020604151883     0     -10     -2
41.6069779622377     0.680947847604582     0     -10     -2
41.5937439105435     0.648443331878185     0     -10     -2
41.580510092445     0.60491214261423     0     -10     -2
41.5672765088584     0.550478403361249     0     -10     -2
41.5540431606999     0.495808269384789     0     -10     -2
41.5408100488858     0.439215182687062     0     -10     -2
41.5275771743327     0.396343713399653     0     -10     -2
41.5143445379569     0.361587942009847     0     -10     -2
41.5011121406751     0.347423679015016     0     -10     -2
41.487879983404     0.356130710835263     0     -10     -2
41.4746480670603     0.373794568217549     0     -10     -2
41.4614163925608     0.391978741431856     0     -10     -2
41.4481849608227     0.419299281778621     0     -10     -2
41.4349537727627     0.455549049002334     0     -10     -2
41.4217228292982     0.487224045460001     0     -10     -2
41.4084921313462     0.508794627693639     0     -10     -2
41.395261679824     0.532145553203056     0     -10     -2
41.3820314756491     0.560291991655589     0     -10     -2
41.368801519739     0.574919796945186     0     -10     -2
41.3555718130111     0.585718688584587     0     -10     -2
41.3423423563831     0.599781196544561     0     -10     -2
41.3291131507728     0.61426102924509     0     -10     -2
41.315884197098     0.618674597392324     0     -10     -2
41.3026554962766     0.620458696896229     0     -10     -2
41.2894270492266     0.62657469806565     0     -10     -2
41.2761988568661     0.631049096293342     0     -10     -2
41.2629709201134     0.627962899190854     0     -10     -2
41.2497432398867     0.623925123008317     0     -10     -2
41.2365158171043     0.624061000011039     0     -10     -2
41.2232886526848     0.62015662741196     0     -10     -2
41.2100617475467     0.611008577619154     0     -10     -2
41.1968351026086     0.600157290782126     0     -10     -2
41.1836087187894     0.593700077100428     0     -10     -2
41.1703825970079     0.579955485263457     0     -10     -2
41.1571567381829     0.561503511816058     0     -10     -2
41.1439311432336     0.540687894175108     0     -10     -2
41.130705813079     0.523066087982865     0     -10     -2
41.1174807486384     0.492843174187142     0     -10     -2
41.1042559508312     0.465065021449605     0     -10     -2
41.0910314205766     0.434665585910166     0     -10     -2
41.0778071587943     0.404703272007236     0     -10     -2
41.0645831664038     0.366886032248004     0     -10     -2
41.0513594443248     0.335282120830166     0     -10     -2
41.0381359934772     0.301267889448379     0     -10     -2
41.0249128147808     0.274409437651775     0     -10     -2
41.0116899091557     0.25293319785228     0     -10     -2
40.9984672775219     0.234314757839912     0     -10     -2
40.9852449207996     0.217198251334208     0     -10     -2
40.9720228399091     0.215779966649462     0     -10     -2
40.9588010357708     0.213721916183576     0     -10     -2
40.9455795093053     0.210301146247992     0     -10     -2
40.932358261433     0.221799609145496     0     -10     -2
40.9191372930747     0.237063688615409     0     -10     -2
40.9059166051511     0.243627894115802     0     -10     -2
40.8926961985833     0.255229874613354     0     -10     -2
40.8794760742921     0.281703235293873     0     -10     -2
40.8662562331986     0.295589741532878     0     -10     -2
40.8530366762241     0.303669739161922     0     -10     -2
40.8398174042898     0.32255714331049     0     -10     -2
40.8265984183172     0.343269856268999     0     -10     -2
40.8133797192277     0.349950619745165     0     -10     -2
40.800161307943     0.361304373102326     0     -10     -2
40.7869431853848     0.380698402357273     0     -10     -2
40.7737253524748     0.388937572467433     0     -10     -2
40.7605078101351     0.390857072361418     0     -10     -2
40.7472905592876     0.402367032770686     0     -10     -2
40.7340736008544     0.412068320296483     0     -10     -2
40.7208569357578     0.411118446089735     0     -10     -2
40.7076405649202     0.411902084932445     0     -10     -2
40.6944244892639     0.419916703392274     0     -10     -2
40.6812087097115     0.419657073434736     0     -10     -2
40.6679932271857     0.412450103918101     0     -10     -2
40.6547780426093     0.412016189108182     0     -10     -2
40.6415631569051     0.412823774308476     0     -10     -2
40.628348570996     0.404986312484685     0     -10     -2
40.6151342858053     0.395107937744002     0     -10     -2
40.601920302256     0.391381084080058     0     -10     -2
40.5887066212714     0.385244306782166     0     -10     -2
40.5754932437751     0.373012356268582     0     -10     -2
40.5622801706905     0.361262432009782     0     -10     -2
40.5490674029412     0.354707607485903     0     -10     -2
40.5358549414509     0.344529905079991     0     -10     -2
40.5226427871436     0.330307266896923     0     -10     -2
40.5094309409432     0.314516519655116     0     -10     -2
40.4962194037737     0.30561586673028     0     -10     -2
40.4830081765594     0.292817121493719     0     -10     -2
40.4697972602245     0.276845152298096     0     -10     -2
40.4565866556934     0.262557849991294     0     -10     -2
40.4433763638906     0.252478034936051     0     -10     -2
40.4301663857409     0.238399166311466     0     -10     -2
40.4169567221688     0.222216094914177     0     -10     -2
40.4037473740993     0.20911714367619     0     -10     -2
40.3905383424574     0.199058750704313     0     -10     -2
40.3773296281681     0.186130377835636     0     -10     -2
40.3641212321566     0.174791104500822     0     -10     -2
