40.3773296281681     0.0971911425022026     0     0     6
40.3905383424574     0.0974340351321493     0     0     6
40.4037473740993     0.0977317822311332     0     0     6
40.4169567221688     0.0986013475888379     0     0     6
40.4301663857409     0.0986542774811862     0     0     6
40.4433763638906     0.0988378938630863     0     0     6
40.4565866556934     0.0988288960559589     0     0     6
40.4697972602245     0.0994291944355665     0     0     6
40.4830081765594     0.0987097972936908     0     0     6
40.4962194037737     0.0995738312443482     0     0     6
40.5094309409432     0.0995974009162329     0     0     6
40.5226427871436     0.0993901317481332     0     0     6
40.5358549414509     0.0992536087913218     0     0     6
40.5490674029412     0.0996879325172323     0     0     6
40.5622801706905     0.0995393509681989     0     0     6
40.5754932437751     0.0990787984494232     0     0     6
40.5887066212714     0.0993442673945324     0     0     6
40.601920302256     0.0991572721934663     0     0     6
40.6151342858053     0.0993960384324589     0     0     6
40.628348570996     0.0985651537558405     0     0     6
40.6415631569051     0.0982074728572269     0     0     6
40.6547780426093     0.0973222835462796     0     0     6
40.6679932271857     0.0972631221207303     0     0     6
40.6812087097115     0.0969325457830887     0     0     6
40.6944244892639     0.0963132566199984     0     0     6
40.7076405649202     0.0957349751293695     0     0     6
40.7208569357578     0.0952540414738321     0     0     6
40.7340736008544     0.0951989704764623     0     0     6
40.7472905592876     0.0943575512833831     0     0     6
40.7605078101351     0.0936240550264296     0     0     6
40.7737253524748     0.0934659629591487     0     0     6
40.7869431853848     0.0926394260437335     0     0     6
40.800161307943     0.0925649761795245     0     0     6
40.8133797192277     0.0919513738594394     0     0     6
40.8265984183172     0.0914983023810688     0     0     6
40.8398174042898     0.0910812904430706     0     0     6
40.8530366762241     0.0901548560414935     0     0     6
40.8662562331986     0.090075612348806     0     0     6
40.8794760742921     0.089875800665393     0     0     6
40.8926961985833     0.0899618165880081     0     0     6
40.9059166051511     0.0900131914831194     0     0     6
40.9191372930747     0.0909559593379245     0     0     6
40.932358261433     0.0906464764415662     0     0     6
40.9455795093053     0.0920124816179339     0     0     6
40.9588010357708     0.0930182162429521     0     0     6
40.9720228399091     0.0947458868719431     0     0     6
40.9852449207996     0.0966011803841622     0     0     6
40.9984672775219     0.098761848066006     0     0     6
41.0116899091557     0.101317026751162     0     0     6
41.0249128147808     0.103640001067472     0     0     6
41.0381359934772     0.106637222411726     0     0     6
41.0513594443248     0.110289214486403     0     0     6
41.0645831664038     0.114130342620576     0     0     6
41.0778071587943     0.118695728355563     0     0     6
41.0910314205766     0.123738541007915     0     0     6
41.1042559508312     0.129701111853151     0     0     6
41.1174807486384     0.135450180116144     0     0     6
41.130705813079     0.141363348116562     0     0     6
41.1439311432336     0.148292888318096     0     0     6
41.1571567381829     0.155091471099533     0     0     6
41.1703825970079     0.162725028246739     0     0     6
41.1836087187894     0.170328651773914     0     0     6
41.1968351026086     0.178811826688829     0     0     6
41.2100617475467     0.187601917946856     0     0     6
41.2232886526848     0.19667934686836     0     0     6
41.2365158171043     0.206259006410274     0     0     6
41.2497432398867     0.21633888585839     0     0     6
41.2629709201134     0.22684644241005     0     0     6
41.2761988568661     0.237781763747034     0     0     6
41.2894270492266     0.248975881943137     0     0     6
41.3026554962766     0.259826172626727     0     0     6
41.315884197098     0.271356532941823     0     0     6
41.3291131507728     0.284300477935597     0     0     6
41.3423423563831     0.295658392691651     0     0     6
41.3555718130111     0.308281446218083     0     0     6
41.368801519739     0.320335466307654     0     0     6
41.3820314756491     0.332336898212616     0     0     6
41.395261679824     0.345834661585971     0     0     6
41.4084921313462     0.35900743118216     0     0     6
41.4217228292982     0.371469584844241     0     0     6
41.4349537727627     0.384085894334395     0     0     6
41.4481849608227     0.396932849785177     0     0     6
41.4614163925608     0.409160380708275     0     0     6
41.4746480670603     0.421740144009666     0     0     6
41.487879983404     0.433557909782631     0     0     6
41.5011121406751     0.446241925002672     0     0     6
41.5143445379569     0.457770741206071     0     0     6
41.5275771743327     0.469668365278817     0     0     6
41.5408100488858     0.482100727301243     0     0     6
41.5540431606999     0.493707683014363     0     0     6
41.5672765088584     0.505731809818607     0     0     6
41.580510092445     0.517696596500591     0     0     6
41.5937439105435     0.528820637703585     0     0     6
41.6069779622377     0.539760041042046     0     0     6
41.6202122466115     0.550717049172847     0     0     6
41.6334467627489     0.561435914351736     0     0     6
41.646681509734     0.572160780700907     0     0     6
41.6599164866509     0.582319470693598     0     0     6
41.673151692584     0.591881860741994     0     0     6
41.6863871266174     0.601698013614656     0     0     6
41.6996227878358     0.610982718834171     0     0     6
41.7128586753234     0.620512975963348     0     0     6
41.726094788165     0.628822996352853     0     0     6
41.7393311254452     0.637262403506828     0     0     6
41.7525676862486     0.645686344798616     0     0     6
41.7658044696602     0.653508238614376     0     0     6
41.7790414747648     0.66173742059102     0     0     6
41.7922787006474     0.669171054492392     0     0     6
41.8055161463931     0.676624922058119     0     0     6
41.8187538110869     0.683451542739677     0     0     6
41.8319916938142     0.690868144711201     0     0     6
41.8452297936601     0.6977094704893     0     0     6
41.8584681097102     0.704603542186444     0     0     6
41.8717066410497     0.711201681727142     0     0     6
41.8849453867643     0.71696442200602     0     0     6
41.8981843459396     0.723184935226443     0     0     6
41.9114235176612     0.728715510126131     0     0     6
41.9246629010149     0.733845717404956     0     0     6
41.9379024950865     0.739256231221716     0     0     6
41.9511422989619     0.744354896405826     0     0     6
41.9643823117272     0.74889797966198     0     0     6
41.9776225324684     0.753632183756831     0     0     6
41.9908629602715     0.758285330402196     0     0     6
42.0041035942229     0.762682706020781     0     0     6
42.0173444334088     0.767006294142249     0     0     6
42.0305854769156     0.771251827667754     0     0     6
42.0438267238296     0.775200123703892     0     0     6
42.0570681732375     0.779001238656554     0     0     6
42.0703098242257     0.782604286791762     0     0     6
42.083551675881     0.785939641461342     0     0     6
42.09679372729     0.789434787979866     0     0     6
42.1100359775395     0.792274867952944     0     0     6
42.1232784257165     0.79547540137226     0     0     6
42.1365210709078     0.798151112944778     0     0     6
42.1497639122005     0.801193118697998     0     0     6
42.1630069486816     0.803692243223819     0     0     6
42.1762501794383     0.805823058257356     0     0     6
42.1894936035578     0.808405496133456     0     0     6
42.2027372201273     0.810901745282264     0     0     6
42.2159810282344     0.81291485301388     0     0     6
42.2292250269662     0.81516990110383     0     0     6
42.2424692154105     0.81697669623976     0     0     6
42.2557135926547     0.818926888044378     0     0     6
42.2689581577864     0.820694733498669     0     0     6
42.2822029098935     0.822217042011233     0     0     6
42.2954478480635     0.823657810632181     0     0     6
42.3086929713844     0.825403285226159     0     0     6
42.3219382789441     0.826530954112216     0     0     6
42.3351837698304     0.828260771213751     0     0     6
42.3484294431316     0.82944130311085     0     0     6
42.3616752979356     0.83059632299969     0     0     6
42.3749213333306     0.831867015288102     0     0     6
42.3881675484049     0.832590501271749     0     0     6
42.4014139422467     0.833826526731639     0     0     6
42.4146605139445     0.834654811817454     0     0     6
42.4279072625865     0.835475995978609     0     0     6
42.4411541872613     0.836889704002256     0     0     6
42.4544012870576     0.83764557841553     0     0     6
42.4676485610637     0.838412598836359     0     0     6
42.4808960083686     0.839426802161981     0     0     6
42.4941436280607     0.839886175355702     0     0     6
42.5073914192291     0.840538789045999     0     0     6
42.5206393809625     0.841388465199685     0     0     6
42.5338875123499     0.841795740808233     0     0     6
42.5471358124802     0.842271988199882     0     0     6
42.5603842804426     0.842760249406388     0     0     6
42.573632915326     0.842976540859388     0     0     6
42.5868817162196     0.843530354979404     0     0     6
42.6001306822128     0.844216559771403     0     0     6
42.6133798123947     0.844299970128354     0     0     6
42.6266291058547     0.844555948411952     0     0     6
42.6398785616822     0.844705075164239     0     0     6
42.6531281789667     0.845233822267592     0     0     6
42.6663779567977     0.845667079966846     0     0     6
42.6796278942648     0.846150389117039     0     0     6
42.6928779904575     0.846090318883514     0     0     6
42.7061282444657     0.846540752061553     0     0     6
42.719378655379     0.847048501005415     0     0     6
42.7326292222872     0.847591654666715     0     0     6
42.7458799442802     0.847381967569875     0     0     6
42.759130820448     0.848164740827246     0     0     6
42.7723818498804     0.848312106256055     0     0     6
42.7856330316676     0.848663436091994     0     0     6
42.7988843648995     0.848818365507916     0     0     6
42.8121358486664     0.8494114369096     0     0     6
42.8253874820585     0.849652421137662     0     0     6
42.8386392641659     0.849697675103227     0     0     6
42.8518911940789     0.849824186902773     0     0     6
42.865143270888     0.850112764331139     0     0     6
42.8783954936836     0.850633044605708     0     0     6
42.891647861556     0.850683705449246     0     0     6
42.9049003735958     0.850769656236849     0     0     6
42.9181530288935     0.851144222692177     0     0     6
42.9314058265398     0.851275969839878     0     0     6
42.9446587656254     0.851414384632152     0     0     6
42.9579118452409     0.851822775610045     0     0     6
42.9711650644771     0.851883011410594     0     0     6
42.9844184224248     0.852007119225638     0     0     6
42.9976719181749     0.851830550684055     0     0     6
43.0109255508184     0.852198622970086     0     0     6
43.0241793194461     0.852310607603839     0     0     6
43.0374332231491     0.852812189381644     0     0     6
43.0506872610184     0.852627537249441     0     0     6
43.0639414321452     0.852368751971041     0     0     6
43.0771957356206     0.852786626335523     0     0     6
43.0904501705359     0.85300475064076     0     0     6
43.1037047359822     0.852866567606131     0     0     6
43.1169594310509     0.853309714493464     0     0     6
43.1302142548334     0.853275950868131     0     0     6
43.1434692064209     0.853225528248741     0     0     6
43.1567242849051     0.85346102020009     0     0     6
43.1699794893773     0.853289999545283     0     0     6
43.183234818929     0.853454829237515     0     0     6
43.1964902726519     0.853361030155729     0     0     6
43.2097458496376     0.853939982811979     0     0     6
43.2230015489777     0.853356613273247     0     0     6
43.236257369764     0.853829984895321     0     0     6
43.2495133110882     0.853834852128023     0     0     6
43.2627693720421     0.853782012630625     0     0     6
43.2760255517175     0.854055897304439     0     0     6
43.2892818492064     0.85401638288216     0     0     6
43.3025382636006     0.854097821109973     0     0     6
43.3157947939921     0.854343620216721     0     0     6
43.3290514394729     0.853781427371793     0     0     6
43.3423081991352     0.854384745121401     0     0     6
43.3555650720708     0.854030322706035     0     0     6
43.3688220573721     0.854558563693044     0     0     6
43.3820791541312     0.854456933228896     0     0     6
43.3953363614402     0.854470004496836     0     0     6
43.4085936783915     0.854914755532358     0     0     6
43.4218511040773     0.854568224958351     0     0     6
43.43510863759     0.854837502878875     0     0     6
43.4483662780219     0.854568266561487     0     0     6
43.4616240244654     0.85502030319492     0     0     6
43.4748818760131     0.854616720438572     0     0     6
43.4881398317573     0.854547739006406     0     0     6
43.5013978907905     0.854890297115536     0     0     6
43.5146560522055     0.8544631144435     0     0     6
43.5279143150947     0.854793730951061     0     0     6
43.5411726785508     0.85511648786279     0     0     6
43.5544311416664     0.854756223267308     0     0     6
43.5676897035343     0.854942671887166     0     0     6
43.5809483632472     0.854605724018297     0     0     6
43.5942071198979     0.854766387767839     0     0     6
43.6074659725792     0.854781998401111     0     0     6
43.6207249203839     0.85472078385317     0     0     6
43.6339839624049     0.85489932047286     0     0     6
43.6472430977351     0.854947594329795     0     0     6
43.6605023254675     0.854728941507814     0     0     6
43.6737616446951     0.854831768599383     0     0     6
43.6870210545109     0.854699849926009     0     0     6
43.7002805540078     0.854905153663395     0     0     6
43.7135401422791     0.855136137114311     0     0     6
43.7267998184177     0.854750959875557     0     0     6
43.7400595815169     0.85510654465851     0     0     6
43.7533194306699     0.854943970344832     0     0     6
43.7665793649697     0.855335919826576     0     0     6
43.7798393835097     0.85515936482858     0     0     6
43.7930994853832     0.855543846343438     0     0     6
43.8063596696833     0.855334304705276     0     0     6
43.8196199355036     0.855396279354453     0     0     6
43.8328802819372     0.855151339528149     0     0     6
43.8461407080776     0.854923235231925     0     0     6
43.8594012130182     0.855617431468919     0     0     6
43.8726617958525     0.855189985970543     0     0     6
43.8859224556739     0.85540177600501     0     0     6
43.8991831915758     0.855313263995895     0     0     6
43.912444002652     0.855277385778659     0     0     6
43.9257048879957     0.855450533239926     0     0     6
43.9389658467008     0.855766623012918     0     0     6
43.9522268778607     0.855331461658777     0     0     6
43.9654879805692     0.855090469598713     0     0     6
43.9787491539198     0.855113870483707     0     0     6
43.9920103970062     0.855623959531532     0     0     6
44.0052717089222     0.855383760354376     0     0     6
44.0185330887614     0.855773166411985     0     0     6
44.0317945356177     0.855278554954282     0     0     6
44.0450560485848     0.855695660790209     0     0     6
44.0583176267565     0.85541814709549     0     0     6
44.0715792692266     0.85579223025889     0     0     6
44.0848409750891     0.855320361554695     0     0     6
44.0981027434377     0.855782229597085     0     0     6
44.1113645733664     0.855650326275123     0     0     6
44.1246264639691     0.855813539843949     0     0     6
44.1378884143397     0.855602935056228     0     0     6
44.1511504235722     0.855562242797378     0     0     6
44.1644124907606     0.855581454611675     0     0     6
44.1776746149988     0.855698390553518     0     0     6
44.190936795381     0.855647517815376     0     0     6
44.2041990310011     0.855436314240521     0     0     6
44.2174613209532     0.855893159774697     0     0     6
44.2307236643314     0.855865824096335     0     0     6
44.2439860602298     0.855616134869108     0     0     6
44.2572485077426     0.855445152535267     0     0     6
44.2705110059638     0.85563851141833     0     0     6
44.2837735539876     0.8555930812616     0     0     6
44.2970361509082     0.855434254909365     0     0     6
44.3102987958199     0.855891304041817     0     0     6
44.3235614878167     0.855384912559308     0     0     6
44.336824225993     0.85559412270334     0     0     6
44.3500870094429     0.855353793913741     0     0     6
44.3633498372608     0.855642444061143     0     0     6
44.376612708541     0.855543186487614     0     0     6
44.3898756223776     0.855935694065077     0     0     6
44.4031385778651     0.855524040727118     0     0     6
44.4164015740977     0.855778148791479     0     0     6
44.4296646101698     0.855759613723265     0     0     6
44.4429276851758     0.855789552543669     0     0     6
44.45619079821     0.855757270593042     0     0     6
44.4694539483668     0.855449791795852     0     0     6
44.4827171347406     0.855580869083861     0     0     6
44.4959803564257     0.85557415545056     0     0     6
44.5092436125167     0.855563831756956     0     0     6
44.522506902108     0.855433909430445     0     0     6
44.5357702242939     0.855440071532781     0     0     6
44.549033578169     0.855870514385533     0     0     6
44.5622969628277     0.855350901834214     0     0     6
44.5755603773645     0.855505771275593     0     0     6
44.5888238208739     0.855395276038701     0     0     6
44.6020872924504     0.855623696594817     0     0     6
44.6153507911885     0.855707618881053     0     0     6
44.6286143161827     0.855733933965375     0     0     6
44.6418778665275     0.855505185585257     0     0     6
44.6551414413176     0.855202063861979     0     0     6
44.6684050396474     0.855457180912969     0     0     6
44.6816686606115     0.855361057736324     0     0     6
44.6949323033044     0.855682202984912     0     0     6
44.7081959668207     0.855383104454568     0     0     6
44.7214596502551     0.855489426478158     0     0     6
44.7347233527021     0.855134088952663     0     0     6
44.7479870732562     0.855522113825842     0     0     6
44.7612508110122     0.855464411008002     0     0     6
44.7745145650645     0.855402652129257     0     0     6
44.7877783345079     0.855335183068901     0     0     6
44.8010421184369     0.855137834159933     0     0     6
44.8143059159461     0.855509554731865     0     0     6
44.8275697261302     0.855550312698477     0     0     6
44.8408335480838     0.855237464606533     0     0     6
44.8540973809016     0.855538918705915     0     0     6
44.8673612236781     0.855405876359458     0     0     6
44.8806250755081     0.855060730522384     0     0     6
44.8938889354862     0.855201641697192     0     0     6
44.9071528027069     0.855522963120743     0     0     6
44.9204166762651     0.855303494631515     0     0     6
44.9336805552553     0.855418625377523     0     0     6
44.9469444387722     0.855198859058542     0     0     6
44.9602083259105     0.85531939349992     0     0     6
44.9734722157648     0.854863158078387     0     0     6
44.9867361074297     0.855527762328186     0     0     6
45     0.855057778855935     0     0     6
