40.3773296281681     0.18183238712443     0     -2     -4
40.3905383424574     0.174278079244102     0     -2     -4
40.4037473740993     0.173242404010011     0     -2     -4
40.4169567221688     0.183249843988982     0     -2     -4
40.4301663857409     0.184181400083421     0     -2     -4
40.4433763638906     0.173027474556536     0     -2     -4
40.4565866556934     0.173460216493021     0     -2     -4
40.4697972602245     0.184450339461468     0     -2     -4
40.4830081765594     0.183891826910869     0     -2     -4
40.4962194037737     0.173278703839231     0     -2     -4
40.5094309409432     0.176664652711132     0     -2     -4
40.5226427871436     0.187721732631642     0     -2     -4
40.5358549414509     0.181680233019326     0     -2     -4
40.5490674029412     0.173566455801387     0     -2     -4
40.5622801706905     0.183479557546297     0     -2     -4
40.5754932437751     0.189738918802456     0     -2     -4
40.5887066212714     0.179713638988403     0     -2     -4
40.601920302256     0.177187960080945     0     -2     -4
40.6151342858053     0.189876086913418     0     -2     -4
40.628348570996     0.188690551010093     0     -2     -4
40.6415631569051     0.178206162903924     0     -2     -4
40.6547780426093     0.186729224578621     0     -2     -4
40.6679932271857     0.196475038417635     0     -2     -4
40.6812087097115     0.188247407406965     0     -2     -4
40.6944244892639     0.183304558226784     0     -2     -4
40.7076405649202     0.196381722981871     0     -2     -4
40.7208569357578     0.200012314026586     0     -2     -4
40.7340736008544     0.189641268488863     0     -2     -4
40.7472905592876     0.194000462893205     0     -2     -4
40.7605078101351     0.208064725184798     0     -2     -4
40.7737253524748     0.205410724696244     0     -2     -4
40.7869431853848     0.196491590322251     0     -2     -4
40.800161307943     0.207013274086648     0     -2     -4
40.8133797192277     0.21746254248662     0     -2     -4
40.8265984183172     0.210154089247334     0     -2     -4
40.8398174042898     0.209696725706739     0     -2     -4
40.8530366762241     0.224952069690725     0     -2     -4
40.8662562331986     0.230504402038731     0     -2     -4
40.8794760742921     0.221265671912039     0     -2     -4
40.8926961985833     0.229364858468225     0     -2     -4
40.9059166051511     0.245121820088878     0     -2     -4
40.9191372930747     0.243192655734468     0     -2     -4
40.932358261433     0.240605818180461     0     -2     -4
40.9455795093053     0.255572771757596     0     -2     -4
40.9588010357708     0.269117383048345     0     -2     -4
40.9720228399091     0.265619349646206     0     -2     -4
40.9852449207996     0.266866268241415     0     -2     -4
40.9984672775219     0.284446977992555     0     -2     -4
41.0116899091557     0.296976047323401     0     -2     -4
41.0249128147808     0.296340879201565     0     -2     -4
41.0381359934772     0.303066234664043     0     -2     -4
41.0513594443248     0.321937431815007     0     -2     -4
41.0645831664038     0.335937563883114     0     -2     -4
41.0778071587943     0.337023597762498     0     -2     -4
41.0910314205766     0.346081110918274     0     -2     -4
41.1042559508312     0.366182915468743     0     -2     -4
41.1174807486384     0.383770280826973     0     -2     -4
41.130705813079     0.390609000857914     0     -2     -4
41.1439311432336     0.399752460613277     0     -2     -4
41.1571567381829     0.417047648253279     0     -2     -4
41.1703825970079     0.432318725831186     0     -2     -4
41.1836087187894     0.444548238081826     0     -2     -4
41.1968351026086     0.452427186579126     0     -2     -4
41.2100617475467     0.465729652030566     0     -2     -4
41.2232886526848     0.477326238799917     0     -2     -4
41.2365158171043     0.489267513949224     0     -2     -4
41.2497432398867     0.49711703784896     0     -2     -4
41.2629709201134     0.499335539963003     0     -2     -4
41.2761988568661     0.502128622059286     0     -2     -4
41.2894270492266     0.510947688420306     0     -2     -4
41.3026554962766     0.521084185425334     0     -2     -4
41.315884197098     0.520812867464068     0     -2     -4
41.3291131507728     0.51764434704066     0     -2     -4
41.3423423563831     0.523134877189409     0     -2     -4
41.3555718130111     0.533077892364481     0     -2     -4
41.368801519739     0.535294881989006     0     -2     -4
41.3820314756491     0.530403275766183     0     -2     -4
41.395261679824     0.531268324249247     0     -2     -4
41.4084921313462     0.536246775192095     0     -2     -4
41.4217228292982     0.534570085987104     0     -2     -4
41.4349537727627     0.524642432514759     0     -2     -4
41.4481849608227     0.519560908194219     0     -2     -4
41.4614163925608     0.520988243337016     0     -2     -4
41.4746480670603     0.521410885068295     0     -2     -4
41.487879983404     0.512034605823987     0     -2     -4
41.5011121406751     0.500430236095154     0     -2     -4
41.5143445379569     0.494059457925723     0     -2     -4
41.5275771743327     0.487237924418309     0     -2     -4
41.5408100488858     0.472541197188258     0     -2     -4
41.5540431606999     0.453173135905913     0     -2     -4
41.5672765088584     0.435929175452722     0     -2     -4
41.580510092445     0.420465265748485     0     -2     -4
41.5937439105435     0.397069574324251     0     -2     -4
41.6069779622377     0.364002969042976     0     -2     -4
41.6202122466115     0.336488039560282     0     -2     -4
41.6334467627489     0.314922643682966     0     -2     -4
41.646681509734     0.291822867028315     0     -2     -4
41.6599164866509     0.264570346607872     0     -2     -4
41.673151692584     0.249720569489079     0     -2     -4
41.6863871266174     0.244656705822778     0     -2     -4
41.6996227878358     0.236367002408115     0     -2     -4
41.7128586753234     0.221510584793909     0     -2     -4
41.726094788165     0.215192136965538     0     -2     -4
41.7393311254452     0.216680907620397     0     -2     -4
41.7525676862486     0.213195872261355     0     -2     -4
41.7658044696602     0.203415790737591     0     -2     -4
41.7790414747648     0.201407027739054     0     -2     -4
41.7922787006474     0.20495003093115     0     -2     -4
41.8055161463931     0.200667535149318     0     -2     -4
41.8187538110869     0.193956961170601     0     -2     -4
41.8319916938142     0.195902337048147     0     -2     -4
41.8452297936601     0.197599828836223     0     -2     -4
41.8584681097102     0.191436670833021     0     -2     -4
41.8717066410497     0.188811043195226     0     -2     -4
41.8849453867643     0.19242147519649     0     -2     -4
41.8981843459396     0.190312912304127     0     -2     -4
41.9114235176612     0.185080407228908     0     -2     -4
41.9246629010149     0.187011949674979     0     -2     -4
41.9379024950865     0.188526044020465     0     -2     -4
41.9511422989619     0.183894502136718     0     -2     -4
41.9643823117272     0.182964121591445     0     -2     -4
41.9776225324684     0.185939405910898     0     -2     -4
41.9908629602715     0.183688903752801     0     -2     -4
42.0041035942229     0.180705164363681     0     -2     -4
42.0173444334088     0.183271495676249     0     -2     -4
42.0305854769156     0.183207734606119     0     -2     -4
42.0438267238296     0.179566250681133     0     -2     -4
42.0570681732375     0.180197187265803     0     -2     -4
42.0703098242257     0.181826811832576     0     -2     -4
42.083551675881     0.178854274455299     0     -2     -4
42.09679372729     0.177695646613782     0     -2     -4
42.1100359775395     0.179920073451196     0     -2     -4
42.1232784257165     0.179074424532072     0     -2     -4
42.1365210709078     0.17604366865723     0     -2     -4
42.1497639122005     0.177070638444246     0     -2     -4
42.1630069486816     0.177897114451199     0     -2     -4
42.1762501794383     0.175403833605779     0     -2     -4
42.1894936035578     0.174225437481444     0     -2     -4
42.2027372201273     0.175755738000354     0     -2     -4
42.2159810282344     0.174449180113753     0     -2     -4
42.2292250269662     0.171834296823441     0     -2     -4
42.2424692154105     0.172054657523062     0     -2     -4
42.2557135926547     0.172153732423922     0     -2     -4
42.2689581577864     0.17000824740106     0     -2     -4
42.2822029098935     0.168390987116685     0     -2     -4
42.2954478480635     0.168704643675924     0     -2     -4
42.3086929713844     0.167295354784333     0     -2     -4
42.3219382789441     0.163491377157825     0     -2     -4
42.3351837698304     0.162357889811011     0     -2     -4
42.3484294431316     0.161500318456264     0     -2     -4
42.3616752979356     0.158836753597896     0     -2     -4
42.3749213333306     0.155161057318462     0     -2     -4
42.3881675484049     0.153005887924956     0     -2     -4
42.4014139422467     0.150467043716666     0     -2     -4
42.4146605139445     0.145292220346259     0     -2     -4
42.4279072625865     0.141600335903842     0     -2     -4
42.4411541872613     0.139167480557269     0     -2     -4
42.4544012870576     0.137245293164336     0     -2     -4
42.4676485610637     0.135409746056694     0     -2     -4
42.4808960083686     0.134767324615494     0     -2     -4
42.4941436280607     0.135971416864601     0     -2     -4
42.5073914192291     0.136429121938621     0     -2     -4
42.5206393809625     0.138000498216185     0     -2     -4
42.5338875123499     0.140556572622984     0     -2     -4
42.5471358124802     0.1445417085715     0     -2     -4
42.5603842804426     0.147967539661023     0     -2     -4
42.573632915326     0.15017088663151     0     -2     -4
42.5868817162196     0.152778884729522     0     -2     -4
42.6001306822128     0.154631400121943     0     -2     -4
42.6133798123947     0.157848707653864     0     -2     -4
42.6266291058547     0.159407490623304     0     -2     -4
42.6398785616822     0.161132880694935     0     -2     -4
42.6531281789667     0.163515679295959     0     -2     -4
42.6663779567977     0.166154484262079     0     -2     -4
42.6796278942648     0.167827898514446     0     -2     -4
42.6928779904575     0.168120439456736     0     -2     -4
42.7061282444657     0.169655694158886     0     -2     -4
42.719378655379     0.17137818786294     0     -2     -4
42.7326292222872     0.17223474494457     0     -2     -4
42.7458799442802     0.172670213568997     0     -2     -4
42.759130820448     0.173525175950545     0     -2     -4
42.7723818498804     0.174582658889339     0     -2     -4
42.7856330316676     0.175007983081428     0     -2     -4
42.7988843648995     0.175125488269871     0     -2     -4
42.8121358486664     0.175271358422459     0     -2     -4
42.8253874820585     0.176454955604396     0     -2     -4
42.8386392641659     0.176887572841826     0     -2     -4
42.8518911940789     0.176938447183614     0     -2     -4
42.865143270888     0.176944656267258     0     -2     -4
42.8783954936836     0.177682330417107     0     -2     -4
42.891647861556     0.177429871273812     0     -2     -4
42.9049003735958     0.177365242142229     0     -2     -4
42.9181530288935     0.177624264710523     0     -2     -4
42.9314058265398     0.17814233463655     0     -2     -4
42.9446587656254     0.178424618513576     0     -2     -4
42.9579118452409     0.178171240979957     0     -2     -4
42.9711650644771     0.178321771549993     0     -2     -4
42.9844184224248     0.178089934318611     0     -2     -4
42.9976719181749     0.178581814403197     0     -2     -4
43.0109255508184     0.178189564201412     0     -2     -4
43.0241793194461     0.178200462728376     0     -2     -4
43.0374332231491     0.178417557500612     0     -2     -4
43.0506872610184     0.178807407459173     0     -2     -4
43.0639414321452     0.178532187697975     0     -2     -4
43.0771957356206     0.178034450968301     0     -2     -4
43.0904501705359     0.178337409208889     0     -2     -4
43.1037047359822     0.178301516618953     0     -2     -4
43.1169594310509     0.178312505252332     0     -2     -4
43.1302142548334     0.178290489711764     0     -2     -4
43.1434692064209     0.17850937304578     0     -2     -4
43.1567242849051     0.178615817161695     0     -2     -4
43.1699794893773     0.178005327488387     0     -2     -4
43.183234818929     0.178118665601836     0     -2     -4
43.1964902726519     0.178155608026543     0     -2     -4
43.2097458496376     0.17800829180768     0     -2     -4
43.2230015489777     0.17819432606335     0     -2     -4
43.236257369764     0.178406095469924     0     -2     -4
43.2495133110882     0.178045187493074     0     -2     -4
43.2627693720421     0.177900114058651     0     -2     -4
43.2760255517175     0.17789960445871     0     -2     -4
43.2892818492064     0.177956341139897     0     -2     -4
43.3025382636006     0.177815964852388     0     -2     -4
43.3157947939921     0.178098174976428     0     -2     -4
43.3290514394729     0.177948272537313     0     -2     -4
43.3423081991352     0.177852456078607     0     -2     -4
43.3555650720708     0.178065983090941     0     -2     -4
43.3688220573721     0.177705139672044     0     -2     -4
43.3820791541312     0.177428363519275     0     -2     -4
43.3953363614402     0.177524017895078     0     -2     -4
43.4085936783915     0.177813188407639     0     -2     -4
43.4218511040773     0.177677015381668     0     -2     -4
43.43510863759     0.177687977553391     0     -2     -4
43.4483662780219     0.177631935397593     0     -2     -4
43.4616240244654     0.177302874462879     0     -2     -4
43.4748818760131     0.17728020121597     0     -2     -4
43.4881398317573     0.177123507833621     0     -2     -4
43.5013978907905     0.177465302057121     0     -2     -4
43.5146560522055     0.177214865401414     0     -2     -4
43.5279143150947     0.17726497913855     0     -2     -4
43.5411726785508     0.177265520748916     0     -2     -4
43.5544311416664     0.176825376051462     0     -2     -4
43.5676897035343     0.176912273225479     0     -2     -4
43.5809483632472     0.177181605774345     0     -2     -4
43.5942071198979     0.177236911212531     0     -2     -4
43.6074659725792     0.176905931633854     0     -2     -4
43.6207249203839     0.17727762594873     0     -2     -4
43.6339839624049     0.177399233293041     0     -2     -4
43.6472430977351     0.177446334098738     0     -2     -4
43.6605023254675     0.176872848364571     0     -2     -4
43.6737616446951     0.177187261650693     0     -2     -4
43.6870210545109     0.177218030072164     0     -2     -4
43.7002805540078     0.1772073055582     0     -2     -4
43.7135401422791     0.176926781277789     0     -2     -4
43.7267998184177     0.177236925176878     0     -2     -4
43.7400595815169     0.177388382097482     0     -2     -4
43.7533194306699     0.176645393312046     0     -2     -4
43.7665793649697     0.176730921583609     0     -2     -4
43.7798393835097     0.176695845411713     0     -2     -4
43.7930994853832     0.176767391587669     0     -2     -4
43.8063596696833     0.176638832288894     0     -2     -4
43.8196199355036     0.176861521136201     0     -2     -4
43.8328802819372     0.176870900944641     0     -2     -4
43.8461407080776     0.17683237866954     0     -2     -4
43.8594012130182     0.176324306851825     0     -2     -4
43.8726617958525     0.176444653747468     0     -2     -4
43.8859224556739     0.17631340469859     0     -2     -4
43.8991831915758     0.176236573582535     0     -2     -4
43.912444002652     0.176246678362795     0     -2     -4
43.9257048879957     0.176370988104185     0     -2     -4
43.9389658467008     0.176496335059831     0     -2     -4
43.9522268778607     0.175916080008627     0     -2     -4
43.9654879805692     0.175827628355002     0     -2     -4
43.9787491539198     0.175863983900359     0     -2     -4
43.9920103970062     0.17595630970962     0     -2     -4
44.0052717089222     0.175902544010488     0     -2     -4
44.0185330887614     0.175837598126124     0     -2     -4
44.0317945356177     0.175825051799397     0     -2     -4
44.0450560485848     0.175520617350879     0     -2     -4
44.0583176267565     0.175443617667174     0     -2     -4
44.0715792692266     0.175264512794009     0     -2     -4
44.0848409750891     0.175593862968104     0     -2     -4
44.0981027434377     0.175407178688051     0     -2     -4
44.1113645733664     0.175402171708989     0     -2     -4
44.1246264639691     0.175526877474259     0     -2     -4
44.1378884143397     0.175256192559797     0     -2     -4
44.1511504235722     0.174749230166827     0     -2     -4
44.1644124907606     0.174857385791653     0     -2     -4
44.1776746149988     0.174743546106958     0     -2     -4
44.190936795381     0.174883107051557     0     -2     -4
44.2041990310011     0.175023048658386     0     -2     -4
44.2174613209532     0.175059234790779     0     -2     -4
44.2307236643314     0.174730525926301     0     -2     -4
44.2439860602298     0.174283818803731     0     -2     -4
44.2572485077426     0.174336749933545     0     -2     -4
44.2705110059638     0.174240502907368     0     -2     -4
44.2837735539876     0.174220680120302     0     -2     -4
44.2970361509082     0.174168716655075     0     -2     -4
44.3102987958199     0.174354003116715     0     -2     -4
44.3235614878167     0.174246153887995     0     -2     -4
44.336824225993     0.174165810087849     0     -2     -4
44.3500870094429     0.173615497686454     0     -2     -4
44.3633498372608     0.173604074784493     0     -2     -4
44.376612708541     0.173406071983215     0     -2     -4
44.3898756223776     0.173616715940292     0     -2     -4
44.4031385778651     0.173249496518332     0     -2     -4
44.4164015740977     0.173584142061033     0     -2     -4
44.4296646101698     0.173651999766377     0     -2     -4
44.4429276851758     0.173696662856634     0     -2     -4
44.45619079821     0.173124902702281     0     -2     -4
44.4694539483668     0.172895139764565     0     -2     -4
44.4827171347406     0.173060390072036     0     -2     -4
44.4959803564257     0.173045187557215     0     -2     -4
44.5092436125167     0.173002661414356     0     -2     -4
44.522506902108     0.172936725112256     0     -2     -4
44.5357702242939     0.172890978425414     0     -2     -4
44.549033578169     0.172459126185832     0     -2     -4
44.5622969628277     0.172485598453607     0     -2     -4
44.5755603773645     0.172191165036359     0     -2     -4
44.5888238208739     0.172476777571309     0     -2     -4
44.6020872924504     0.17236575480632     0     -2     -4
44.6153507911885     0.172382498065446     0     -2     -4
44.6286143161827     0.172336234909742     0     -2     -4
44.6418778665275     0.17227086739473     0     -2     -4
44.6551414413176     0.17198457376906     0     -2     -4
44.6684050396474     0.171774427021044     0     -2     -4
44.6816686606115     0.171612848744524     0     -2     -4
44.6949323033044     0.171838595561043     0     -2     -4
44.7081959668207     0.171721286610102     0     -2     -4
44.7214596502551     0.171838649378693     0     -2     -4
44.7347233527021     0.171727917512337     0     -2     -4
44.7479870732562     0.171580898445342     0     -2     -4
44.7612508110122     0.17122286476484     0     -2     -4
44.7745145650645     0.171634429376036     0     -2     -4
44.7877783345079     0.171411438293635     0     -2     -4
44.8010421184369     0.171234470461045     0     -2     -4
44.8143059159461     0.171106552442097     0     -2     -4
44.8275697261302     0.171389721541539     0     -2     -4
44.8408335480838     0.171257414407237     0     -2     -4
44.8540973809016     0.170946301676211     0     -2     -4
44.8673612236781     0.170952963348646     0     -2     -4
44.8806250755081     0.171110742107366     0     -2     -4
44.8938889354862     0.170827020293001     0     -2     -4
44.9071528027069     0.170980450914088     0     -2     -4
44.9204166762651     0.170819385502905     0     -2     -4
44.9336805552553     0.171101788238021     0     -2     -4
44.9469444387722     0.170982242151574     0     -2     -4
44.9602083259105     0.170642244344666     0     -2     -4
44.9734722157648     0.170588374725648     0     -2     -4
44.9867361074297     0.170810761366552     0     -2     -4
45     0.170714233048033     0     -2     -4
