40.3773296281681     0.0916306057478479     0     8     10
40.3905383424574     0.092257232808428     0     8     10
40.4037473740993     0.0917243075429338     0     8     10
40.4169567221688     0.0917700030157398     0     8     10
40.4301663857409     0.0921006951736722     0     8     10
40.4433763638906     0.091765353201119     0     8     10
40.4565866556934     0.0913613997643241     0     8     10
40.4697972602245     0.091891101157644     0     8     10
40.4830081765594     0.0916688144568652     0     8     10
40.4962194037737     0.0913414963144377     0     8     10
40.5094309409432     0.0916492040776007     0     8     10
40.5226427871436     0.0917322494652276     0     8     10
40.5358549414509     0.0913362299793738     0     8     10
40.5490674029412     0.0912975509086072     0     8     10
40.5622801706905     0.0909057985890227     0     8     10
40.5754932437751     0.0914918187315813     0     8     10
40.5887066212714     0.0912939973908604     0     8     10
40.601920302256     0.0912474582201104     0     8     10
40.6151342858053     0.0912938096942968     0     8     10
40.628348570996     0.0911238225168088     0     8     10
40.6415631569051     0.0910929516444497     0     8     10
40.6547780426093     0.090873461407521     0     8     10
40.6679932271857     0.0911135562266723     0     8     10
40.6812087097115     0.0910400856882975     0     8     10
40.6944244892639     0.0909454677542881     0     8     10
40.7076405649202     0.0908997646509753     0     8     10
40.7208569357578     0.0907444221128045     0     8     10
40.7340736008544     0.0908814110135309     0     8     10
40.7472905592876     0.0909467518217034     0     8     10
40.7605078101351     0.0907574257212744     0     8     10
40.7737253524748     0.0905793650218609     0     8     10
40.7869431853848     0.0899918983493794     0     8     10
40.800161307943     0.0904874843461191     0     8     10
40.8133797192277     0.0901092095593126     0     8     10
40.8265984183172     0.0900528939187496     0     8     10
40.8398174042898     0.09027943712005     0     8     10
40.8530366762241     0.0902850389979251     0     8     10
40.8662562331986     0.0904683987380222     0     8     10
40.8794760742921     0.090417708903973     0     8     10
40.8926961985833     0.0903661176735067     0     8     10
40.9059166051511     0.0902027104910313     0     8     10
40.9191372930747     0.0897585481148593     0     8     10
40.932358261433     0.0897453409982736     0     8     10
40.9455795093053     0.0895076796118497     0     8     10
40.9588010357708     0.0899023517911904     0     8     10
40.9720228399091     0.0898248816251268     0     8     10
40.9852449207996     0.0892842475797245     0     8     10
40.9984672775219     0.089464213591104     0     8     10
41.0116899091557     0.0892918131828796     0     8     10
41.0249128147808     0.0891073224367692     0     8     10
41.0381359934772     0.0894516617819746     0     8     10
41.0513594443248     0.0895351588254503     0     8     10
41.0645831664038     0.089315713944358     0     8     10
41.0778071587943     0.0893338874827095     0     8     10
41.0910314205766     0.0894838932619757     0     8     10
41.1042559508312     0.0889382599352432     0     8     10
41.1174807486384     0.0892489299613653     0     8     10
41.130705813079     0.0892439077214335     0     8     10
41.1439311432336     0.0886889749203926     0     8     10
41.1571567381829     0.0889978942106399     0     8     10
41.1703825970079     0.0887952410335915     0     8     10
41.1836087187894     0.0888589355481326     0     8     10
41.1968351026086     0.0885739978386867     0     8     10
41.2100617475467     0.0887946240287011     0     8     10
41.2232886526848     0.0890040782858221     0     8     10
41.2365158171043     0.0889395626726268     0     8     10
41.2497432398867     0.0883696313251579     0     8     10
41.2629709201134     0.0888478668227146     0     8     10
41.2761988568661     0.088429377465804     0     8     10
41.2894270492266     0.0885717844652436     0     8     10
41.3026554962766     0.0883750419377134     0     8     10
41.315884197098     0.0883047243455592     0     8     10
41.3291131507728     0.0882025732729944     0     8     10
41.3423423563831     0.0882585981993682     0     8     10
41.3555718130111     0.0878602051930431     0     8     10
41.368801519739     0.0881167584232766     0     8     10
41.3820314756491     0.0878921587869909     0     8     10
41.395261679824     0.0881194935567098     0     8     10
41.4084921313462     0.0880829770165784     0     8     10
41.4217228292982     0.0877821016175063     0     8     10
41.4349537727627     0.0877783506765292     0     8     10
41.4481849608227     0.0878038173176509     0     8     10
41.4614163925608     0.0877384385156707     0     8     10
41.4746480670603     0.0877663610126331     0     8     10
41.487879983404     0.0879896186327699     0     8     10
41.5011121406751     0.0875176956332355     0     8     10
41.5143445379569     0.0877939973436002     0     8     10
41.5275771743327     0.0872677345322179     0     8     10
41.5408100488858     0.0871921970586392     0     8     10
41.5540431606999     0.0875098498218944     0     8     10
41.5672765088584     0.0874059331062054     0     8     10
41.580510092445     0.0871583674275842     0     8     10
41.5937439105435     0.0873727284744311     0     8     10
41.6069779622377     0.0874491954836636     0     8     10
41.6202122466115     0.0871005802674268     0     8     10
41.6334467627489     0.0874524158324371     0     8     10
41.646681509734     0.0873072422726134     0     8     10
41.6599164866509     0.0872558344832061     0     8     10
41.673151692584     0.0874192920442496     0     8     10
41.6863871266174     0.0872857230005116     0     8     10
41.6996227878358     0.0870409683258288     0     8     10
41.7128586753234     0.087025355268911     0     8     10
41.726094788165     0.087285646541301     0     8     10
41.7393311254452     0.0867636826501269     0     8     10
41.7525676862486     0.0869968217366353     0     8     10
41.7658044696602     0.0871006863570824     0     8     10
41.7790414747648     0.0872176600101303     0     8     10
41.7922787006474     0.086245106458514     0     8     10
41.8055161463931     0.0865995546134945     0     8     10
41.8187538110869     0.0866262057296822     0     8     10
41.8319916938142     0.0868638415107237     0     8     10
41.8452297936601     0.0868641213359358     0     8     10
41.8584681097102     0.0865012209869154     0     8     10
41.8717066410497     0.0864817245247325     0     8     10
41.8849453867643     0.0865473406462205     0     8     10
41.8981843459396     0.0864439434786173     0     8     10
41.9114235176612     0.0862797709334913     0     8     10
41.9246629010149     0.0864913478459503     0     8     10
41.9379024950865     0.0863024175224024     0     8     10
41.9511422989619     0.0863442485309479     0     8     10
41.9643823117272     0.0866381139210921     0     8     10
41.9776225324684     0.0862743474789427     0     8     10
41.9908629602715     0.0862222006699903     0     8     10
42.0041035942229     0.0861251030827942     0     8     10
42.0173444334088     0.0857374050617464     0     8     10
42.0305854769156     0.0865507672662151     0     8     10
42.0438267238296     0.0859470734297107     0     8     10
42.0570681732375     0.0864005815044427     0     8     10
42.0703098242257     0.0859497677436815     0     8     10
42.083551675881     0.0861633255242384     0     8     10
42.09679372729     0.0856688051948744     0     8     10
42.1100359775395     0.086170945213007     0     8     10
42.1232784257165     0.0857144308151455     0     8     10
42.1365210709078     0.0857512649649429     0     8     10
42.1497639122005     0.0858097547648028     0     8     10
42.1630069486816     0.0856402789157807     0     8     10
42.1762501794383     0.0855934073875625     0     8     10
42.1894936035578     0.085681572456053     0     8     10
42.2027372201273     0.0851621087695195     0     8     10
42.2159810282344     0.0856484869434526     0     8     10
42.2292250269662     0.0851734542264683     0     8     10
42.2424692154105     0.0854731898668877     0     8     10
42.2557135926547     0.0854856465758293     0     8     10
42.2689581577864     0.085363893050877     0     8     10
42.2822029098935     0.0851649987656395     0     8     10
42.2954478480635     0.0854699274277909     0     8     10
42.3086929713844     0.0851304321666237     0     8     10
42.3219382789441     0.0846459820210851     0     8     10
42.3351837698304     0.0851441760463598     0     8     10
42.3484294431316     0.0846666666004867     0     8     10
42.3616752979356     0.0848674238283037     0     8     10
42.3749213333306     0.0847584582228563     0     8     10
42.3881675484049     0.084796496398409     0     8     10
42.4014139422467     0.0845060795520113     0     8     10
42.4146605139445     0.0844390556400111     0     8     10
42.4279072625865     0.0845033777415824     0     8     10
42.4411541872613     0.0844816880062608     0     8     10
42.4544012870576     0.0846588309683205     0     8     10
42.4676485610637     0.0842475059884888     0     8     10
42.4808960083686     0.0842083788798893     0     8     10
42.4941436280607     0.0839274190264144     0     8     10
42.5073914192291     0.084449484933956     0     8     10
42.5206393809625     0.0846237353347104     0     8     10
42.5338875123499     0.0838481172699459     0     8     10
42.5471358124802     0.0841762814459823     0     8     10
42.5603842804426     0.083885804264219     0     8     10
42.573632915326     0.0836118627968051     0     8     10
42.5868817162196     0.0837035430254288     0     8     10
42.6001306822128     0.0836440296147491     0     8     10
42.6133798123947     0.0836757874006292     0     8     10
42.6266291058547     0.0836240190804437     0     8     10
42.6398785616822     0.0836598556773601     0     8     10
42.6531281789667     0.0837310922470698     0     8     10
42.6663779567977     0.0835030124711557     0     8     10
42.6796278942648     0.0836052643944638     0     8     10
42.6928779904575     0.0838411798568976     0     8     10
42.7061282444657     0.0838082340015411     0     8     10
42.719378655379     0.083205416771765     0     8     10
42.7326292222872     0.082874210458314     0     8     10
42.7458799442802     0.0834047136114124     0     8     10
42.759130820448     0.0828649035176063     0     8     10
42.7723818498804     0.0826609687941163     0     8     10
42.7856330316676     0.0827883234630552     0     8     10
42.7988843648995     0.0826184537979262     0     8     10
42.8121358486664     0.082580580910728     0     8     10
42.8253874820585     0.0827248949293544     0     8     10
42.8386392641659     0.0827525975909811     0     8     10
42.8518911940789     0.0826523049244552     0     8     10
42.865143270888     0.0825132543502435     0     8     10
42.8783954936836     0.0824683073684658     0     8     10
42.891647861556     0.0822068557529746     0     8     10
42.9049003735958     0.0825473482962716     0     8     10
42.9181530288935     0.0820823749931945     0     8     10
42.9314058265398     0.0821708010657222     0     8     10
42.9446587656254     0.082370860037236     0     8     10
42.9579118452409     0.082522179591232     0     8     10
42.9711650644771     0.0820384359117816     0     8     10
42.9844184224248     0.0817448066921619     0     8     10
42.9976719181749     0.0820255340815429     0     8     10
43.0109255508184     0.0817104010242758     0     8     10
43.0241793194461     0.0813967899394074     0     8     10
43.0374332231491     0.081986707985375     0     8     10
43.0506872610184     0.0815072147220778     0     8     10
43.0639414321452     0.0818830188037234     0     8     10
43.0771957356206     0.0815316753730979     0     8     10
43.0904501705359     0.0815848564814376     0     8     10
43.1037047359822     0.0816598754017147     0     8     10
43.1169594310509     0.0816790684150562     0     8     10
43.1302142548334     0.0813907134149014     0     8     10
43.1434692064209     0.0815901471629682     0     8     10
43.1567242849051     0.0812895367364573     0     8     10
43.1699794893773     0.0811940133276965     0     8     10
43.183234818929     0.0813845977624593     0     8     10
43.1964902726519     0.0810325149043328     0     8     10
43.2097458496376     0.0810098479097665     0     8     10
43.2230015489777     0.081076274871047     0     8     10
43.236257369764     0.0805981011215877     0     8     10
43.2495133110882     0.0810879540277321     0     8     10
43.2627693720421     0.0806727982171556     0     8     10
43.2760255517175     0.081401677360587     0     8     10
43.2892818492064     0.0805662103508079     0     8     10
43.3025382636006     0.0805021754825995     0     8     10
43.3157947939921     0.0808983701147433     0     8     10
43.3290514394729     0.080573713072573     0     8     10
43.3423081991352     0.0811729496710507     0     8     10
43.3555650720708     0.0806598205568901     0     8     10
43.3688220573721     0.0811937813549159     0     8     10
43.3820791541312     0.0805517160378551     0     8     10
43.3953363614402     0.0801663745109313     0     8     10
43.4085936783915     0.0802605104799243     0     8     10
43.4218511040773     0.0802776313451798     0     8     10
43.43510863759     0.0804863093429962     0     8     10
43.4483662780219     0.0800471026284202     0     8     10
43.4616240244654     0.0798774493919685     0     8     10
43.4748818760131     0.0801491804818448     0     8     10
43.4881398317573     0.0800887441494052     0     8     10
43.5013978907905     0.0808524297429438     0     8     10
43.5146560522055     0.0801795997189674     0     8     10
43.5279143150947     0.0803113983641526     0     8     10
43.5411726785508     0.0803652221236095     0     8     10
43.5544311416664     0.0798768117354489     0     8     10
43.5676897035343     0.0794930119603937     0     8     10
43.5809483632472     0.0797588872294187     0     8     10
43.5942071198979     0.079555186254166     0     8     10
43.6074659725792     0.0794696228532708     0     8     10
43.6207249203839     0.0795917598121401     0     8     10
43.6339839624049     0.0799757401065002     0     8     10
43.6472430977351     0.0796775105951666     0     8     10
43.6605023254675     0.0795562032117839     0     8     10
43.6737616446951     0.0790561670705269     0     8     10
43.6870210545109     0.0793794213107339     0     8     10
43.7002805540078     0.0795780659736842     0     8     10
43.7135401422791     0.0795984003753253     0     8     10
43.7267998184177     0.0788975995852933     0     8     10
43.7400595815169     0.0794461980755457     0     8     10
43.7533194306699     0.0791864194035174     0     8     10
43.7665793649697     0.0783750305560429     0     8     10
43.7798393835097     0.078674724256605     0     8     10
43.7930994853832     0.0784938866599667     0     8     10
43.8063596696833     0.078447183418849     0     8     10
43.8196199355036     0.0783895879203285     0     8     10
43.8328802819372     0.0782177552260347     0     8     10
43.8461407080776     0.0783168001680108     0     8     10
43.8594012130182     0.0785870687536965     0     8     10
43.8726617958525     0.0785295155091939     0     8     10
43.8859224556739     0.0788414664664937     0     8     10
43.8991831915758     0.0785303256214625     0     8     10
43.912444002652     0.0785199445039729     0     8     10
43.9257048879957     0.078844134118329     0     8     10
43.9389658467008     0.0785416230048269     0     8     10
43.9522268778607     0.0783324069892977     0     8     10
43.9654879805692     0.0776995182678401     0     8     10
43.9787491539198     0.078017122718072     0     8     10
43.9920103970062     0.077325320053576     0     8     10
44.0052717089222     0.0777051600587949     0     8     10
44.0185330887614     0.0772024595994239     0     8     10
44.0317945356177     0.077589219343878     0     8     10
44.0450560485848     0.077227084223413     0     8     10
44.0583176267565     0.0773396163324106     0     8     10
44.0715792692266     0.0772276793466225     0     8     10
44.0848409750891     0.0772632689086113     0     8     10
44.0981027434377     0.0776361183452135     0     8     10
44.1113645733664     0.0776424247016179     0     8     10
44.1246264639691     0.0776838835902179     0     8     10
44.1378884143397     0.0775043791377684     0     8     10
44.1511504235722     0.077549240380842     0     8     10
44.1644124907606     0.0771989428067836     0     8     10
44.1776746149988     0.0770522271074526     0     8     10
44.190936795381     0.0772302029981326     0     8     10
44.2041990310011     0.0765971613437678     0     8     10
44.2174613209532     0.0768460363463107     0     8     10
44.2307236643314     0.0763902777359312     0     8     10
44.2439860602298     0.0765105399971904     0     8     10
44.2572485077426     0.0766385577121584     0     8     10
44.2705110059638     0.076885691181154     0     8     10
44.2837735539876     0.0767968603714019     0     8     10
44.2970361509082     0.0771260040193229     0     8     10
44.3102987958199     0.0768884410194846     0     8     10
44.3235614878167     0.0770024367723574     0     8     10
44.336824225993     0.0769307606847302     0     8     10
44.3500870094429     0.0770351183815982     0     8     10
44.3633498372608     0.0766925472901389     0     8     10
44.376612708541     0.0764490807235454     0     8     10
44.3898756223776     0.076372301949199     0     8     10
44.4031385778651     0.0762940428824273     0     8     10
44.4164015740977     0.0764261138660155     0     8     10
44.4296646101698     0.0762432028765107     0     8     10
44.4429276851758     0.0756739621619522     0     8     10
44.45619079821     0.0760317920793686     0     8     10
44.4694539483668     0.0763924680770065     0     8     10
44.4827171347406     0.0754978545611331     0     8     10
44.4959803564257     0.0758430717380421     0     8     10
44.5092436125167     0.0760123747806126     0     8     10
44.522506902108     0.0763123012451558     0     8     10
44.5357702242939     0.0757021517934556     0     8     10
44.549033578169     0.0763746462572581     0     8     10
44.5622969628277     0.0756976424610195     0     8     10
44.5755603773645     0.0759222443547378     0     8     10
44.5888238208739     0.076018656881623     0     8     10
44.6020872924504     0.0756682527138536     0     8     10
44.6153507911885     0.0756375054388345     0     8     10
44.6286143161827     0.0755602204966059     0     8     10
44.6418778665275     0.0753680765639623     0     8     10
44.6551414413176     0.0751459041007894     0     8     10
44.6684050396474     0.0750150349439031     0     8     10
44.6816686606115     0.0752526946274248     0     8     10
44.6949323033044     0.0752811342873518     0     8     10
44.7081959668207     0.075569355772145     0     8     10
44.7214596502551     0.0750956380165745     0     8     10
44.7347233527021     0.0755223086630283     0     8     10
44.7479870732562     0.0753713602606549     0     8     10
44.7612508110122     0.0753421761823399     0     8     10
44.7745145650645     0.0752677113786186     0     8     10
44.7877783345079     0.075193864261996     0     8     10
44.8010421184369     0.0748527064415687     0     8     10
44.8143059159461     0.074748278305543     0     8     10
44.8275697261302     0.074870919063352     0     8     10
44.8408335480838     0.0747148101682753     0     8     10
44.8540973809016     0.0740665551031191     0     8     10
44.8673612236781     0.0750973600472154     0     8     10
44.8806250755081     0.0743515410865527     0     8     10
44.8938889354862     0.0745345719395565     0     8     10
44.9071528027069     0.074544612375541     0     8     10
44.9204166762651     0.0747879508169258     0     8     10
44.9336805552553     0.074503247425848     0     8     10
44.9469444387722     0.0745815270518577     0     8     10
44.9602083259105     0.0742864480393289     0     8     10
44.9734722157648     0.0738846401091161     0     8     10
44.9867361074297     0.07398696718621     0     8     10
45     0.0741360221093849     0     8     10
