40.3773296281681     0.102924420395532     0     10     0
40.3905383424574     0.103749926467288     0     10     0
40.4037473740993     0.104387660855785     0     10     0
40.4169567221688     0.105430775942311     0     10     0
40.4301663857409     0.106712094342131     0     10     0
40.4433763638906     0.106919384864001     0     10     0
40.4565866556934     0.108452626791097     0     10     0
40.4697972602245     0.109546526583311     0     10     0
40.4830081765594     0.110364008750274     0     10     0
40.4962194037737     0.111634836680397     0     10     0
40.5094309409432     0.112875327106837     0     10     0
40.5226427871436     0.113572597316381     0     10     0
40.5358549414509     0.114634447151185     0     10     0
40.5490674029412     0.115669899183253     0     10     0
40.5622801706905     0.117134260111957     0     10     0
40.5754932437751     0.117732380951046     0     10     0
40.5887066212714     0.118676468387298     0     10     0
40.601920302256     0.119795237647995     0     10     0
40.6151342858053     0.120713678505829     0     10     0
40.628348570996     0.121632562624342     0     10     0
40.6415631569051     0.122430778550069     0     10     0
40.6547780426093     0.123727866328744     0     10     0
40.6679932271857     0.124647220262359     0     10     0
40.6812087097115     0.125459004487158     0     10     0
40.6944244892639     0.126414851969006     0     10     0
40.7076405649202     0.127667896958765     0     10     0
40.7208569357578     0.128741719413365     0     10     0
40.7340736008544     0.129864890816393     0     10     0
40.7472905592876     0.131038920665577     0     10     0
40.7605078101351     0.132241272413596     0     10     0
40.7737253524748     0.133278500662225     0     10     0
40.7869431853848     0.134445250823922     0     10     0
40.800161307943     0.135685977566127     0     10     0
40.8133797192277     0.137187233552224     0     10     0
40.8265984183172     0.13815453473784     0     10     0
40.8398174042898     0.13983986653284     0     10     0
40.8530366762241     0.140817875432514     0     10     0
40.8662562331986     0.141932822419525     0     10     0
40.8794760742921     0.143421505466374     0     10     0
40.8926961985833     0.144916812652687     0     10     0
40.9059166051511     0.146342359237959     0     10     0
40.9191372930747     0.147655832021308     0     10     0
40.932358261433     0.149417261276771     0     10     0
40.9455795093053     0.151152086556657     0     10     0
40.9588010357708     0.152888293320853     0     10     0
40.9720228399091     0.154808891106031     0     10     0
40.9852449207996     0.156678924324956     0     10     0
40.9984672775219     0.158311118820017     0     10     0
41.0116899091557     0.160258117191031     0     10     0
41.0249128147808     0.162408815567448     0     10     0
41.0381359934772     0.164598294436435     0     10     0
41.0513594443248     0.167023365463815     0     10     0
41.0645831664038     0.169330389648746     0     10     0
41.0778071587943     0.171918801429702     0     10     0
41.0910314205766     0.174325144722102     0     10     0
41.1042559508312     0.176507711513153     0     10     0
41.1174807486384     0.179668830340296     0     10     0
41.130705813079     0.182385287479879     0     10     0
41.1439311432336     0.185152686182022     0     10     0
41.1571567381829     0.189031385556623     0     10     0
41.1703825970079     0.191771378503575     0     10     0
41.1836087187894     0.194990507677375     0     10     0
41.1968351026086     0.198414652712326     0     10     0
41.2100617475467     0.202137396176537     0     10     0
41.2232886526848     0.206067084238388     0     10     0
41.2365158171043     0.209594785747274     0     10     0
41.2497432398867     0.213493463409194     0     10     0
41.2629709201134     0.217611392980951     0     10     0
41.2761988568661     0.221355334299416     0     10     0
41.2894270492266     0.225646215228817     0     10     0
41.3026554962766     0.230360735685081     0     10     0
41.315884197098     0.23448761571983     0     10     0
41.3291131507728     0.239198432159212     0     10     0
41.3423423563831     0.243570670317647     0     10     0
41.3555718130111     0.248456972168532     0     10     0
41.368801519739     0.253649033963433     0     10     0
41.3820314756491     0.258273602277598     0     10     0
41.395261679824     0.263277519759877     0     10     0
41.4084921313462     0.268603894196561     0     10     0
41.4217228292982     0.273493864864418     0     10     0
41.4349537727627     0.27862879514086     0     10     0
41.4481849608227     0.284013708962566     0     10     0
41.4614163925608     0.289304627163085     0     10     0
41.4746480670603     0.294831155605448     0     10     0
41.487879983404     0.299585070129992     0     10     0
41.5011121406751     0.305121828358572     0     10     0
41.5143445379569     0.310344708030256     0     10     0
41.5275771743327     0.315687813005006     0     10     0
41.5408100488858     0.321232049283952     0     10     0
41.5540431606999     0.326795905191845     0     10     0
41.5672765088584     0.332327935430681     0     10     0
41.580510092445     0.338095881721692     0     10     0
41.5937439105435     0.344576963369813     0     10     0
41.6069779622377     0.350956833172074     0     10     0
41.6202122466115     0.357116391804686     0     10     0
41.6334467627489     0.36418970816884     0     10     0
41.646681509734     0.370726279241185     0     10     0
41.6599164866509     0.376556497999028     0     10     0
41.673151692584     0.382885692978276     0     10     0
41.6863871266174     0.389998831421902     0     10     0
41.6996227878358     0.39670510426562     0     10     0
41.7128586753234     0.403352190884664     0     10     0
41.726094788165     0.410512009161077     0     10     0
41.7393311254452     0.417631677936433     0     10     0
41.7525676862486     0.424370902568036     0     10     0
41.7658044696602     0.431785830302282     0     10     0
41.7790414747648     0.439646984249793     0     10     0
41.7922787006474     0.448005154931868     0     10     0
41.8055161463931     0.456485199669243     0     10     0
41.8187538110869     0.465178293424085     0     10     0
41.8319916938142     0.474639859644087     0     10     0
41.8452297936601     0.483566209230621     0     10     0
41.8584681097102     0.492833838424753     0     10     0
41.8717066410497     0.503633143003984     0     10     0
41.8849453867643     0.51541828103003     0     10     0
41.8981843459396     0.526902209895487     0     10     0
41.9114235176612     0.538942253877651     0     10     0
41.9246629010149     0.55231979911554     0     10     0
41.9379024950865     0.565059661865576     0     10     0
41.9511422989619     0.580453049771147     0     10     0
41.9643823117272     0.597793395138674     0     10     0
41.9776225324684     0.617988198656608     0     10     0
41.9908629602715     0.640624706498606     0     10     0
42.0041035942229     0.669145131211941     0     10     0
42.0173444334088     0.702779124618418     0     10     0
42.0305854769156     0.74133139243428     0     10     0
42.0438267238296     0.780990816920379     0     10     0
42.0570681732375     0.813581125255519     0     10     0
42.0703098242257     0.831738369039145     0     10     0
42.083551675881     0.838618407302663     0     10     0
42.09679372729     0.841928449964634     0     10     0
42.1100359775395     0.844750984540775     0     10     0
42.1232784257165     0.846129371334534     0     10     0
42.1365210709078     0.847710174583563     0     10     0
42.1497639122005     0.84835043284944     0     10     0
42.1630069486816     0.84924228608866     0     10     0
42.1762501794383     0.850273548878039     0     10     0
42.1894936035578     0.85134206674249     0     10     0
42.2027372201273     0.851724560428618     0     10     0
42.2159810282344     0.852512739636907     0     10     0
42.2292250269662     0.85338624262121     0     10     0
42.2424692154105     0.853650752877277     0     10     0
42.2557135926547     0.854094281722642     0     10     0
42.2689581577864     0.854551932476836     0     10     0
42.2822029098935     0.855068687894504     0     10     0
42.2954478480635     0.85544931333423     0     10     0
42.3086929713844     0.855724377870822     0     10     0
42.3219382789441     0.856224121723892     0     10     0
42.3351837698304     0.856588015540137     0     10     0
42.3484294431316     0.856761867105377     0     10     0
42.3616752979356     0.857299034579827     0     10     0
42.3749213333306     0.857283384262628     0     10     0
42.3881675484049     0.857634162252056     0     10     0
42.4014139422467     0.857746218882023     0     10     0
42.4146605139445     0.85817542531095     0     10     0
42.4279072625865     0.858117160845329     0     10     0
42.4411541872613     0.858591039259605     0     10     0
42.4544012870576     0.858641440821603     0     10     0
42.4676485610637     0.858684529654842     0     10     0
42.4808960083686     0.858582033345511     0     10     0
42.4941436280607     0.858932504850229     0     10     0
42.5073914192291     0.859078131406174     0     10     0
42.5206393809625     0.85942965625474     0     10     0
42.5338875123499     0.859478833730677     0     10     0
42.5471358124802     0.859645398009953     0     10     0
42.5603842804426     0.859591033998648     0     10     0
42.573632915326     0.859384112509155     0     10     0
42.5868817162196     0.859936971488947     0     10     0
42.6001306822128     0.860252678283887     0     10     0
42.6133798123947     0.860467579393699     0     10     0
42.6266291058547     0.860290998469827     0     10     0
42.6398785616822     0.860663554697652     0     10     0
42.6531281789667     0.860627973460179     0     10     0
42.6663779567977     0.860814727444727     0     10     0
42.6796278942648     0.861067724356083     0     10     0
42.6928779904575     0.860971325213233     0     10     0
42.7061282444657     0.861158392734741     0     10     0
42.719378655379     0.861547017424994     0     10     0
42.7326292222872     0.861525789395465     0     10     0
42.7458799442802     0.861712769491684     0     10     0
42.759130820448     0.861996166147203     0     10     0
42.7723818498804     0.861737811517242     0     10     0
42.7856330316676     0.862012153968451     0     10     0
42.7988843648995     0.862049062797257     0     10     0
42.8121358486664     0.862302229072092     0     10     0
42.8253874820585     0.862222820851252     0     10     0
42.8386392641659     0.862305907638667     0     10     0
42.8518911940789     0.862427303786405     0     10     0
42.865143270888     0.862131008934283     0     10     0
42.8783954936836     0.86250163115821     0     10     0
42.891647861556     0.862638582017585     0     10     0
42.9049003735958     0.862511095827257     0     10     0
42.9181530288935     0.862613975774396     0     10     0
42.9314058265398     0.862629476419441     0     10     0
42.9446587656254     0.862775041921876     0     10     0
42.9579118452409     0.862834919594662     0     10     0
42.9711650644771     0.862976567321667     0     10     0
42.9844184224248     0.862624007178428     0     10     0
42.9976719181749     0.863010506535638     0     10     0
43.0109255508184     0.862980968798192     0     10     0
43.0241793194461     0.862830672330903     0     10     0
43.0374332231491     0.86300720811755     0     10     0
43.0506872610184     0.863078563144495     0     10     0
43.0639414321452     0.86291075997589     0     10     0
43.0771957356206     0.862979766651526     0     10     0
43.0904501705359     0.863123104045453     0     10     0
43.1037047359822     0.863098470427608     0     10     0
43.1169594310509     0.863077186086686     0     10     0
43.1302142548334     0.8632599265849     0     10     0
43.1434692064209     0.86297282251891     0     10     0
43.1567242849051     0.8631373123737     0     10     0
43.1699794893773     0.86309863324186     0     10     0
43.183234818929     0.863222136909517     0     10     0
43.1964902726519     0.863222491209228     0     10     0
43.2097458496376     0.863109829028532     0     10     0
43.2230015489777     0.863035169417674     0     10     0
43.236257369764     0.86323161373747     0     10     0
43.2495133110882     0.863223497857469     0     10     0
43.2627693720421     0.863239069861189     0     10     0
43.2760255517175     0.863261504102561     0     10     0
43.2892818492064     0.863215136442088     0     10     0
43.3025382636006     0.863306785207596     0     10     0
43.3157947939921     0.863160527299561     0     10     0
43.3290514394729     0.863121645236688     0     10     0
43.3423081991352     0.863286501746614     0     10     0
43.3555650720708     0.863306389352633     0     10     0
43.3688220573721     0.86315986349069     0     10     0
43.3820791541312     0.863324928726152     0     10     0
43.3953363614402     0.863261531126587     0     10     0
43.4085936783915     0.863074579012544     0     10     0
43.4218511040773     0.86325392155853     0     10     0
43.43510863759     0.863247995468141     0     10     0
43.4483662780219     0.863055710698621     0     10     0
43.4616240244654     0.862996714920838     0     10     0
43.4748818760131     0.863231765145137     0     10     0
43.4881398317573     0.863084624567272     0     10     0
43.5013978907905     0.863143478037383     0     10     0
43.5146560522055     0.863204111202189     0     10     0
43.5279143150947     0.863166714308303     0     10     0
43.5411726785508     0.863048532746032     0     10     0
43.5544311416664     0.863005234188543     0     10     0
43.5676897035343     0.862957525578656     0     10     0
43.5809483632472     0.863159231706689     0     10     0
43.5942071198979     0.863187009371766     0     10     0
43.6074659725792     0.863188755517634     0     10     0
43.6207249203839     0.863225164189853     0     10     0
43.6339839624049     0.863208929305518     0     10     0
43.6472430977351     0.863192051785802     0     10     0
43.6605023254675     0.863080027602615     0     10     0
43.6737616446951     0.863231399242032     0     10     0
43.6870210545109     0.863122722213382     0     10     0
43.7002805540078     0.863025211295904     0     10     0
43.7135401422791     0.86291097085388     0     10     0
43.7267998184177     0.863218121178172     0     10     0
43.7400595815169     0.863001874995313     0     10     0
43.7533194306699     0.863116874305188     0     10     0
43.7665793649697     0.863212209154437     0     10     0
43.7798393835097     0.863146340206421     0     10     0
43.7930994853832     0.863068950460268     0     10     0
43.8063596696833     0.863124208419702     0     10     0
43.8196199355036     0.863131586533262     0     10     0
43.8328802819372     0.863325262706527     0     10     0
43.8461407080776     0.863154466470958     0     10     0
43.8594012130182     0.8631744059322     0     10     0
43.8726617958525     0.863258065667931     0     10     0
43.8859224556739     0.863170501252873     0     10     0
43.8991831915758     0.863242109876662     0     10     0
43.912444002652     0.86294776601962     0     10     0
43.9257048879957     0.863332786315726     0     10     0
43.9389658467008     0.86317966084479     0     10     0
43.9522268778607     0.862850183320995     0     10     0
43.9654879805692     0.863343626152469     0     10     0
43.9787491539198     0.863217633402509     0     10     0
43.9920103970062     0.862969170121305     0     10     0
44.0052717089222     0.862870096304611     0     10     0
44.0185330887614     0.862984243647173     0     10     0
44.0317945356177     0.86313474264902     0     10     0
44.0450560485848     0.863157976538216     0     10     0
44.0583176267565     0.862890574952837     0     10     0
44.0715792692266     0.862769973910487     0     10     0
44.0848409750891     0.862959585837257     0     10     0
44.0981027434377     0.862877268711163     0     10     0
44.1113645733664     0.863067156081253     0     10     0
44.1246264639691     0.863049308243346     0     10     0
44.1378884143397     0.862977307868749     0     10     0
44.1511504235722     0.862723821706291     0     10     0
44.1644124907606     0.862719812316511     0     10     0
44.1776746149988     0.86295859114223     0     10     0
44.190936795381     0.862787719454811     0     10     0
44.2041990310011     0.862940169299607     0     10     0
44.2174613209532     0.862762700936056     0     10     0
44.2307236643314     0.86281097977672     0     10     0
44.2439860602298     0.862669316901831     0     10     0
44.2572485077426     0.862834018425848     0     10     0
44.2705110059638     0.862867911558988     0     10     0
44.2837735539876     0.862591874914201     0     10     0
44.2970361509082     0.862644907011197     0     10     0
44.3102987958199     0.862854643393822     0     10     0
44.3235614878167     0.862758013838527     0     10     0
44.336824225993     0.862802152977244     0     10     0
44.3500870094429     0.862589753967753     0     10     0
44.3633498372608     0.862561729688934     0     10     0
44.376612708541     0.862488949552441     0     10     0
44.3898756223776     0.862504973323546     0     10     0
44.4031385778651     0.862592415243532     0     10     0
44.4164015740977     0.862534493737503     0     10     0
44.4296646101698     0.862689101531133     0     10     0
44.4429276851758     0.862684075468825     0     10     0
44.45619079821     0.862366277940973     0     10     0
44.4694539483668     0.862472791921012     0     10     0
44.4827171347406     0.862607770221761     0     10     0
44.4959803564257     0.862296354305468     0     10     0
44.5092436125167     0.862531072426237     0     10     0
44.522506902108     0.862722199661669     0     10     0
44.5357702242939     0.862710905662194     0     10     0
44.549033578169     0.862537816681098     0     10     0
44.5622969628277     0.8625796669817     0     10     0
44.5755603773645     0.862581152609914     0     10     0
44.5888238208739     0.862377720932428     0     10     0
44.6020872924504     0.862620486186001     0     10     0
44.6153507911885     0.862607526429995     0     10     0
44.6286143161827     0.862634121043305     0     10     0
44.6418778665275     0.862564726133602     0     10     0
44.6551414413176     0.862188619419252     0     10     0
44.6684050396474     0.862081866131398     0     10     0
44.6816686606115     0.862043411530994     0     10     0
44.6949323033044     0.862267607194241     0     10     0
44.7081959668207     0.862104376698025     0     10     0
44.7214596502551     0.862045604857626     0     10     0
44.7347233527021     0.862150357203927     0     10     0
44.7479870732562     0.8620763101268     0     10     0
44.7612508110122     0.862200072249128     0     10     0
44.7745145650645     0.862287201978923     0     10     0
44.7877783345079     0.862430980881838     0     10     0
44.8010421184369     0.861994823234716     0     10     0
44.8143059159461     0.862356275445539     0     10     0
44.8275697261302     0.862276713255914     0     10     0
44.8408335480838     0.862176140617795     0     10     0
44.8540973809016     0.86232348416167     0     10     0
44.8673612236781     0.862220885749129     0     10     0
44.8806250755081     0.862226813405638     0     10     0
44.8938889354862     0.862341502705061     0     10     0
44.9071528027069     0.862344470856113     0     10     0
44.9204166762651     0.862263228928551     0     10     0
44.9336805552553     0.862114148002307     0     10     0
44.9469444387722     0.862211754958551     0     10     0
44.9602083259105     0.862104956597611     0     10     0
44.9734722157648     0.862282582636206     0     10     0
44.9867361074297     0.862186636352719     0     10     0
45     0.862234528714325     0     10     0
