44.9867361074297     0.866669538628676     0     0     4
44.9734722157648     0.866855033069136     0     0     4
44.9602083259105     0.866767719904506     0     0     4
44.9469444387722     0.866758497215106     0     0     4
44.9336805552553     0.866845802989696     0     0     4
44.9204166762651     0.86673071670804     0     0     4
44.9071528027069     0.866815302534576     0     0     4
44.8938889354862     0.866824584781341     0     0     4
44.8806250755081     0.866850937887286     0     0     4
44.8673612236781     0.867047497618194     0     0     4
44.8540973809016     0.8667433864219     0     0     4
44.8408335480838     0.866957673964205     0     0     4
44.8275697261302     0.866908723581541     0     0     4
44.8143059159461     0.86698458885831     0     0     4
44.8010421184369     0.867086369166591     0     0     4
44.7877783345079     0.866916820422198     0     0     4
44.7745145650645     0.866946501923654     0     0     4
44.7612508110122     0.866758831076066     0     0     4
44.7479870732562     0.866962118104936     0     0     4
44.7347233527021     0.866999913107358     0     0     4
44.7214596502551     0.866939663340411     0     0     4
44.7081959668207     0.867026591686061     0     0     4
44.6949323033044     0.86679548688418     0     0     4
44.6816686606115     0.867025445361531     0     0     4
44.6684050396474     0.866833808741516     0     0     4
44.6551414413176     0.867096612834284     0     0     4
44.6418778665275     0.867020924386054     0     0     4
44.6286143161827     0.866858507871554     0     0     4
44.6153507911885     0.867012784794518     0     0     4
44.6020872924504     0.866918456802792     0     0     4
44.5888238208739     0.867241786754271     0     0     4
44.5755603773645     0.866959221459094     0     0     4
44.5622969628277     0.8670786800222     0     0     4
44.549033578169     0.86708210033945     0     0     4
44.5357702242939     0.867215080023384     0     0     4
44.522506902108     0.866960419358806     0     0     4
44.5092436125167     0.866950526215486     0     0     4
44.4959803564257     0.867201985939862     0     0     4
44.4827171347406     0.86658428478565     0     0     4
44.4694539483668     0.86716303405766     0     0     4
44.45619079821     0.867049992262145     0     0     4
44.4429276851758     0.867065113145624     0     0     4
44.4296646101698     0.866950671319853     0     0     4
44.4164015740977     0.867187231785148     0     0     4
44.4031385778651     0.866918081974966     0     0     4
44.3898756223776     0.867100962491014     0     0     4
44.376612708541     0.867052321928791     0     0     4
44.3633498372608     0.867099346082446     0     0     4
44.3500870094429     0.867000993511799     0     0     4
44.336824225993     0.867144685095131     0     0     4
44.3235614878167     0.867005418052639     0     0     4
44.3102987958199     0.867046397805469     0     0     4
44.2970361509082     0.867102469878239     0     0     4
44.2837735539876     0.867042350685932     0     0     4
44.2705110059638     0.866983392855702     0     0     4
44.2572485077426     0.86697837508078     0     0     4
44.2439860602298     0.866882649827902     0     0     4
44.2307236643314     0.866991867682652     0     0     4
44.2174613209532     0.866907114209098     0     0     4
44.2041990310011     0.867070884549304     0     0     4
44.190936795381     0.866787333458211     0     0     4
44.1776746149988     0.866788524528232     0     0     4
44.1644124907606     0.866640565455755     0     0     4
44.1511504235722     0.866746193300117     0     0     4
44.1378884143397     0.866795665521866     0     0     4
44.1246264639691     0.866748969366422     0     0     4
44.1113645733664     0.866668533099744     0     0     4
44.0981027434377     0.866658516168442     0     0     4
44.0848409750891     0.866465615371865     0     0     4
44.0715792692266     0.86675656308578     0     0     4
44.0583176267565     0.866585773213713     0     0     4
44.0450560485848     0.866533337776548     0     0     4
44.0317945356177     0.866279399578796     0     0     4
44.0185330887614     0.866539874190498     0     0     4
44.0052717089222     0.866430218593963     0     0     4
43.9920103970062     0.866671801486247     0     0     4
43.9787491539198     0.866399045327968     0     0     4
43.9654879805692     0.866463257155434     0     0     4
43.9522268778607     0.866264288772343     0     0     4
43.9389658467008     0.866381284444977     0     0     4
43.9257048879957     0.866328618863523     0     0     4
43.912444002652     0.866364883737878     0     0     4
43.8991831915758     0.866385046341367     0     0     4
43.8859224556739     0.866325303996863     0     0     4
43.8726617958525     0.866573818459755     0     0     4
43.8594012130182     0.866170579498169     0     0     4
43.8461407080776     0.866261656430436     0     0     4
43.8328802819372     0.866056505494873     0     0     4
43.8196199355036     0.866225144012611     0     0     4
43.8063596696833     0.86608235946418     0     0     4
43.7930994853832     0.865955273370452     0     0     4
43.7798393835097     0.866003920434156     0     0     4
43.7665793649697     0.865950387589428     0     0     4
43.7533194306699     0.865975654463458     0     0     4
43.7400595815169     0.865747215467245     0     0     4
43.7267998184177     0.865759474272712     0     0     4
43.7135401422791     0.865754951172897     0     0     4
43.7002805540078     0.865665483899455     0     0     4
43.6870210545109     0.86568757240346     0     0     4
43.6737616446951     0.865609385385935     0     0     4
43.6605023254675     0.865610917423567     0     0     4
43.6472430977351     0.865388537169421     0     0     4
43.6339839624049     0.865399322970494     0     0     4
43.6207249203839     0.865627276210775     0     0     4
43.6074659725792     0.865292195633397     0     0     4
43.5942071198979     0.865333009872468     0     0     4
43.5809483632472     0.865401767510894     0     0     4
43.5676897035343     0.864952910501803     0     0     4
43.5544311416664     0.865174245670448     0     0     4
43.5411726785508     0.864902679672542     0     0     4
43.5279143150947     0.865023298719368     0     0     4
43.5146560522055     0.864830997798617     0     0     4
43.5013978907905     0.864770404856622     0     0     4
43.4881398317573     0.86472398178055     0     0     4
43.4748818760131     0.864651178829236     0     0     4
43.4616240244654     0.864456465492332     0     0     4
43.4483662780219     0.864403178471655     0     0     4
43.43510863759     0.864324067150451     0     0     4
43.4218511040773     0.86421965490345     0     0     4
43.4085936783915     0.864007324745555     0     0     4
43.3953363614402     0.86387881459992     0     0     4
43.3820791541312     0.863804870565013     0     0     4
43.3688220573721     0.863630037517927     0     0     4
43.3555650720708     0.863395054821187     0     0     4
43.3423081991352     0.863148684625893     0     0     4
43.3290514394729     0.863071156121994     0     0     4
43.3157947939921     0.862844013962681     0     0     4
43.3025382636006     0.862537892463113     0     0     4
43.2892818492064     0.862382670460153     0     0     4
43.2760255517175     0.861883390852315     0     0     4
43.2627693720421     0.861886335844159     0     0     4
43.2495133110882     0.861508075959169     0     0     4
43.236257369764     0.861052878971362     0     0     4
43.2230015489777     0.860687695122041     0     0     4
43.2097458496376     0.86025895845016     0     0     4
43.1964902726519     0.85991044155991     0     0     4
43.183234818929     0.859556772591384     0     0     4
43.1699794893773     0.859002710064037     0     0     4
43.1567242849051     0.858463303959913     0     0     4
43.1434692064209     0.858007098256361     0     0     4
43.1302142548334     0.857157158811445     0     0     4
43.1169594310509     0.856722219368813     0     0     4
43.1037047359822     0.855755739024647     0     0     4
43.0904501705359     0.855007015495566     0     0     4
43.0771957356206     0.854023994412702     0     0     4
43.0639414321452     0.853167436772019     0     0     4
43.0506872610184     0.851932166411404     0     0     4
43.0374332231491     0.850764765020858     0     0     4
43.0241793194461     0.849495899619384     0     0     4
43.0109255508184     0.847795779333623     0     0     4
42.9976719181749     0.845996498321719     0     0     4
42.9844184224248     0.844263298511321     0     0     4
42.9711650644771     0.842060656578239     0     0     4
42.9579118452409     0.839615590011066     0     0     4
42.9446587656254     0.836946253000168     0     0     4
42.9314058265398     0.833824570828212     0     0     4
42.9181530288935     0.829908997334916     0     0     4
42.9049003735958     0.826177942043889     0     0     4
42.891647861556     0.821031472771213     0     0     4
42.8783954936836     0.815392462683741     0     0     4
42.865143270888     0.808572388538997     0     0     4
42.8518911940789     0.801204543936462     0     0     4
42.8386392641659     0.791757408517251     0     0     4
42.8253874820585     0.780982795921902     0     0     4
42.8121358486664     0.766867865413391     0     0     4
42.7988843648995     0.750747229894226     0     0     4
42.7856330316676     0.730266942425945     0     0     4
42.7723818498804     0.705975601503837     0     0     4
42.759130820448     0.675212766465051     0     0     4
42.7458799442802     0.637944899404912     0     0     4
42.7326292222872     0.591606963113468     0     0     4
42.719378655379     0.536670201459603     0     0     4
42.7061282444657     0.469377039116954     0     0     4
42.6928779904575     0.400678334281046     0     0     4
42.6796278942648     0.32848041960245     0     0     4
42.6663779567977     0.270293473395775     0     0     4
42.6531281789667     0.23437958206265     0     0     4
42.6398785616822     0.233858674743125     0     0     4
42.6266291058547     0.265622411696835     0     0     4
42.6133798123947     0.31898898019838     0     0     4
42.6001306822128     0.38542648871936     0     0     4
42.5868817162196     0.449616531343155     0     0     4
42.573632915326     0.510705070012377     0     0     4
42.5603842804426     0.560190200358702     0     0     4
42.5471358124802     0.604966378882137     0     0     4
42.5338875123499     0.641858307399675     0     0     4
42.5206393809625     0.671655942974511     0     0     4
42.5073914192291     0.696196443516534     0     0     4
42.4941436280607     0.717362940306614     0     0     4
42.4808960083686     0.734406793338896     0     0     4
42.4676485610637     0.748456560704222     0     0     4
42.4544012870576     0.760125781612099     0     0     4
42.4411541872613     0.771536405150268     0     0     4
42.4279072625865     0.779870149503253     0     0     4
42.4146605139445     0.787784941365781     0     0     4
42.4014139422467     0.794003794424131     0     0     4
42.3881675484049     0.799797816866756     0     0     4
42.3749213333306     0.804618813243267     0     0     4
42.3616752979356     0.808959470272761     0     0     4
42.3484294431316     0.812693099806853     0     0     4
42.3351837698304     0.816194145893307     0     0     4
42.3219382789441     0.81913709651245     0     0     4
42.3086929713844     0.821577047766988     0     0     4
42.2954478480635     0.824100301580885     0     0     4
42.2822029098935     0.826041964567722     0     0     4
42.2689581577864     0.827959562307084     0     0     4
42.2557135926547     0.829804888594342     0     0     4
42.2424692154105     0.831147742777294     0     0     4
42.2292250269662     0.832791044268422     0     0     4
42.2159810282344     0.833797109113228     0     0     4
42.2027372201273     0.835001215715176     0     0     4
42.1894936035578     0.836229679264754     0     0     4
42.1762501794383     0.837106356606243     0     0     4
42.1630069486816     0.837919038289463     0     0     4
42.1497639122005     0.838699621860104     0     0     4
42.1365210709078     0.839646976452356     0     0     4
42.1232784257165     0.840198209597819     0     0     4
42.1100359775395     0.84078848474974     0     0     4
42.09679372729     0.841333007483639     0     0     4
42.083551675881     0.841870723727397     0     0     4
42.0703098242257     0.842466811843624     0     0     4
42.0570681732375     0.842876297076441     0     0     4
42.0438267238296     0.843410550111828     0     0     4
42.0305854769156     0.843658225247357     0     0     4
42.0173444334088     0.843904862997088     0     0     4
42.0041035942229     0.844342140976115     0     0     4
41.9908629602715     0.84462365927536     0     0     4
41.9776225324684     0.844837286471952     0     0     4
41.9643823117272     0.844937162877884     0     0     4
41.9511422989619     0.845475501316456     0     0     4
41.9379024950865     0.845438122450183     0     0     4
41.9246629010149     0.845532245482771     0     0     4
41.9114235176612     0.845651157635812     0     0     4
41.8981843459396     0.845836983987491     0     0     4
41.8849453867643     0.846080185446876     0     0     4
41.8717066410497     0.845982635581986     0     0     4
41.8584681097102     0.846115089183231     0     0     4
41.8452297936601     0.846111198583777     0     0     4
41.8319916938142     0.84614877330023     0     0     4
41.8187538110869     0.846218334613724     0     0     4
41.8055161463931     0.846324490281009     0     0     4
41.7922787006474     0.846242979990347     0     0     4
41.7790414747648     0.846541544097474     0     0     4
41.7658044696602     0.845819377880663     0     0     4
41.7525676862486     0.846447658328676     0     0     4
41.7393311254452     0.846063421077217     0     0     4
41.726094788165     0.845933108486498     0     0     4
41.7128586753234     0.845858077865381     0     0     4
41.6996227878358     0.846025046479705     0     0     4
41.6863871266174     0.845602393461918     0     0     4
41.673151692584     0.845347292866963     0     0     4
41.6599164866509     0.845619571549366     0     0     4
41.646681509734     0.845611108108073     0     0     4
41.6334467627489     0.845347204625888     0     0     4
41.6202122466115     0.84517257450613     0     0     4
41.6069779622377     0.845047171556352     0     0     4
41.5937439105435     0.845082145298535     0     0     4
41.580510092445     0.844712331467186     0     0     4
41.5672765088584     0.844624439806904     0     0     4
41.5540431606999     0.84431385992465     0     0     4
41.5408100488858     0.844124120787219     0     0     4
41.5275771743327     0.844089238142556     0     0     4
41.5143445379569     0.84396465250059     0     0     4
41.5011121406751     0.843661378704136     0     0     4
41.487879983404     0.843557540387278     0     0     4
41.4746480670603     0.843287451361533     0     0     4
41.4614163925608     0.842968467617257     0     0     4
41.4481849608227     0.842837544710935     0     0     4
41.4349537727627     0.84272693838499     0     0     4
41.4217228292982     0.842137754176469     0     0     4
41.4084921313462     0.842208416614332     0     0     4
41.395261679824     0.841797954249857     0     0     4
41.3820314756491     0.84146263381155     0     0     4
41.368801519739     0.841387866035221     0     0     4
41.3555718130111     0.841035229156333     0     0     4
41.3423423563831     0.840686928826695     0     0     4
41.3291131507728     0.840329767079455     0     0     4
41.315884197098     0.840010301842915     0     0     4
41.3026554962766     0.839951856434885     0     0     4
41.2894270492266     0.839515540976838     0     0     4
41.2761988568661     0.839274945251379     0     0     4
41.2629709201134     0.838864961511959     0     0     4
41.2497432398867     0.838610852021352     0     0     4
41.2365158171043     0.838776648767249     0     0     4
41.2232886526848     0.837946704680545     0     0     4
41.2100617475467     0.837741320863361     0     0     4
41.1968351026086     0.837205378995543     0     0     4
41.1836087187894     0.836987859418554     0     0     4
41.1703825970079     0.836674245598686     0     0     4
41.1571567381829     0.836346615213328     0     0     4
41.1439311432336     0.836199694767457     0     0     4
41.130705813079     0.835976544933874     0     0     4
41.1174807486384     0.835423737380416     0     0     4
41.1042559508312     0.835067009972028     0     0     4
41.0910314205766     0.834824811956517     0     0     4
41.0778071587943     0.834480550882366     0     0     4
41.0645831664038     0.834219620775859     0     0     4
41.0513594443248     0.833905895087248     0     0     4
41.0381359934772     0.833430302973191     0     0     4
41.0249128147808     0.833297191781331     0     0     4
41.0116899091557     0.832972035239496     0     0     4
40.9984672775219     0.832539729868174     0     0     4
40.9852449207996     0.832262138599697     0     0     4
40.9720228399091     0.831810014323056     0     0     4
40.9588010357708     0.831603349828858     0     0     4
40.9455795093053     0.831351183451158     0     0     4
40.932358261433     0.830936974874256     0     0     4
40.9191372930747     0.830643508438533     0     0     4
40.9059166051511     0.830147172435663     0     0     4
40.8926961985833     0.829944165413913     0     0     4
40.8794760742921     0.82947087169554     0     0     4
40.8662562331986     0.829216395474437     0     0     4
40.8530366762241     0.8288820923911     0     0     4
40.8398174042898     0.828592685223558     0     0     4
40.8265984183172     0.828074639861306     0     0     4
40.8133797192277     0.827572628126089     0     0     4
40.800161307943     0.82734262828257     0     0     4
40.7869431853848     0.826913340743709     0     0     4
40.7737253524748     0.826620726855048     0     0     4
40.7605078101351     0.826154866447595     0     0     4
40.7472905592876     0.825750988180597     0     0     4
40.7340736008544     0.825358808301453     0     0     4
40.7208569357578     0.82494080630187     0     0     4
40.7076405649202     0.824554843704698     0     0     4
40.6944244892639     0.824035224599731     0     0     4
40.6812087097115     0.823602720747037     0     0     4
40.6679932271857     0.823040678854025     0     0     4
40.6547780426093     0.822505570059172     0     0     4
40.6415631569051     0.822001908021803     0     0     4
40.628348570996     0.821603850522424     0     0     4
40.6151342858053     0.821138840850279     0     0     4
40.601920302256     0.820531127653732     0     0     4
40.5887066212714     0.819967891635554     0     0     4
40.5754932437751     0.819518703701079     0     0     4
40.5622801706905     0.818635923410575     0     0     4
40.5490674029412     0.818161344410673     0     0     4
40.5358549414509     0.817481104083773     0     0     4
40.5226427871436     0.817158878208556     0     0     4
40.5094309409432     0.816349756169047     0     0     4
40.4962194037737     0.815730906950843     0     0     4
40.4830081765594     0.814980488893535     0     0     4
40.4697972602245     0.814609810754737     0     0     4
40.4565866556934     0.813915150734639     0     0     4
40.4433763638906     0.8133246877948     0     0     4
40.4301663857409     0.812686214697991     0     0     4
40.4169567221688     0.811831462441685     0     0     4
40.4037473740993     0.811306922396988     0     0     4
40.3905383424574     0.810558829290294     0     0     4
40.3773296281681     0.810011787798704     0     0     4
40.3641212321566     0.809375141907935     0     0     4
