44.9867361074297     0.42771589314267     0     -6     2
44.9734722157648     0.427654800034334     0     -6     2
44.9602083259105     0.428804394126333     0     -6     2
44.9469444387722     0.421889597459978     0     -6     2
44.9336805552553     0.422568575080257     0     -6     2
44.9204166762651     0.426315979370746     0     -6     2
44.9071528027069     0.427111761975401     0     -6     2
44.8938889354862     0.435316759459562     0     -6     2
44.8806250755081     0.434003398692204     0     -6     2
44.8673612236781     0.433408395500619     0     -6     2
44.8540973809016     0.43377606611148     0     -6     2
44.8408335480838     0.430664599169372     0     -6     2
44.8275697261302     0.429806251160465     0     -6     2
44.8143059159461     0.430174378524516     0     -6     2
44.8010421184369     0.428602047379993     0     -6     2
44.7877783345079     0.443438293218573     0     -6     2
44.7745145650645     0.441657188428208     0     -6     2
44.7612508110122     0.440914417366808     0     -6     2
44.7479870732562     0.440826840348762     0     -6     2
44.7347233527021     0.437508466331095     0     -6     2
44.7214596502551     0.439187834565953     0     -6     2
44.7081959668207     0.436737410727469     0     -6     2
44.6949323033044     0.448800574628808     0     -6     2
44.6816686606115     0.448232736119742     0     -6     2
44.6684050396474     0.449021370150898     0     -6     2
44.6551414413176     0.445374674559836     0     -6     2
44.6418778665275     0.447805917451779     0     -6     2
44.6286143161827     0.446699337741183     0     -6     2
44.6153507911885     0.444322758906887     0     -6     2
44.6020872924504     0.444235831511499     0     -6     2
44.5888238208739     0.45504618011215     0     -6     2
44.5755603773645     0.455371592286694     0     -6     2
44.5622969628277     0.452503578188888     0     -6     2
44.549033578169     0.45268555802259     0     -6     2
44.5357702242939     0.452930147120664     0     -6     2
44.522506902108     0.452717990973381     0     -6     2
44.5092436125167     0.453813436847585     0     -6     2
44.4959803564257     0.450723759072624     0     -6     2
44.4827171347406     0.463036361871789     0     -6     2
44.4694539483668     0.462232762942877     0     -6     2
44.45619079821     0.462954110243594     0     -6     2
44.4429276851758     0.461630921698416     0     -6     2
44.4296646101698     0.462391164696957     0     -6     2
44.4164015740977     0.46072252656814     0     -6     2
44.4031385778651     0.459312740939598     0     -6     2
44.3898756223776     0.469841647785589     0     -6     2
44.376612708541     0.468787406531388     0     -6     2
44.3633498372608     0.4662704910841     0     -6     2
44.3500870094429     0.461151483810675     0     -6     2
44.336824225993     0.461456259253464     0     -6     2
44.3235614878167     0.460328121516547     0     -6     2
44.3102987958199     0.452902334183206     0     -6     2
44.2970361509082     0.450635575454864     0     -6     2
44.2837735539876     0.463623484257804     0     -6     2
44.2705110059638     0.459452742148894     0     -6     2
44.2572485077426     0.454374189619786     0     -6     2
44.2439860602298     0.44996209841645     0     -6     2
44.2307236643314     0.4523910841454     0     -6     2
44.2174613209532     0.450366330989366     0     -6     2
44.2041990310011     0.443561879240892     0     -6     2
44.190936795381     0.459969089820012     0     -6     2
44.1776746149988     0.454298655738063     0     -6     2
44.1644124907606     0.450493680059796     0     -6     2
44.1511504235722     0.44374241889574     0     -6     2
44.1378884143397     0.447395654710003     0     -6     2
44.1246264639691     0.441930813884624     0     -6     2
44.1113645733664     0.443112263803909     0     -6     2
44.0981027434377     0.438693464626261     0     -6     2
44.0848409750891     0.453504388146957     0     -6     2
44.0715792692266     0.447162048351316     0     -6     2
44.0583176267565     0.442444593698437     0     -6     2
44.0450560485848     0.445374365919099     0     -6     2
44.0317945356177     0.447227694118774     0     -6     2
44.0185330887614     0.44178905980443     0     -6     2
44.0052717089222     0.436044483870815     0     -6     2
43.9920103970062     0.451136217293992     0     -6     2
43.9787491539198     0.446212400816955     0     -6     2
43.9654879805692     0.437332610600818     0     -6     2
43.9522268778607     0.44371996314765     0     -6     2
43.9389658467008     0.446537980314027     0     -6     2
43.9257048879957     0.441668973199184     0     -6     2
43.912444002652     0.433715469239175     0     -6     2
43.8991831915758     0.429496386688822     0     -6     2
43.8859224556739     0.447152872440804     0     -6     2
43.8726617958525     0.440744548126664     0     -6     2
43.8594012130182     0.444380762088976     0     -6     2
43.8461407080776     0.446627287790484     0     -6     2
43.8328802819372     0.44074883839156     0     -6     2
43.8196199355036     0.436063655556991     0     -6     2
43.8063596696833     0.427457774972701     0     -6     2
43.7930994853832     0.443491689221111     0     -6     2
43.7798393835097     0.439361815802138     0     -6     2
43.7665793649697     0.444605959611114     0     -6     2
43.7533194306699     0.439496283677833     0     -6     2
43.7400595815169     0.442652597641819     0     -6     2
43.7267998184177     0.43749572232417     0     -6     2
43.7135401422791     0.43049480078283     0     -6     2
43.7002805540078     0.422962859877014     0     -6     2
43.6870210545109     0.440665446873884     0     -6     2
43.6737616446951     0.436562708578514     0     -6     2
43.6605023254675     0.427809588376379     0     -6     2
43.6472430977351     0.434688010641192     0     -6     2
43.6339839624049     0.428665392184013     0     -6     2
43.6207249203839     0.435588046713342     0     -6     2
43.6074659725792     0.432552696612304     0     -6     2
43.5942071198979     0.452433272473215     0     -6     2
43.5809483632472     0.446328041134126     0     -6     2
43.5676897035343     0.43828430185683     0     -6     2
43.5544311416664     0.447631582533357     0     -6     2
43.5411726785508     0.449738359396601     0     -6     2
43.5279143150947     0.446825395508224     0     -6     2
43.5146560522055     0.440514614974483     0     -6     2
43.5013978907905     0.457164759860681     0     -6     2
43.4881398317573     0.453240735205237     0     -6     2
43.4748818760131     0.446385280908489     0     -6     2
43.4616240244654     0.452105563875506     0     -6     2
43.4483662780219     0.45648440172871     0     -6     2
43.43510863759     0.453584769071507     0     -6     2
43.4218511040773     0.449356462120165     0     -6     2
43.4085936783915     0.443380667704001     0     -6     2
43.3953363614402     0.459980428910217     0     -6     2
43.3820791541312     0.458142571602928     0     -6     2
43.3688220573721     0.460545352462956     0     -6     2
43.3555650720708     0.465031827328912     0     -6     2
43.3423081991352     0.463422838142018     0     -6     2
43.3290514394729     0.457562202917336     0     -6     2
43.3157947939921     0.453934182670925     0     -6     2
43.3025382636006     0.469607831254367     0     -6     2
43.2892818492064     0.468152899344067     0     -6     2
43.2760255517175     0.471026341676801     0     -6     2
43.2627693720421     0.476372640298877     0     -6     2
43.2495133110882     0.4820594713295     0     -6     2
43.236257369764     0.489132058690133     0     -6     2
43.2230015489777     0.481004454847383     0     -6     2
43.2097458496376     0.496005109325902     0     -6     2
43.1964902726519     0.492742264180238     0     -6     2
43.183234818929     0.497686553383303     0     -6     2
43.1699794893773     0.500340244489906     0     -6     2
43.1567242849051     0.504814480172905     0     -6     2
43.1434692064209     0.509818501871091     0     -6     2
43.1302142548334     0.507229761857732     0     -6     2
43.1169594310509     0.517475219254281     0     -6     2
43.1037047359822     0.51810981802227     0     -6     2
43.0904501705359     0.512240978549397     0     -6     2
43.0771957356206     0.510103770004546     0     -6     2
43.0639414321452     0.509552270898354     0     -6     2
43.0506872610184     0.506606959982685     0     -6     2
43.0374332231491     0.499852097857158     0     -6     2
43.0241793194461     0.495303223544482     0     -6     2
43.0109255508184     0.507905141141791     0     -6     2
42.9976719181749     0.502005676230645     0     -6     2
42.9844184224248     0.506684088225721     0     -6     2
42.9711650644771     0.511852008381591     0     -6     2
42.9579118452409     0.505465911045573     0     -6     2
42.9446587656254     0.499026492293744     0     -6     2
42.9314058265398     0.495133358894001     0     -6     2
42.9181530288935     0.513066468642123     0     -6     2
42.9049003735958     0.505197274890534     0     -6     2
42.891647861556     0.500662148416699     0     -6     2
42.8783954936836     0.504239281091805     0     -6     2
42.865143270888     0.500321460791294     0     -6     2
42.8518911940789     0.493950954417387     0     -6     2
42.8386392641659     0.490478650123261     0     -6     2
42.8253874820585     0.501596578405662     0     -6     2
42.8121358486664     0.501800363785462     0     -6     2
42.7988843648995     0.491686333505445     0     -6     2
42.7856330316676     0.48208978955285     0     -6     2
42.7723818498804     0.487893604074046     0     -6     2
42.759130820448     0.48471654739714     0     -6     2
42.7458799442802     0.487841558088464     0     -6     2
42.7326292222872     0.500015902429754     0     -6     2
42.719378655379     0.494539532608767     0     -6     2
42.7061282444657     0.503148689319587     0     -6     2
42.6928779904575     0.49444814106241     0     -6     2
42.6796278942648     0.496999214680788     0     -6     2
42.6663779567977     0.49242303445594     0     -6     2
42.6531281789667     0.48785786353576     0     -6     2
42.6398785616822     0.50122504443523     0     -6     2
42.6266291058547     0.495145002809497     0     -6     2
42.6133798123947     0.488679007486146     0     -6     2
42.6001306822128     0.496070964401896     0     -6     2
42.5868817162196     0.499145229066871     0     -6     2
42.573632915326     0.493798205786845     0     -6     2
42.5603842804426     0.488443286049467     0     -6     2
42.5471358124802     0.495733471531638     0     -6     2
42.5338875123499     0.504212131175807     0     -6     2
42.5206393809625     0.499064283112224     0     -6     2
42.5073914192291     0.496293863701002     0     -6     2
42.4941436280607     0.500772349955175     0     -6     2
42.4808960083686     0.490794416637054     0     -6     2
42.4676485610637     0.48734654443324     0     -6     2
42.4544012870576     0.482513460440575     0     -6     2
42.4411541872613     0.496287249309149     0     -6     2
42.4279072625865     0.485360395651603     0     -6     2
42.4146605139445     0.483042381088655     0     -6     2
42.4014139422467     0.491038222830964     0     -6     2
42.3881675484049     0.482280454816625     0     -6     2
42.3749213333306     0.471155544241264     0     -6     2
42.3616752979356     0.485747945059504     0     -6     2
42.3484294431316     0.497935946059482     0     -6     2
42.3351837698304     0.492130249358401     0     -6     2
42.3219382789441     0.490673278679674     0     -6     2
42.3086929713844     0.500221050947848     0     -6     2
42.2954478480635     0.486993959787881     0     -6     2
42.2822029098935     0.481944197084436     0     -6     2
42.2689581577864     0.477971110753471     0     -6     2
42.2557135926547     0.497971063797107     0     -6     2
42.2424692154105     0.485307351707684     0     -6     2
42.2292250269662     0.496084549215688     0     -6     2
42.2159810282344     0.504328457221763     0     -6     2
42.2027372201273     0.493242952928095     0     -6     2
42.1894936035578     0.485350191258033     0     -6     2
42.1762501794383     0.487666820040963     0     -6     2
42.1630069486816     0.499076578122271     0     -6     2
42.1497639122005     0.492095011264191     0     -6     2
42.1365210709078     0.500612561896554     0     -6     2
42.1232784257165     0.508371360153892     0     -6     2
42.1100359775395     0.495746704177953     0     -6     2
42.09679372729     0.490841428320232     0     -6     2
42.083551675881     0.494758150169686     0     -6     2
42.0703098242257     0.509210836634728     0     -6     2
42.0570681732375     0.490296928334829     0     -6     2
42.0438267238296     0.495668806613107     0     -6     2
42.0305854769156     0.50673925074931     0     -6     2
42.0173444334088     0.493316310206417     0     -6     2
42.0041035942229     0.492997405103526     0     -6     2
41.9908629602715     0.509947446305701     0     -6     2
41.9776225324684     0.522692926636251     0     -6     2
41.9643823117272     0.505187822794493     0     -6     2
41.9511422989619     0.513316854121672     0     -6     2
41.9379024950865     0.534664846873199     0     -6     2
41.9246629010149     0.529043560577115     0     -6     2
41.9114235176612     0.519206192880164     0     -6     2
41.8981843459396     0.535206701662566     0     -6     2
41.8849453867643     0.560215058414271     0     -6     2
41.8717066410497     0.541927891712984     0     -6     2
41.8584681097102     0.523119496788476     0     -6     2
41.8452297936601     0.545904464816269     0     -6     2
41.8319916938142     0.55784516346102     0     -6     2
41.8187538110869     0.534585434413932     0     -6     2
41.8055161463931     0.522097464568114     0     -6     2
41.7922787006474     0.552930060689748     0     -6     2
41.7790414747648     0.565394134408278     0     -6     2
41.7658044696602     0.54039069537224     0     -6     2
41.7525676862486     0.524008476165092     0     -6     2
41.7393311254452     0.542826603342499     0     -6     2
41.726094788165     0.560319642994777     0     -6     2
41.7128586753234     0.544993218618367     0     -6     2
41.6996227878358     0.530572777646674     0     -6     2
41.6863871266174     0.537107106471428     0     -6     2
41.673151692584     0.56445776360915     0     -6     2
41.6599164866509     0.558119769171498     0     -6     2
41.646681509734     0.532215319390689     0     -6     2
41.6334467627489     0.527663426022492     0     -6     2
41.6202122466115     0.545984620495674     0     -6     2
41.6069779622377     0.548407155595549     0     -6     2
41.5937439105435     0.510458755147845     0     -6     2
41.580510092445     0.489641079455749     0     -6     2
41.5672765088584     0.491585391928704     0     -6     2
41.5540431606999     0.480992408047715     0     -6     2
41.5408100488858     0.437402499868744     0     -6     2
41.5275771743327     0.395252511932819     0     -6     2
41.5143445379569     0.379879292436954     0     -6     2
41.5011121406751     0.365712994910933     0     -6     2
41.487879983404     0.323855177597793     0     -6     2
41.4746480670603     0.28255522714011     0     -6     2
41.4614163925608     0.256649700503525     0     -6     2
41.4481849608227     0.238607635246386     0     -6     2
41.4349537727627     0.213398965204864     0     -6     2
41.4217228292982     0.188099886738338     0     -6     2
41.4084921313462     0.165526827712707     0     -6     2
41.395261679824     0.147364737056884     0     -6     2
41.3820314756491     0.139613508017571     0     -6     2
41.368801519739     0.138209615680121     0     -6     2
41.3555718130111     0.128070953341757     0     -6     2
41.3423423563831     0.116499343020369     0     -6     2
41.3291131507728     0.121868672402294     0     -6     2
41.315884197098     0.136901598376421     0     -6     2
41.3026554962766     0.137117599952977     0     -6     2
41.2894270492266     0.131520059858832     0     -6     2
41.2761988568661     0.144511981972492     0     -6     2
41.2629709201134     0.166510651482752     0     -6     2
41.2497432398867     0.172658590775759     0     -6     2
41.2365158171043     0.170056313648498     0     -6     2
41.2232886526848     0.184505370017064     0     -6     2
41.2100617475467     0.208519126352997     0     -6     2
41.1968351026086     0.215472012496087     0     -6     2
41.1836087187894     0.208626517494599     0     -6     2
41.1703825970079     0.223829191539872     0     -6     2
41.1571567381829     0.248696910287462     0     -6     2
41.1439311432336     0.254139724770555     0     -6     2
41.130705813079     0.245211315668638     0     -6     2
41.1174807486384     0.264411781137039     0     -6     2
41.1042559508312     0.286142917352551     0     -6     2
41.0910314205766     0.279761911670893     0     -6     2
41.0778071587943     0.271567132412888     0     -6     2
41.0645831664038     0.297480914515189     0     -6     2
41.0513594443248     0.315339588808602     0     -6     2
41.0381359934772     0.29729181945066     0     -6     2
41.0249128147808     0.301200328675561     0     -6     2
41.0116899091557     0.330290212204974     0     -6     2
40.9984672775219     0.326055303331944     0     -6     2
40.9852449207996     0.30909168404756     0     -6     2
40.9720228399091     0.326684907651865     0     -6     2
40.9588010357708     0.35187449101176     0     -6     2
40.9455795093053     0.333768362056491     0     -6     2
40.932358261433     0.324422822133363     0     -6     2
40.9191372930747     0.34991376117482     0     -6     2
40.9059166051511     0.356029058616397     0     -6     2
40.8926961985833     0.331949007316221     0     -6     2
40.8794760742921     0.344007910481012     0     -6     2
40.8662562331986     0.365878137490772     0     -6     2
40.8530366762241     0.353997435380914     0     -6     2
40.8398174042898     0.334563394838486     0     -6     2
40.8265984183172     0.35310845404427     0     -6     2
40.8133797192277     0.367495894791254     0     -6     2
40.800161307943     0.345231898221726     0     -6     2
40.7869431853848     0.340543604727483     0     -6     2
40.7737253524748     0.363569083689187     0     -6     2
40.7605078101351     0.362727435127362     0     -6     2
40.7472905592876     0.33663895419789     0     -6     2
40.7340736008544     0.342300121831778     0     -6     2
40.7208569357578     0.362740269927856     0     -6     2
40.7076405649202     0.346825447235307     0     -6     2
40.6944244892639     0.332327527499608     0     -6     2
40.6812087097115     0.348629402491504     0     -6     2
40.6679932271857     0.35755001933399     0     -6     2
40.6547780426093     0.332187159602123     0     -6     2
40.6415631569051     0.325931152770619     0     -6     2
40.628348570996     0.344162431511778     0     -6     2
40.6151342858053     0.34168270040355     0     -6     2
40.601920302256     0.321127095932625     0     -6     2
40.5887066212714     0.321176229181075     0     -6     2
40.5754932437751     0.33812940277708     0     -6     2
40.5622801706905     0.330265452488484     0     -6     2
40.5490674029412     0.307784990160464     0     -6     2
40.5358549414509     0.30810239693719     0     -6     2
40.5226427871436     0.321651312183981     0     -6     2
40.5094309409432     0.318772956763154     0     -6     2
40.4962194037737     0.296625371514211     0     -6     2
40.4830081765594     0.294493880936274     0     -6     2
40.4697972602245     0.306463585669619     0     -6     2
40.4565866556934     0.305941639235482     0     -6     2
40.4433763638906     0.286238905053608     0     -6     2
40.4301663857409     0.274156950109534     0     -6     2
40.4169567221688     0.286436357824593     0     -6     2
40.4037473740993     0.290827309610464     0     -6     2
40.3905383424574     0.273991031023193     0     -6     2
40.3773296281681     0.259316741886659     0     -6     2
40.3641212321566     0.263244521790446     0     -6     2
