44.9867361074297     0.861353477485128     0     6     2
44.9734722157648     0.861435693322346     0     6     2
44.9602083259105     0.861397597770157     0     6     2
44.9469444387722     0.86148656817909     0     6     2
44.9336805552553     0.861477426970389     0     6     2
44.9204166762651     0.861533129327727     0     6     2
44.9071528027069     0.861564547080129     0     6     2
44.8938889354862     0.861531440445107     0     6     2
44.8806250755081     0.86151883217483     0     6     2
44.8673612236781     0.861585341057749     0     6     2
44.8540973809016     0.861510090639892     0     6     2
44.8408335480838     0.86162179552639     0     6     2
44.8275697261302     0.861462033002477     0     6     2
44.8143059159461     0.861514239606439     0     6     2
44.8010421184369     0.861700493420025     0     6     2
44.7877783345079     0.861567336900972     0     6     2
44.7745145650645     0.861701075256494     0     6     2
44.7612508110122     0.861627507514423     0     6     2
44.7479870732562     0.861620108762347     0     6     2
44.7347233527021     0.861646792884232     0     6     2
44.7214596502551     0.861570486252874     0     6     2
44.7081959668207     0.861571107210044     0     6     2
44.6949323033044     0.861681970920994     0     6     2
44.6816686606115     0.861743864371058     0     6     2
44.6684050396474     0.861616089762791     0     6     2
44.6551414413176     0.861634820589579     0     6     2
44.6418778665275     0.861849571828902     0     6     2
44.6286143161827     0.861519279925569     0     6     2
44.6153507911885     0.861768278802121     0     6     2
44.6020872924504     0.861730819504686     0     6     2
44.5888238208739     0.861843470778116     0     6     2
44.5755603773645     0.861901145784088     0     6     2
44.5622969628277     0.861722043214914     0     6     2
44.549033578169     0.861832405726951     0     6     2
44.5357702242939     0.861628442159729     0     6     2
44.522506902108     0.861691929733869     0     6     2
44.5092436125167     0.861980760586417     0     6     2
44.4959803564257     0.861818742343399     0     6     2
44.4827171347406     0.861737445392469     0     6     2
44.4694539483668     0.86196489236599     0     6     2
44.45619079821     0.861678259715101     0     6     2
44.4429276851758     0.861863148004297     0     6     2
44.4296646101698     0.861809421801457     0     6     2
44.4164015740977     0.861774689202074     0     6     2
44.4031385778651     0.861858264923794     0     6     2
44.3898756223776     0.861777993791816     0     6     2
44.376612708541     0.861642155133297     0     6     2
44.3633498372608     0.861822067960874     0     6     2
44.3500870094429     0.861820798613488     0     6     2
44.336824225993     0.861743642835117     0     6     2
44.3235614878167     0.861700507691229     0     6     2
44.3102987958199     0.861589505037909     0     6     2
44.2970361509082     0.861701343369876     0     6     2
44.2837735539876     0.861658914649463     0     6     2
44.2705110059638     0.861562892674552     0     6     2
44.2572485077426     0.861584663310223     0     6     2
44.2439860602298     0.861705834042322     0     6     2
44.2307236643314     0.861654730354822     0     6     2
44.2174613209532     0.861598437552521     0     6     2
44.2041990310011     0.861486296404032     0     6     2
44.190936795381     0.861558607228509     0     6     2
44.1776746149988     0.861380840865337     0     6     2
44.1644124907606     0.861508947167914     0     6     2
44.1511504235722     0.861379989649588     0     6     2
44.1378884143397     0.861416955120226     0     6     2
44.1246264639691     0.861271780371542     0     6     2
44.1113645733664     0.861434650122764     0     6     2
44.0981027434377     0.86128066711362     0     6     2
44.0848409750891     0.861335282862639     0     6     2
44.0715792692266     0.861202632333419     0     6     2
44.0583176267565     0.861276187365817     0     6     2
44.0450560485848     0.861285055789434     0     6     2
44.0317945356177     0.861225541081461     0     6     2
44.0185330887614     0.861191980773282     0     6     2
44.0052717089222     0.861240921795033     0     6     2
43.9920103970062     0.861173699311148     0     6     2
43.9787491539198     0.861044118081004     0     6     2
43.9654879805692     0.861134951958815     0     6     2
43.9522268778607     0.861100184611419     0     6     2
43.9389658467008     0.861076283165339     0     6     2
43.9257048879957     0.861084485602039     0     6     2
43.912444002652     0.861071746272428     0     6     2
43.8991831915758     0.860951186402397     0     6     2
43.8859224556739     0.861025207764133     0     6     2
43.8726617958525     0.861002130023262     0     6     2
43.8594012130182     0.860914910499313     0     6     2
43.8461407080776     0.86088087451043     0     6     2
43.8328802819372     0.860863059098717     0     6     2
43.8196199355036     0.860849415709006     0     6     2
43.8063596696833     0.860563570317485     0     6     2
43.7930994853832     0.860770376005224     0     6     2
43.7798393835097     0.860690843682624     0     6     2
43.7665793649697     0.860795652813731     0     6     2
43.7533194306699     0.860695052212183     0     6     2
43.7400595815169     0.860561257685833     0     6     2
43.7267998184177     0.860538942423407     0     6     2
43.7135401422791     0.860452862783626     0     6     2
43.7002805540078     0.860459106450468     0     6     2
43.6870210545109     0.860411288146964     0     6     2
43.6737616446951     0.860289578359126     0     6     2
43.6605023254675     0.860184879612761     0     6     2
43.6472430977351     0.860324044766212     0     6     2
43.6339839624049     0.86017709041796     0     6     2
43.6207249203839     0.860147728057499     0     6     2
43.6074659725792     0.860094491357171     0     6     2
43.5942071198979     0.860035097793226     0     6     2
43.5809483632472     0.86009173888475     0     6     2
43.5676897035343     0.859891067969402     0     6     2
43.5544311416664     0.859891564560792     0     6     2
43.5411726785508     0.859854706744193     0     6     2
43.5279143150947     0.859921669714697     0     6     2
43.5146560522055     0.859716274206867     0     6     2
43.5013978907905     0.859568851326074     0     6     2
43.4881398317573     0.859736000283174     0     6     2
43.4748818760131     0.859454496913375     0     6     2
43.4616240244654     0.859496995830123     0     6     2
43.4483662780219     0.859342040795085     0     6     2
43.43510863759     0.859104702299565     0     6     2
43.4218511040773     0.859050114938764     0     6     2
43.4085936783915     0.858990602836309     0     6     2
43.3953363614402     0.858828966955321     0     6     2
43.3820791541312     0.858684277844724     0     6     2
43.3688220573721     0.858537377905605     0     6     2
43.3555650720708     0.858374279500857     0     6     2
43.3423081991352     0.858148375388215     0     6     2
43.3290514394729     0.857959096664901     0     6     2
43.3157947939921     0.857775732342212     0     6     2
43.3025382636006     0.857567943701406     0     6     2
43.2892818492064     0.857268630577265     0     6     2
43.2760255517175     0.856875974525807     0     6     2
43.2627693720421     0.856868000457583     0     6     2
43.2495133110882     0.856432830921721     0     6     2
43.236257369764     0.856252880833875     0     6     2
43.2230015489777     0.855730978506584     0     6     2
43.2097458496376     0.855408861821636     0     6     2
43.1964902726519     0.855117528057728     0     6     2
43.183234818929     0.854610125333019     0     6     2
43.1699794893773     0.854278641659823     0     6     2
43.1567242849051     0.853565172314992     0     6     2
43.1434692064209     0.852933569827428     0     6     2
43.1302142548334     0.852353957283678     0     6     2
43.1169594310509     0.851872345790025     0     6     2
43.1037047359822     0.851196034272571     0     6     2
43.0904501705359     0.850435669745163     0     6     2
43.0771957356206     0.849529399795377     0     6     2
43.0639414321452     0.848681980661958     0     6     2
43.0506872610184     0.847617103038422     0     6     2
43.0374332231491     0.846632972879272     0     6     2
43.0241793194461     0.84527489877643     0     6     2
43.0109255508184     0.843839349578221     0     6     2
42.9976719181749     0.842318638536133     0     6     2
42.9844184224248     0.840586629938252     0     6     2
42.9711650644771     0.838333815811492     0     6     2
42.9579118452409     0.836315414536756     0     6     2
42.9446587656254     0.833852577411081     0     6     2
42.9314058265398     0.831157421090569     0     6     2
42.9181530288935     0.827852262602621     0     6     2
42.9049003735958     0.824354261502221     0     6     2
42.891647861556     0.820150069839772     0     6     2
42.8783954936836     0.815741606339279     0     6     2
42.865143270888     0.810376585158738     0     6     2
42.8518911940789     0.804342448158966     0     6     2
42.8386392641659     0.79646652182182     0     6     2
42.8253874820585     0.788492357190331     0     6     2
42.8121358486664     0.777679064966254     0     6     2
42.7988843648995     0.765709653643316     0     6     2
42.7856330316676     0.750643642795951     0     6     2
42.7723818498804     0.733639572351997     0     6     2
42.759130820448     0.710847844169316     0     6     2
42.7458799442802     0.685318858467433     0     6     2
42.7326292222872     0.650636127073036     0     6     2
42.719378655379     0.612452144515881     0     6     2
42.7061282444657     0.561199579191601     0     6     2
42.6928779904575     0.506216518186745     0     6     2
42.6796278942648     0.437737806749924     0     6     2
42.6663779567977     0.369112164370389     0     6     2
42.6531281789667     0.301541375035064     0     6     2
42.6398785616822     0.251318878741378     0     6     2
42.6266291058547     0.224237586895783     0     6     2
42.6133798123947     0.228434679483082     0     6     2
42.6001306822128     0.261668360391051     0     6     2
42.5868817162196     0.313154463606491     0     6     2
42.573632915326     0.377160192034189     0     6     2
42.5603842804426     0.43639341066257     0     6     2
42.5471358124802     0.496292001046066     0     6     2
42.5338875123499     0.544004865111556     0     6     2
42.5206393809625     0.590120246132322     0     6     2
42.5073914192291     0.625804040463567     0     6     2
42.4941436280607     0.657542731586512     0     6     2
42.4808960083686     0.682969865916786     0     6     2
42.4676485610637     0.705624582009789     0     6     2
42.4544012870576     0.721818224165587     0     6     2
42.4411541872613     0.736885079141164     0     6     2
42.4279072625865     0.749696839472119     0     6     2
42.4146605139445     0.760688982003952     0     6     2
42.4014139422467     0.770210277209652     0     6     2
42.3881675484049     0.778733471168222     0     6     2
42.3749213333306     0.785395641330669     0     6     2
42.3616752979356     0.791759567425653     0     6     2
42.3484294431316     0.796814261561878     0     6     2
42.3351837698304     0.801585437561784     0     6     2
42.3219382789441     0.805593800070824     0     6     2
42.3086929713844     0.809232082234919     0     6     2
42.2954478480635     0.812448578191398     0     6     2
42.2822029098935     0.81511253955659     0     6     2
42.2689581577864     0.81778840359341     0     6     2
42.2557135926547     0.820114580706244     0     6     2
42.2424692154105     0.822078266978737     0     6     2
42.2292250269662     0.824090313407464     0     6     2
42.2159810282344     0.825689869898265     0     6     2
42.2027372201273     0.827142233975171     0     6     2
42.1894936035578     0.828575226573017     0     6     2
42.1762501794383     0.829799963994818     0     6     2
42.1630069486816     0.830739726365296     0     6     2
42.1497639122005     0.832061908454418     0     6     2
42.1365210709078     0.832894813800563     0     6     2
42.1232784257165     0.833788322298286     0     6     2
42.1100359775395     0.834705478062816     0     6     2
42.09679372729     0.835436099825592     0     6     2
42.083551675881     0.836116288876968     0     6     2
42.0703098242257     0.836609737124962     0     6     2
42.0570681732375     0.837276019810124     0     6     2
42.0438267238296     0.837921741275676     0     6     2
42.0305854769156     0.838184057552134     0     6     2
42.0173444334088     0.838828052257531     0     6     2
42.0041035942229     0.839303073791494     0     6     2
41.9908629602715     0.83957007688435     0     6     2
41.9776225324684     0.839904910797067     0     6     2
41.9643823117272     0.840183582704815     0     6     2
41.9511422989619     0.840785452424546     0     6     2
41.9379024950865     0.840792843199203     0     6     2
41.9246629010149     0.84112302407722     0     6     2
41.9114235176612     0.841467787813286     0     6     2
41.8981843459396     0.841581994190501     0     6     2
41.8849453867643     0.841894609527411     0     6     2
41.8717066410497     0.84192698754299     0     6     2
41.8584681097102     0.842223214217495     0     6     2
41.8452297936601     0.842312846455674     0     6     2
41.8319916938142     0.842359427984284     0     6     2
41.8187538110869     0.842647182810148     0     6     2
41.8055161463931     0.842723769856784     0     6     2
41.7922787006474     0.84288815944613     0     6     2
41.7790414747648     0.842815061485405     0     6     2
41.7658044696602     0.843048284185253     0     6     2
41.7525676862486     0.843022397203127     0     6     2
41.7393311254452     0.843137669046419     0     6     2
41.726094788165     0.842979977720065     0     6     2
41.7128586753234     0.843300705493479     0     6     2
41.6996227878358     0.843367275474923     0     6     2
41.6863871266174     0.843383300269331     0     6     2
41.673151692584     0.84358621720382     0     6     2
41.6599164866509     0.843501462597652     0     6     2
41.646681509734     0.843595758467689     0     6     2
41.6334467627489     0.843642444640172     0     6     2
41.6202122466115     0.843564163776879     0     6     2
41.6069779622377     0.843402049278598     0     6     2
41.5937439105435     0.84366658562799     0     6     2
41.580510092445     0.843375300091981     0     6     2
41.5672765088584     0.843386802426627     0     6     2
41.5540431606999     0.843324624675307     0     6     2
41.5408100488858     0.843352745441126     0     6     2
41.5275771743327     0.843189926376616     0     6     2
41.5143445379569     0.843300472020347     0     6     2
41.5011121406751     0.843111008365602     0     6     2
41.487879983404     0.843019471814501     0     6     2
41.4746480670603     0.842928144254776     0     6     2
41.4614163925608     0.842992893714311     0     6     2
41.4481849608227     0.842771634550799     0     6     2
41.4349537727627     0.842819996082333     0     6     2
41.4217228292982     0.842698391299258     0     6     2
41.4084921313462     0.842676553808718     0     6     2
41.395261679824     0.842536701638083     0     6     2
41.3820314756491     0.842438999747251     0     6     2
41.368801519739     0.842368977105435     0     6     2
41.3555718130111     0.842339804657876     0     6     2
41.3423423563831     0.84218680928561     0     6     2
41.3291131507728     0.842202049770983     0     6     2
41.315884197098     0.841923523021742     0     6     2
41.3026554962766     0.841945378299747     0     6     2
41.2894270492266     0.841807481038159     0     6     2
41.2761988568661     0.841870951469306     0     6     2
41.2629709201134     0.841634104031169     0     6     2
41.2497432398867     0.84154387822125     0     6     2
41.2365158171043     0.8413492908733     0     6     2
41.2232886526848     0.841137870291419     0     6     2
41.2100617475467     0.841148756162333     0     6     2
41.1968351026086     0.84081062564301     0     6     2
41.1836087187894     0.840770104556561     0     6     2
41.1703825970079     0.840691365015341     0     6     2
41.1571567381829     0.840567057355265     0     6     2
41.1439311432336     0.84035988529007     0     6     2
41.130705813079     0.840001170548711     0     6     2
41.1174807486384     0.839811404786278     0     6     2
41.1042559508312     0.839774419167912     0     6     2
41.0910314205766     0.839570969828713     0     6     2
41.0778071587943     0.839172547992328     0     6     2
41.0645831664038     0.839023782061494     0     6     2
41.0513594443248     0.838821840056507     0     6     2
41.0381359934772     0.838552183940118     0     6     2
41.0249128147808     0.838367097768291     0     6     2
41.0116899091557     0.838088268727024     0     6     2
40.9984672775219     0.837661892557069     0     6     2
40.9852449207996     0.837353491759106     0     6     2
40.9720228399091     0.837287717238016     0     6     2
40.9588010357708     0.836717781634582     0     6     2
40.9455795093053     0.836671846831742     0     6     2
40.932358261433     0.836228527063833     0     6     2
40.9191372930747     0.835889099770843     0     6     2
40.9059166051511     0.835547026463949     0     6     2
40.8926961985833     0.835278310546993     0     6     2
40.8794760742921     0.834847638897185     0     6     2
40.8662562331986     0.834522717695927     0     6     2
40.8530366762241     0.834301312309826     0     6     2
40.8398174042898     0.833863949055068     0     6     2
40.8265984183172     0.833531113732364     0     6     2
40.8133797192277     0.833174724608351     0     6     2
40.800161307943     0.832588662484371     0     6     2
40.7869431853848     0.832214733134551     0     6     2
40.7737253524748     0.832082176833599     0     6     2
40.7605078101351     0.831610080547237     0     6     2
40.7472905592876     0.830956958884038     0     6     2
40.7340736008544     0.830597217476584     0     6     2
40.7208569357578     0.830160090685069     0     6     2
40.7076405649202     0.829801874178374     0     6     2
40.6944244892639     0.829516882905862     0     6     2
40.6812087097115     0.828938055626581     0     6     2
40.6679932271857     0.828349212368245     0     6     2
40.6547780426093     0.827835731643063     0     6     2
40.6415631569051     0.827321722772969     0     6     2
40.628348570996     0.826788559781403     0     6     2
40.6151342858053     0.826301403515499     0     6     2
40.601920302256     0.825694529544395     0     6     2
40.5887066212714     0.82516143710659     0     6     2
40.5754932437751     0.824596419668439     0     6     2
40.5622801706905     0.823840926636657     0     6     2
40.5490674029412     0.823300731891953     0     6     2
40.5358549414509     0.822711027940825     0     6     2
40.5226427871436     0.822171220232787     0     6     2
40.5094309409432     0.821558425046372     0     6     2
40.4962194037737     0.820746767964128     0     6     2
40.4830081765594     0.820186113524371     0     6     2
40.4697972602245     0.819353137191888     0     6     2
40.4565866556934     0.81881197403887     0     6     2
40.4433763638906     0.818147427488389     0     6     2
40.4301663857409     0.8174436081891     0     6     2
40.4169567221688     0.816828829230703     0     6     2
40.4037473740993     0.816202644773407     0     6     2
40.3905383424574     0.815221092148035     0     6     2
40.3773296281681     0.814742883873041     0     6     2
40.3641212321566     0.813943085679492     0     6     2
