40.3773296281681     0.0919131072664665     0     8     10
40.3905383424574     0.0921831975154328     0     8     10
40.4037473740993     0.0917887179136947     0     8     10
40.4169567221688     0.0915580824950415     0     8     10
40.4301663857409     0.0918571288815611     0     8     10
40.4433763638906     0.0922092914939066     0     8     10
40.4565866556934     0.0915738801450999     0     8     10
40.4697972602245     0.0913069246444348     0     8     10
40.4830081765594     0.0913683552316232     0     8     10
40.4962194037737     0.0912781490200669     0     8     10
40.5094309409432     0.0914580909739064     0     8     10
40.5226427871436     0.0912946664818716     0     8     10
40.5358549414509     0.0916982507088812     0     8     10
40.5490674029412     0.0915273490047376     0     8     10
40.5622801706905     0.0911215055787906     0     8     10
40.5754932437751     0.0912746220974293     0     8     10
40.5887066212714     0.0915268961770731     0     8     10
40.601920302256     0.0901832673107885     0     8     10
40.6151342858053     0.0900378386944639     0     8     10
40.628348570996     0.0899414929126529     0     8     10
40.6415631569051     0.0901010124793491     0     8     10
40.6547780426093     0.0906566525467898     0     8     10
40.6679932271857     0.09057369107018     0     8     10
40.6812087097115     0.0905777243044767     0     8     10
40.6944244892639     0.0907074287891039     0     8     10
40.7076405649202     0.0902144983715167     0     8     10
40.7208569357578     0.0899550215152943     0     8     10
40.7340736008544     0.0904650755665251     0     8     10
40.7472905592876     0.0901906287707344     0     8     10
40.7605078101351     0.0908566733703607     0     8     10
40.7737253524748     0.0900549606888178     0     8     10
40.7869431853848     0.0902654871255878     0     8     10
40.800161307943     0.0902460584450262     0     8     10
40.8133797192277     0.0895939252010582     0     8     10
40.8265984183172     0.0901718746576526     0     8     10
40.8398174042898     0.0898280392211026     0     8     10
40.8530366762241     0.089803892604984     0     8     10
40.8662562331986     0.0898863673127733     0     8     10
40.8794760742921     0.0897464625720214     0     8     10
40.8926961985833     0.0898532535612314     0     8     10
40.9059166051511     0.0898444416975079     0     8     10
40.9191372930747     0.0897176914116541     0     8     10
40.932358261433     0.0896023783257185     0     8     10
40.9455795093053     0.0893968715908885     0     8     10
40.9588010357708     0.0891916721753904     0     8     10
40.9720228399091     0.0891039376444117     0     8     10
40.9852449207996     0.0892313851318705     0     8     10
40.9984672775219     0.0896798333995486     0     8     10
41.0116899091557     0.0891058803960472     0     8     10
41.0249128147808     0.0892202238164117     0     8     10
41.0381359934772     0.0892298878032366     0     8     10
41.0513594443248     0.0887041131372748     0     8     10
41.0645831664038     0.0886668914066189     0     8     10
41.0778071587943     0.0888827593928823     0     8     10
41.0910314205766     0.0885990503573314     0     8     10
41.1042559508312     0.0887270408409225     0     8     10
41.1174807486384     0.0890197777992073     0     8     10
41.130705813079     0.0883738058867307     0     8     10
41.1439311432336     0.0885512627184298     0     8     10
41.1571567381829     0.0888716877505849     0     8     10
41.1703825970079     0.0879779253698584     0     8     10
41.1836087187894     0.0885923676075546     0     8     10
41.1968351026086     0.0878706990222599     0     8     10
41.2100617475467     0.0883612133769926     0     8     10
41.2232886526848     0.0883363120583936     0     8     10
41.2365158171043     0.0883708555825748     0     8     10
41.2497432398867     0.0875535111981885     0     8     10
41.2629709201134     0.0878719491561912     0     8     10
41.2761988568661     0.0876997385567012     0     8     10
41.2894270492266     0.087549308160973     0     8     10
41.3026554962766     0.0879239300002776     0     8     10
41.315884197098     0.0870246805351666     0     8     10
41.3291131507728     0.0873504621373512     0     8     10
41.3423423563831     0.0879739269764675     0     8     10
41.3555718130111     0.087934076229482     0     8     10
41.368801519739     0.0876423371896118     0     8     10
41.3820314756491     0.0875878720507648     0     8     10
41.395261679824     0.0869471189863681     0     8     10
41.4084921313462     0.0873823140812602     0     8     10
41.4217228292982     0.0874632345638658     0     8     10
41.4349537727627     0.0875105445470731     0     8     10
41.4481849608227     0.0876261417538946     0     8     10
41.4614163925608     0.0862755495993441     0     8     10
41.4746480670603     0.087179756477746     0     8     10
41.487879983404     0.087103879192379     0     8     10
41.5011121406751     0.0863610542540641     0     8     10
41.5143445379569     0.0866824160709679     0     8     10
41.5275771743327     0.0864722078955324     0     8     10
41.5408100488858     0.086198270677404     0     8     10
41.5540431606999     0.0856378685452984     0     8     10
41.5672765088584     0.0865351813368363     0     8     10
41.580510092445     0.0861908780359464     0     8     10
41.5937439105435     0.0865794513408776     0     8     10
41.6069779622377     0.0864244455440079     0     8     10
41.6202122466115     0.0869371546219741     0     8     10
41.6334467627489     0.086722701330589     0     8     10
41.646681509734     0.0858885322611843     0     8     10
41.6599164866509     0.0865940502730181     0     8     10
41.673151692584     0.0860176011643049     0     8     10
41.6863871266174     0.0860397224732234     0     8     10
41.6996227878358     0.0857287811543388     0     8     10
41.7128586753234     0.0866149948600043     0     8     10
41.726094788165     0.0854988767384829     0     8     10
41.7393311254452     0.0857162488472303     0     8     10
41.7525676862486     0.0859203812624575     0     8     10
41.7658044696602     0.0860012373437455     0     8     10
41.7790414747648     0.0864602501824346     0     8     10
41.7922787006474     0.0861723155504129     0     8     10
41.8055161463931     0.0860945105152913     0     8     10
41.8187538110869     0.0862072634214502     0     8     10
41.8319916938142     0.086396583661432     0     8     10
41.8452297936601     0.0857940540271135     0     8     10
41.8584681097102     0.086577386656068     0     8     10
41.8717066410497     0.0852205481417115     0     8     10
41.8849453867643     0.0852854688988999     0     8     10
41.8981843459396     0.0849509317931723     0     8     10
41.9114235176612     0.0851593180883064     0     8     10
41.9246629010149     0.0852856836358431     0     8     10
41.9379024950865     0.0853675381860953     0     8     10
41.9511422989619     0.0852313202563813     0     8     10
41.9643823117272     0.0849899047550804     0     8     10
41.9776225324684     0.0856078819679193     0     8     10
41.9908629602715     0.0854539743073043     0     8     10
42.0041035942229     0.0845727246490802     0     8     10
42.0173444334088     0.0849893350872559     0     8     10
42.0305854769156     0.085552777608399     0     8     10
42.0438267238296     0.0857078354995846     0     8     10
42.0570681732375     0.0848866862276665     0     8     10
42.0703098242257     0.0854190055099     0     8     10
42.083551675881     0.0851136307018526     0     8     10
42.09679372729     0.0855119689582251     0     8     10
42.1100359775395     0.0842655307510609     0     8     10
42.1232784257165     0.0847931089234626     0     8     10
42.1365210709078     0.0846268063420798     0     8     10
42.1497639122005     0.0847563195942875     0     8     10
42.1630069486816     0.0849410900660069     0     8     10
42.1762501794383     0.0848979403019978     0     8     10
42.1894936035578     0.0846764164128264     0     8     10
42.2027372201273     0.0849277275825281     0     8     10
42.2159810282344     0.0848060149310219     0     8     10
42.2292250269662     0.0849216141775191     0     8     10
42.2424692154105     0.0844261552379552     0     8     10
42.2557135926547     0.0843549789345432     0     8     10
42.2689581577864     0.0841810988922377     0     8     10
42.2822029098935     0.0839084022211517     0     8     10
42.2954478480635     0.0843539878052168     0     8     10
42.3086929713844     0.0838914152177453     0     8     10
42.3219382789441     0.0842479857196846     0     8     10
42.3351837698304     0.0838192327406175     0     8     10
42.3484294431316     0.0839435812687434     0     8     10
42.3616752979356     0.083886973901057     0     8     10
42.3749213333306     0.0841399472210738     0     8     10
42.3881675484049     0.0841378261687791     0     8     10
42.4014139422467     0.0841134889238775     0     8     10
42.4146605139445     0.0840827108637992     0     8     10
42.4279072625865     0.0841207872709893     0     8     10
42.4411541872613     0.083988482976734     0     8     10
42.4544012870576     0.0842768477262073     0     8     10
42.4676485610637     0.0839013303347356     0     8     10
42.4808960083686     0.0842048969669345     0     8     10
42.4941436280607     0.0837395330855396     0     8     10
42.5073914192291     0.0840209680969114     0     8     10
42.5206393809625     0.0838907650603048     0     8     10
42.5338875123499     0.0836687307997658     0     8     10
42.5471358124802     0.0831212125076108     0     8     10
42.5603842804426     0.0840359346403419     0     8     10
42.573632915326     0.0837873942290225     0     8     10
42.5868817162196     0.0840104000277141     0     8     10
42.6001306822128     0.0835244994325614     0     8     10
42.6133798123947     0.0832758700715337     0     8     10
42.6266291058547     0.0838777998200175     0     8     10
42.6398785616822     0.0832182797771526     0     8     10
42.6531281789667     0.0835043534789712     0     8     10
42.6663779567977     0.0831709900753605     0     8     10
42.6796278942648     0.0835040058427202     0     8     10
42.6928779904575     0.0833466218267869     0     8     10
42.7061282444657     0.0831619606714265     0     8     10
42.719378655379     0.0826899532281859     0     8     10
42.7326292222872     0.083248265446863     0     8     10
42.7458799442802     0.0835248719627418     0     8     10
42.759130820448     0.0834760618764246     0     8     10
42.7723818498804     0.0833883359476018     0     8     10
42.7856330316676     0.0829761627783157     0     8     10
42.7988843648995     0.0827389150751071     0     8     10
42.8121358486664     0.0831688596354675     0     8     10
42.8253874820585     0.0832919120393658     0     8     10
42.8386392641659     0.0831928223497873     0     8     10
42.8518911940789     0.0831226559349045     0     8     10
42.865143270888     0.0829478563117093     0     8     10
42.8783954936836     0.0827942700827177     0     8     10
42.891647861556     0.0827745824389126     0     8     10
42.9049003735958     0.0827571544548061     0     8     10
42.9181530288935     0.0826367559628464     0     8     10
42.9314058265398     0.0826440438754967     0     8     10
42.9446587656254     0.0821226864439342     0     8     10
42.9579118452409     0.0823462765462715     0     8     10
42.9711650644771     0.0822914816405614     0     8     10
42.9844184224248     0.0823529798619874     0     8     10
42.9976719181749     0.0823816757787536     0     8     10
43.0109255508184     0.0825427480966305     0     8     10
43.0241793194461     0.081963053741809     0     8     10
43.0374332231491     0.0824877676489163     0     8     10
43.0506872610184     0.0821435495759425     0     8     10
43.0639414321452     0.0825511602532513     0     8     10
43.0771957356206     0.0829067678990153     0     8     10
43.0904501705359     0.0821240423232291     0     8     10
43.1037047359822     0.0822199446429058     0     8     10
43.1169594310509     0.0816116236257482     0     8     10
43.1302142548334     0.081701140933664     0     8     10
43.1434692064209     0.0819128207666563     0     8     10
43.1567242849051     0.0815386855308404     0     8     10
43.1699794893773     0.0817159960562845     0     8     10
43.183234818929     0.0819925798437999     0     8     10
43.1964902726519     0.0818126567758185     0     8     10
43.2097458496376     0.0813320183660475     0     8     10
43.2230015489777     0.0815811785317179     0     8     10
43.236257369764     0.0819942587227073     0     8     10
43.2495133110882     0.0814366300637154     0     8     10
43.2627693720421     0.0815136316598926     0     8     10
43.2760255517175     0.0814155256361936     0     8     10
43.2892818492064     0.0817421370305037     0     8     10
43.3025382636006     0.0813839352536846     0     8     10
43.3157947939921     0.0806159889109885     0     8     10
43.3290514394729     0.0810781465656864     0     8     10
43.3423081991352     0.0805382050970199     0     8     10
43.3555650720708     0.0805906998358996     0     8     10
43.3688220573721     0.0807515525320634     0     8     10
43.3820791541312     0.080582715941294     0     8     10
43.3953363614402     0.0808572888831044     0     8     10
43.4085936783915     0.0808525608435305     0     8     10
43.4218511040773     0.0807928849454942     0     8     10
43.43510863759     0.0814358491567007     0     8     10
43.4483662780219     0.080869642471123     0     8     10
43.4616240244654     0.0808020079311992     0     8     10
43.4748818760131     0.0810452819836697     0     8     10
43.4881398317573     0.0806386036724169     0     8     10
43.5013978907905     0.0806794125262397     0     8     10
43.5146560522055     0.0801485452522903     0     8     10
43.5279143150947     0.0801953915845375     0     8     10
43.5411726785508     0.0800700536031672     0     8     10
43.5544311416664     0.0801006305426277     0     8     10
43.5676897035343     0.0803613072463512     0     8     10
43.5809483632472     0.0799795056793431     0     8     10
43.5942071198979     0.0801155722272865     0     8     10
43.6074659725792     0.0799937299994123     0     8     10
43.6207249203839     0.0801327894740817     0     8     10
43.6339839624049     0.0798584688618322     0     8     10
43.6472430977351     0.0798294247698876     0     8     10
43.6605023254675     0.0795287533493821     0     8     10
43.6737616446951     0.0794879396037175     0     8     10
43.6870210545109     0.0796230298610059     0     8     10
43.7002805540078     0.0796660882171557     0     8     10
43.7135401422791     0.0794715249285788     0     8     10
43.7267998184177     0.078786999609507     0     8     10
43.7400595815169     0.078765866426436     0     8     10
43.7533194306699     0.078726850168575     0     8     10
43.7665793649697     0.0784311262781971     0     8     10
43.7798393835097     0.0793541447524659     0     8     10
43.7930994853832     0.0787817699363122     0     8     10
43.8063596696833     0.0794721749774117     0     8     10
43.8196199355036     0.078830888208901     0     8     10
43.8328802819372     0.0788577992091003     0     8     10
43.8461407080776     0.0783786386443933     0     8     10
43.8594012130182     0.0781810531283139     0     8     10
43.8726617958525     0.0781494539131172     0     8     10
43.8859224556739     0.0783361337043202     0     8     10
43.8991831915758     0.0775184282851983     0     8     10
43.912444002652     0.0775771273052504     0     8     10
43.9257048879957     0.0780264759922484     0     8     10
43.9389658467008     0.0776361441119259     0     8     10
43.9522268778607     0.0777372950147372     0     8     10
43.9654879805692     0.0773456773130408     0     8     10
43.9787491539198     0.0778112257856962     0     8     10
43.9920103970062     0.0775571108661877     0     8     10
44.0052717089222     0.0775778434242356     0     8     10
44.0185330887614     0.0776787264184807     0     8     10
44.0317945356177     0.0774491995652861     0     8     10
44.0450560485848     0.0775029892713226     0     8     10
44.0583176267565     0.0769075945960601     0     8     10
44.0715792692266     0.0768533338260088     0     8     10
44.0848409750891     0.076650476555576     0     8     10
44.0981027434377     0.0765891448693566     0     8     10
44.1113645733664     0.0767200123007545     0     8     10
44.1246264639691     0.0762599786665105     0     8     10
44.1378884143397     0.076186368514386     0     8     10
44.1511504235722     0.0764282316535893     0     8     10
44.1644124907606     0.0762686378611899     0     8     10
44.1776746149988     0.076263309450871     0     8     10
44.190936795381     0.0763713459439615     0     8     10
44.2041990310011     0.076665072992535     0     8     10
44.2174613209532     0.0768550125319343     0     8     10
44.2307236643314     0.0762251340758071     0     8     10
44.2439860602298     0.0765113502361915     0     8     10
44.2572485077426     0.0763643851824762     0     8     10
44.2705110059638     0.0766314280252302     0     8     10
44.2837735539876     0.0766162807000111     0     8     10
44.2970361509082     0.0760004032683403     0     8     10
44.3102987958199     0.0762448598143528     0     8     10
44.3235614878167     0.0762434441170371     0     8     10
44.336824225993     0.0757985845846971     0     8     10
44.3500870094429     0.0756044672735402     0     8     10
44.3633498372608     0.0756538431729816     0     8     10
44.376612708541     0.0756316267469022     0     8     10
44.3898756223776     0.0757368621295843     0     8     10
44.4031385778651     0.0756684637933451     0     8     10
44.4164015740977     0.0760564450742388     0     8     10
44.4296646101698     0.0756882072893206     0     8     10
44.4429276851758     0.0757993458516621     0     8     10
44.45619079821     0.0755178389951286     0     8     10
44.4694539483668     0.0756224675097981     0     8     10
44.4827171347406     0.0757347739038343     0     8     10
44.4959803564257     0.0757715611786415     0     8     10
44.5092436125167     0.0755194972399531     0     8     10
44.522506902108     0.0756627623316423     0     8     10
44.5357702242939     0.0753391707415419     0     8     10
44.549033578169     0.0754300310659148     0     8     10
44.5622969628277     0.074642942914872     0     8     10
44.5755603773645     0.0747872308650986     0     8     10
44.5888238208739     0.0750034857564867     0     8     10
44.6020872924504     0.0749087828407116     0     8     10
44.6153507911885     0.0751583964221597     0     8     10
44.6286143161827     0.0748359704668459     0     8     10
44.6418778665275     0.0746829624918946     0     8     10
44.6551414413176     0.0751993909102788     0     8     10
44.6684050396474     0.0750996146977842     0     8     10
44.6816686606115     0.0751600258138872     0     8     10
44.6949323033044     0.0750228766719446     0     8     10
44.7081959668207     0.0745135968973905     0     8     10
44.7214596502551     0.0747753528516198     0     8     10
44.7347233527021     0.0740251608924872     0     8     10
44.7479870732562     0.0743173133186753     0     8     10
44.7612508110122     0.0742642402216726     0     8     10
44.7745145650645     0.0743042172546282     0     8     10
44.7877783345079     0.0735517887961072     0     8     10
44.8010421184369     0.0743854482182759     0     8     10
44.8143059159461     0.0743779602215135     0     8     10
44.8275697261302     0.0740420328717659     0     8     10
44.8408335480838     0.0737660227623938     0     8     10
44.8540973809016     0.0744800306567948     0     8     10
44.8673612236781     0.0739777810928679     0     8     10
44.8806250755081     0.0740982027563308     0     8     10
44.8938889354862     0.0740714244530026     0     8     10
44.9071528027069     0.0737280933430718     0     8     10
44.9204166762651     0.0738404400753727     0     8     10
44.9336805552553     0.0734251802013249     0     8     10
44.9469444387722     0.0732104459568263     0     8     10
44.9602083259105     0.0732127489524009     0     8     10
44.9734722157648     0.0731301230683806     0     8     10
44.9867361074297     0.0733167447687805     0     8     10
45     0.0736224430843101     0     8     10
