40.3773296281681     0.19532182765757     0     -10     -4
40.3905383424574     0.175952560766761     0     -10     -4
40.4037473740993     0.164771051130484     0     -10     -4
40.4169567221688     0.169004373600871     0     -10     -4
40.4301663857409     0.16413583976534     0     -10     -4
40.4433763638906     0.151799257171485     0     -10     -4
40.4565866556934     0.155176477854444     0     -10     -4
40.4697972602245     0.165565747988944     0     -10     -4
40.4830081765594     0.167770402452576     0     -10     -4
40.4962194037737     0.175029389610541     0     -10     -4
40.5094309409432     0.193971767700737     0     -10     -4
40.5226427871436     0.210815982790754     0     -10     -4
40.5358549414509     0.226431220440511     0     -10     -4
40.5490674029412     0.251961505377901     0     -10     -4
40.5622801706905     0.278097929230221     0     -10     -4
40.5754932437751     0.299155435131532     0     -10     -4
40.5887066212714     0.328319422722687     0     -10     -4
40.601920302256     0.35178788117513     0     -10     -4
40.6151342858053     0.371456988890852     0     -10     -4
40.628348570996     0.399273947425107     0     -10     -4
40.6415631569051     0.421761003247166     0     -10     -4
40.6547780426093     0.433608112934114     0     -10     -4
40.6679932271857     0.451517435718297     0     -10     -4
40.6812087097115     0.472535135510546     0     -10     -4
40.6944244892639     0.478971629242301     0     -10     -4
40.7076405649202     0.482390511620613     0     -10     -4
40.7208569357578     0.497034011036826     0     -10     -4
40.7340736008544     0.504272553583606     0     -10     -4
40.7472905592876     0.497823689755016     0     -10     -4
40.7605078101351     0.499415538837331     0     -10     -4
40.7737253524748     0.506845547906961     0     -10     -4
40.7869431853848     0.496506037677554     0     -10     -4
40.800161307943     0.484151934571267     0     -10     -4
40.8133797192277     0.485319290943711     0     -10     -4
40.8265984183172     0.478807125882063     0     -10     -4
40.8398174042898     0.452334959244753     0     -10     -4
40.8530366762241     0.438553145463065     0     -10     -4
40.8662562331986     0.43163162452505     0     -10     -4
40.8794760742921     0.401513653765827     0     -10     -4
40.8926961985833     0.372657466698947     0     -10     -4
40.9059166051511     0.362300638377984     0     -10     -4
40.9191372930747     0.338663853168383     0     -10     -4
40.932358261433     0.301327654496005     0     -10     -4
40.9455795093053     0.289888995984145     0     -10     -4
40.9588010357708     0.283440828956123     0     -10     -4
40.9720228399091     0.263653591272028     0     -10     -4
40.9852449207996     0.260964060177137     0     -10     -4
40.9984672775219     0.280274855993744     0     -10     -4
41.0116899091557     0.294710926671205     0     -10     -4
41.0249128147808     0.318396462751414     0     -10     -4
41.0381359934772     0.356603705430216     0     -10     -4
41.0513594443248     0.395696574516207     0     -10     -4
41.0645831664038     0.437529938885251     0     -10     -4
41.0778071587943     0.481690293241924     0     -10     -4
41.0910314205766     0.517859719292208     0     -10     -4
41.1042559508312     0.547967472345781     0     -10     -4
41.1174807486384     0.580801218716522     0     -10     -4
41.130705813079     0.604518752372262     0     -10     -4
41.1439311432336     0.616662770361846     0     -10     -4
41.1571567381829     0.627629271970803     0     -10     -4
41.1703825970079     0.642102879895826     0     -10     -4
41.1836087187894     0.650819143858606     0     -10     -4
41.1968351026086     0.651680561526687     0     -10     -4
41.2100617475467     0.653714510370943     0     -10     -4
41.2232886526848     0.660252193745583     0     -10     -4
41.2365158171043     0.662584237527031     0     -10     -4
41.2497432398867     0.655977546950805     0     -10     -4
41.2629709201134     0.649365122266976     0     -10     -4
41.2761988568661     0.647941932181765     0     -10     -4
41.2894270492266     0.643396063747306     0     -10     -4
41.3026554962766     0.626804283658714     0     -10     -4
41.315884197098     0.606384976275732     0     -10     -4
41.3291131507728     0.591280975248764     0     -10     -4
41.3423423563831     0.570118723657785     0     -10     -4
41.3555718130111     0.533049062440633     0     -10     -4
41.368801519739     0.490580378000879     0     -10     -4
41.3820314756491     0.454633308447976     0     -10     -4
41.395261679824     0.414129407994021     0     -10     -4
41.4084921313462     0.371345921836695     0     -10     -4
41.4217228292982     0.352996474980733     0     -10     -4
41.4349537727627     0.370308307196562     0     -10     -4
41.4481849608227     0.419062116367838     0     -10     -4
41.4614163925608     0.488554521372348     0     -10     -4
41.4746480670603     0.560009014968634     0     -10     -4
41.487879983404     0.621294667750164     0     -10     -4
41.5011121406751     0.661987941456021     0     -10     -4
41.5143445379569     0.689078130397743     0     -10     -4
41.5275771743327     0.706295909748286     0     -10     -4
41.5408100488858     0.71779635870449     0     -10     -4
41.5540431606999     0.729442089271241     0     -10     -4
41.5672765088584     0.742817286524576     0     -10     -4
41.580510092445     0.75240281920338     0     -10     -4
41.5937439105435     0.755611570625935     0     -10     -4
41.6069779622377     0.756434004299106     0     -10     -4
41.6202122466115     0.757482905823136     0     -10     -4
41.6334467627489     0.75274841735812     0     -10     -4
41.646681509734     0.736606125925656     0     -10     -4
41.6599164866509     0.711211136991182     0     -10     -4
41.673151692584     0.660923074489776     0     -10     -4
41.6863871266174     0.560648300220009     0     -10     -4
41.6996227878358     0.471746052109089     0     -10     -4
41.7128586753234     0.502280995823577     0     -10     -4
41.726094788165     0.626997116671871     0     -10     -4
41.7393311254452     0.735665403391452     0     -10     -4
41.7525676862486     0.794102129729973     0     -10     -4
41.7658044696602     0.822351366596197     0     -10     -4
41.7790414747648     0.838521609363045     0     -10     -4
41.7922787006474     0.846880663179994     0     -10     -4
41.8055161463931     0.851532001944684     0     -10     -4
41.8187538110869     0.854135236271714     0     -10     -4
41.8319916938142     0.855627424898381     0     -10     -4
41.8452297936601     0.856968099746928     0     -10     -4
41.8584681097102     0.858312631616464     0     -10     -4
41.8717066410497     0.859220326072713     0     -10     -4
41.8849453867643     0.85977071855456     0     -10     -4
41.8981843459396     0.860023497147132     0     -10     -4
41.9114235176612     0.860433796308905     0     -10     -4
41.9246629010149     0.860488458899189     0     -10     -4
41.9379024950865     0.860565920982252     0     -10     -4
41.9511422989619     0.860705048815083     0     -10     -4
41.9643823117272     0.860679998001084     0     -10     -4
41.9776225324684     0.860734677394791     0     -10     -4
41.9908629602715     0.86081008285127     0     -10     -4
42.0041035942229     0.860721726710392     0     -10     -4
42.0173444334088     0.860745741542935     0     -10     -4
42.0305854769156     0.860819044957929     0     -10     -4
42.0438267238296     0.860677141944919     0     -10     -4
42.0570681732375     0.860825087174036     0     -10     -4
42.0703098242257     0.860671248050773     0     -10     -4
42.083551675881     0.860671050785769     0     -10     -4
42.09679372729     0.860776910805223     0     -10     -4
42.1100359775395     0.860661997827102     0     -10     -4
42.1232784257165     0.860708059783486     0     -10     -4
42.1365210709078     0.860531374688827     0     -10     -4
42.1497639122005     0.860556597407517     0     -10     -4
42.1630069486816     0.860725529959935     0     -10     -4
42.1762501794383     0.860676128900958     0     -10     -4
42.1894936035578     0.860619895262164     0     -10     -4
42.2027372201273     0.86085619646952     0     -10     -4
42.2159810282344     0.86068299951923     0     -10     -4
42.2292250269662     0.860627833307791     0     -10     -4
42.2424692154105     0.860468643061203     0     -10     -4
42.2557135926547     0.860634053619907     0     -10     -4
42.2689581577864     0.860586462647361     0     -10     -4
42.2822029098935     0.860596334428402     0     -10     -4
42.2954478480635     0.860664245458733     0     -10     -4
42.3086929713844     0.860649275959361     0     -10     -4
42.3219382789441     0.860585837344414     0     -10     -4
42.3351837698304     0.860633128585278     0     -10     -4
42.3484294431316     0.860638209950496     0     -10     -4
42.3616752979356     0.860669754365857     0     -10     -4
42.3749213333306     0.860595588256501     0     -10     -4
42.3881675484049     0.860772079675335     0     -10     -4
42.4014139422467     0.860782717362347     0     -10     -4
42.4146605139445     0.860913663108234     0     -10     -4
42.4279072625865     0.860834186360855     0     -10     -4
42.4411541872613     0.860937108131298     0     -10     -4
42.4544012870576     0.860893139426153     0     -10     -4
42.4676485610637     0.860833315011488     0     -10     -4
42.4808960083686     0.860895643772336     0     -10     -4
42.4941436280607     0.86075402920399     0     -10     -4
42.5073914192291     0.86088175518025     0     -10     -4
42.5206393809625     0.860858933259702     0     -10     -4
42.5338875123499     0.860893550797163     0     -10     -4
42.5471358124802     0.860732054325148     0     -10     -4
42.5603842804426     0.860837192033212     0     -10     -4
42.573632915326     0.860734005052403     0     -10     -4
42.5868817162196     0.860643214665388     0     -10     -4
42.6001306822128     0.860647328655839     0     -10     -4
42.6133798123947     0.860606960665172     0     -10     -4
42.6266291058547     0.860563251583182     0     -10     -4
42.6398785616822     0.860544365895474     0     -10     -4
42.6531281789667     0.860463467534855     0     -10     -4
42.6663779567977     0.860420916060356     0     -10     -4
42.6796278942648     0.860371473049047     0     -10     -4
42.6928779904575     0.860496865049529     0     -10     -4
42.7061282444657     0.86028553952635     0     -10     -4
42.719378655379     0.860273945763397     0     -10     -4
42.7326292222872     0.860331715189056     0     -10     -4
42.7458799442802     0.860195437759615     0     -10     -4
42.759130820448     0.860307372624207     0     -10     -4
42.7723818498804     0.860284604699038     0     -10     -4
42.7856330316676     0.860248896598177     0     -10     -4
42.7988843648995     0.860306978300488     0     -10     -4
42.8121358486664     0.860187911885563     0     -10     -4
42.8253874820585     0.860118479810123     0     -10     -4
42.8386392641659     0.860087828134445     0     -10     -4
42.8518911940789     0.860173675253564     0     -10     -4
42.865143270888     0.860144077297442     0     -10     -4
42.8783954936836     0.86009399081776     0     -10     -4
42.891647861556     0.860064347513741     0     -10     -4
42.9049003735958     0.85998479975913     0     -10     -4
42.9181530288935     0.859899659763783     0     -10     -4
42.9314058265398     0.859966942767462     0     -10     -4
42.9446587656254     0.860017442873904     0     -10     -4
42.9579118452409     0.859941282935269     0     -10     -4
42.9711650644771     0.859948965210899     0     -10     -4
42.9844184224248     0.859800500123686     0     -10     -4
42.9976719181749     0.859868521868465     0     -10     -4
43.0109255508184     0.859772440744078     0     -10     -4
43.0241793194461     0.859799017518989     0     -10     -4
43.0374332231491     0.85983235852506     0     -10     -4
43.0506872610184     0.859742831546641     0     -10     -4
43.0639414321452     0.859726558962898     0     -10     -4
43.0771957356206     0.859801346545627     0     -10     -4
43.0904501705359     0.859734289732738     0     -10     -4
43.1037047359822     0.859817062235885     0     -10     -4
43.1169594310509     0.859787113175432     0     -10     -4
43.1302142548334     0.859713499702864     0     -10     -4
43.1434692064209     0.859707825766344     0     -10     -4
43.1567242849051     0.859631631164994     0     -10     -4
43.1699794893773     0.859580237413861     0     -10     -4
43.183234818929     0.859560050647239     0     -10     -4
43.1964902726519     0.859582638472491     0     -10     -4
43.2097458496376     0.859661400347022     0     -10     -4
43.2230015489777     0.85957072181932     0     -10     -4
43.236257369764     0.859764853440844     0     -10     -4
43.2495133110882     0.859685586406896     0     -10     -4
43.2627693720421     0.859510922409621     0     -10     -4
43.2760255517175     0.859691603684323     0     -10     -4
43.2892818492064     0.859537910995383     0     -10     -4
43.3025382636006     0.859555638296166     0     -10     -4
43.3157947939921     0.859603802098111     0     -10     -4
43.3290514394729     0.859483607519592     0     -10     -4
43.3423081991352     0.859591549939642     0     -10     -4
43.3555650720708     0.859576773295554     0     -10     -4
43.3688220573721     0.859631546566221     0     -10     -4
43.3820791541312     0.859641206477005     0     -10     -4
43.3953363614402     0.859608388499714     0     -10     -4
43.4085936783915     0.859713263426859     0     -10     -4
43.4218511040773     0.859603362937603     0     -10     -4
43.43510863759     0.859738805368062     0     -10     -4
43.4483662780219     0.859754208886494     0     -10     -4
43.4616240244654     0.859735576597262     0     -10     -4
43.4748818760131     0.859823055041629     0     -10     -4
43.4881398317573     0.859814385556345     0     -10     -4
43.5013978907905     0.85983780659702     0     -10     -4
43.5146560522055     0.859868276578211     0     -10     -4
43.5279143150947     0.859961523322768     0     -10     -4
43.5411726785508     0.859898901815164     0     -10     -4
43.5544311416664     0.859720959188066     0     -10     -4
43.5676897035343     0.859970899874442     0     -10     -4
43.5809483632472     0.859850807847802     0     -10     -4
43.5942071198979     0.859915114781979     0     -10     -4
43.6074659725792     0.859901029606667     0     -10     -4
43.6207249203839     0.859837228672546     0     -10     -4
43.6339839624049     0.859871626075483     0     -10     -4
43.6472430977351     0.859830255293643     0     -10     -4
43.6605023254675     0.85976952266099     0     -10     -4
43.6737616446951     0.859681748207941     0     -10     -4
43.6870210545109     0.859726036771108     0     -10     -4
43.7002805540078     0.859653638583061     0     -10     -4
43.7135401422791     0.859866645187996     0     -10     -4
43.7267998184177     0.859632854943905     0     -10     -4
43.7400595815169     0.859787820754825     0     -10     -4
43.7533194306699     0.859682270564247     0     -10     -4
43.7665793649697     0.859524658484329     0     -10     -4
43.7798393835097     0.859643019608544     0     -10     -4
43.7930994853832     0.859508950282582     0     -10     -4
43.8063596696833     0.859763359475108     0     -10     -4
43.8196199355036     0.859633362732662     0     -10     -4
43.8328802819372     0.85965513662804     0     -10     -4
43.8461407080776     0.859564022406697     0     -10     -4
43.8594012130182     0.859520623621139     0     -10     -4
43.8726617958525     0.859414482831608     0     -10     -4
43.8859224556739     0.859576805576234     0     -10     -4
43.8991831915758     0.859606982648224     0     -10     -4
43.912444002652     0.859572923852819     0     -10     -4
43.9257048879957     0.859496118720686     0     -10     -4
43.9389658467008     0.859655301440218     0     -10     -4
43.9522268778607     0.859470652536282     0     -10     -4
43.9654879805692     0.85955660506979     0     -10     -4
43.9787491539198     0.859474091378097     0     -10     -4
43.9920103970062     0.859534919887976     0     -10     -4
44.0052717089222     0.859588622824246     0     -10     -4
44.0185330887614     0.859597552699446     0     -10     -4
44.0317945356177     0.859535015746015     0     -10     -4
44.0450560485848     0.859450791618916     0     -10     -4
44.0583176267565     0.859322448872626     0     -10     -4
44.0715792692266     0.859366942062455     0     -10     -4
44.0848409750891     0.859473669786488     0     -10     -4
44.0981027434377     0.859407191046637     0     -10     -4
44.1113645733664     0.859495574612352     0     -10     -4
44.1246264639691     0.859442612627057     0     -10     -4
44.1378884143397     0.859567376952583     0     -10     -4
44.1511504235722     0.859346132767739     0     -10     -4
44.1644124907606     0.859509310606344     0     -10     -4
44.1776746149988     0.859440246691762     0     -10     -4
44.190936795381     0.859476131761847     0     -10     -4
44.2041990310011     0.859458710231631     0     -10     -4
44.2174613209532     0.859417884903193     0     -10     -4
44.2307236643314     0.859446703399788     0     -10     -4
44.2439860602298     0.859218279163534     0     -10     -4
44.2572485077426     0.859357210841059     0     -10     -4
44.2705110059638     0.859280285134065     0     -10     -4
44.2837735539876     0.859224431715502     0     -10     -4
44.2970361509082     0.859225061188668     0     -10     -4
44.3102987958199     0.859038551624382     0     -10     -4
44.3235614878167     0.858942580575216     0     -10     -4
44.336824225993     0.85893390623263     0     -10     -4
44.3500870094429     0.858924380481161     0     -10     -4
44.3633498372608     0.858870741573049     0     -10     -4
44.376612708541     0.858679627116134     0     -10     -4
44.3898756223776     0.858818279123341     0     -10     -4
44.4031385778651     0.858771023962118     0     -10     -4
44.4164015740977     0.85881137735647     0     -10     -4
44.4296646101698     0.858683557234762     0     -10     -4
44.4429276851758     0.858743616075362     0     -10     -4
44.45619079821     0.858660289875526     0     -10     -4
44.4694539483668     0.858667805011503     0     -10     -4
44.4827171347406     0.858718781843206     0     -10     -4
44.4959803564257     0.858618446480624     0     -10     -4
44.5092436125167     0.858717486198128     0     -10     -4
44.522506902108     0.858685317144966     0     -10     -4
44.5357702242939     0.858678610044626     0     -10     -4
44.549033578169     0.85867053086427     0     -10     -4
44.5622969628277     0.858597231893895     0     -10     -4
44.5755603773645     0.85867583200104     0     -10     -4
44.5888238208739     0.85866571956426     0     -10     -4
44.6020872924504     0.858757496076489     0     -10     -4
44.6153507911885     0.858678100990954     0     -10     -4
44.6286143161827     0.858637737952575     0     -10     -4
44.6418778665275     0.85873839186118     0     -10     -4
44.6551414413176     0.858652586537135     0     -10     -4
44.6684050396474     0.858601695882283     0     -10     -4
44.6816686606115     0.85862762532591     0     -10     -4
44.6949323033044     0.858573634811532     0     -10     -4
44.7081959668207     0.858664792943652     0     -10     -4
44.7214596502551     0.85844759729906     0     -10     -4
44.7347233527021     0.858736323425471     0     -10     -4
44.7479870732562     0.858580829868105     0     -10     -4
44.7612508110122     0.858532302156188     0     -10     -4
44.7745145650645     0.858508156078046     0     -10     -4
44.7877783345079     0.858421456121995     0     -10     -4
44.8010421184369     0.858669001720395     0     -10     -4
44.8143059159461     0.858573055831921     0     -10     -4
44.8275697261302     0.858547921965134     0     -10     -4
44.8408335480838     0.858563446685199     0     -10     -4
44.8540973809016     0.8584276600218     0     -10     -4
44.8673612236781     0.858516427031018     0     -10     -4
44.8806250755081     0.858391089909451     0     -10     -4
44.8938889354862     0.858522509672123     0     -10     -4
44.9071528027069     0.858426846332002     0     -10     -4
44.9204166762651     0.858548104029348     0     -10     -4
44.9336805552553     0.858452207990787     0     -10     -4
44.9469444387722     0.85860546400329     0     -10     -4
44.9602083259105     0.858422417953466     0     -10     -4
44.9734722157648     0.858414135788181     0     -10     -4
44.9867361074297     0.85859423515728     0     -10     -4
45     0.858467966746291     0     -10     -4
