44.9867361074297     0.868770787102226     0     2     -2
44.9734722157648     0.869107542619637     0     2     -2
44.9602083259105     0.869135611898404     0     2     -2
44.9469444387722     0.869160767211684     0     2     -2
44.9336805552553     0.868972827049657     0     2     -2
44.9204166762651     0.868887064708486     0     2     -2
44.9071528027069     0.869035534929418     0     2     -2
44.8938889354862     0.869064915315376     0     2     -2
44.8806250755081     0.869262865868114     0     2     -2
44.8673612236781     0.869278964151705     0     2     -2
44.8540973809016     0.868895759155817     0     2     -2
44.8408335480838     0.869250985073771     0     2     -2
44.8275697261302     0.869052011532015     0     2     -2
44.8143059159461     0.869398682310278     0     2     -2
44.8010421184369     0.869164102764715     0     2     -2
44.7877783345079     0.869252746264802     0     2     -2
44.7745145650645     0.869292428326236     0     2     -2
44.7612508110122     0.869079831493931     0     2     -2
44.7479870732562     0.869323891471944     0     2     -2
44.7347233527021     0.869479804197781     0     2     -2
44.7214596502551     0.869450861090733     0     2     -2
44.7081959668207     0.869537951812084     0     2     -2
44.6949323033044     0.869490550269041     0     2     -2
44.6816686606115     0.869528621604698     0     2     -2
44.6684050396474     0.869502622356553     0     2     -2
44.6551414413176     0.869602217638375     0     2     -2
44.6418778665275     0.869676182710219     0     2     -2
44.6286143161827     0.869696406555377     0     2     -2
44.6153507911885     0.869750975300343     0     2     -2
44.6020872924504     0.869871057868419     0     2     -2
44.5888238208739     0.869922443096186     0     2     -2
44.5755603773645     0.869648758920624     0     2     -2
44.5622969628277     0.869659175372931     0     2     -2
44.549033578169     0.86930067398655     0     2     -2
44.5357702242939     0.869769103635084     0     2     -2
44.522506902108     0.86945918068903     0     2     -2
44.5092436125167     0.869374567391775     0     2     -2
44.4959803564257     0.869489183786862     0     2     -2
44.4827171347406     0.869236409169667     0     2     -2
44.4694539483668     0.869270430124842     0     2     -2
44.45619079821     0.869834019382863     0     2     -2
44.4429276851758     0.869099009753744     0     2     -2
44.4296646101698     0.86962234284195     0     2     -2
44.4164015740977     0.869192721662483     0     2     -2
44.4031385778651     0.869440819263057     0     2     -2
44.3898756223776     0.869352118800931     0     2     -2
44.376612708541     0.869500958038413     0     2     -2
44.3633498372608     0.86927639416679     0     2     -2
44.3500870094429     0.869215859108159     0     2     -2
44.336824225993     0.869316990203622     0     2     -2
44.3235614878167     0.869639254740365     0     2     -2
44.3102987958199     0.869194275212589     0     2     -2
44.2970361509082     0.869480737851182     0     2     -2
44.2837735539876     0.869488950111254     0     2     -2
44.2705110059638     0.869241640274475     0     2     -2
44.2572485077426     0.86923430935386     0     2     -2
44.2439860602298     0.869427785572826     0     2     -2
44.2307236643314     0.869149374645795     0     2     -2
44.2174613209532     0.869581625268842     0     2     -2
44.2041990310011     0.869563392476201     0     2     -2
44.190936795381     0.869253230965604     0     2     -2
44.1776746149988     0.869317492967365     0     2     -2
44.1644124907606     0.869179976923578     0     2     -2
44.1511504235722     0.869547896614827     0     2     -2
44.1378884143397     0.86947167412535     0     2     -2
44.1246264639691     0.869277806034941     0     2     -2
44.1113645733664     0.869246918527463     0     2     -2
44.0981027434377     0.869013767494351     0     2     -2
44.0848409750891     0.868913739250628     0     2     -2
44.0715792692266     0.869354755582497     0     2     -2
44.0583176267565     0.869164995259573     0     2     -2
44.0450560485848     0.869296252419263     0     2     -2
44.0317945356177     0.869138603474974     0     2     -2
44.0185330887614     0.869291875605423     0     2     -2
44.0052717089222     0.869310916251539     0     2     -2
43.9920103970062     0.868918625478635     0     2     -2
43.9787491539198     0.869147182515174     0     2     -2
43.9654879805692     0.869236816401887     0     2     -2
43.9522268778607     0.869010888091627     0     2     -2
43.9389658467008     0.868816698071352     0     2     -2
43.9257048879957     0.86894127370576     0     2     -2
43.912444002652     0.868825978582576     0     2     -2
43.8991831915758     0.868864811516084     0     2     -2
43.8859224556739     0.868957766848025     0     2     -2
43.8726617958525     0.86902623925353     0     2     -2
43.8594012130182     0.869111976434208     0     2     -2
43.8461407080776     0.86875529090988     0     2     -2
43.8328802819372     0.869058040918252     0     2     -2
43.8196199355036     0.868855044632088     0     2     -2
43.8063596696833     0.869006317502849     0     2     -2
43.7930994853832     0.868492704229736     0     2     -2
43.7798393835097     0.868763299859113     0     2     -2
43.7665793649697     0.868853663986477     0     2     -2
43.7533194306699     0.869010072604107     0     2     -2
43.7400595815169     0.868896125748148     0     2     -2
43.7267998184177     0.869078023419174     0     2     -2
43.7135401422791     0.868804224488353     0     2     -2
43.7002805540078     0.868947989730496     0     2     -2
43.6870210545109     0.868712219538849     0     2     -2
43.6737616446951     0.868917296080674     0     2     -2
43.6605023254675     0.868338909814223     0     2     -2
43.6472430977351     0.868623260086757     0     2     -2
43.6339839624049     0.868501617428228     0     2     -2
43.6207249203839     0.868725703675346     0     2     -2
43.6074659725792     0.868733688346132     0     2     -2
43.5942071198979     0.868663061592307     0     2     -2
43.5809483632472     0.868447325984991     0     2     -2
43.5676897035343     0.868709403710315     0     2     -2
43.5544311416664     0.868118458651913     0     2     -2
43.5411726785508     0.867939512900429     0     2     -2
43.5279143150947     0.868139820973067     0     2     -2
43.5146560522055     0.868230097620149     0     2     -2
43.5013978907905     0.868168247479028     0     2     -2
43.4881398317573     0.868208957678907     0     2     -2
43.4748818760131     0.867696300343002     0     2     -2
43.4616240244654     0.867907542168463     0     2     -2
43.4483662780219     0.867552618296695     0     2     -2
43.43510863759     0.86776739963154     0     2     -2
43.4218511040773     0.867634022348451     0     2     -2
43.4085936783915     0.867453624564913     0     2     -2
43.3953363614402     0.866964663753081     0     2     -2
43.3820791541312     0.867124863019208     0     2     -2
43.3688220573721     0.866728148141783     0     2     -2
43.3555650720708     0.866520316375552     0     2     -2
43.3423081991352     0.866332470459225     0     2     -2
43.3290514394729     0.866373976940669     0     2     -2
43.3157947939921     0.866058047934973     0     2     -2
43.3025382636006     0.865187141282041     0     2     -2
43.2892818492064     0.865552270778321     0     2     -2
43.2760255517175     0.864874648733298     0     2     -2
43.2627693720421     0.86455195030412     0     2     -2
43.2495133110882     0.864349132409923     0     2     -2
43.236257369764     0.864225082364254     0     2     -2
43.2230015489777     0.863710441074942     0     2     -2
43.2097458496376     0.863341455006901     0     2     -2
43.1964902726519     0.862420196689222     0     2     -2
43.183234818929     0.8623845720524     0     2     -2
43.1699794893773     0.861731988451253     0     2     -2
43.1567242849051     0.861303794358251     0     2     -2
43.1434692064209     0.860645723108822     0     2     -2
43.1302142548334     0.859890621029187     0     2     -2
43.1169594310509     0.859084751537848     0     2     -2
43.1037047359822     0.858429546518855     0     2     -2
43.0904501705359     0.857613824239047     0     2     -2
43.0771957356206     0.856830086740048     0     2     -2
43.0639414321452     0.85553488464269     0     2     -2
43.0506872610184     0.854438415214345     0     2     -2
43.0374332231491     0.85324153609354     0     2     -2
43.0241793194461     0.851813302168507     0     2     -2
43.0109255508184     0.850641479564254     0     2     -2
42.9976719181749     0.848656420278251     0     2     -2
42.9844184224248     0.847217737550082     0     2     -2
42.9711650644771     0.844980943932232     0     2     -2
42.9579118452409     0.842695619001651     0     2     -2
42.9446587656254     0.840270024771533     0     2     -2
42.9314058265398     0.837226267231631     0     2     -2
42.9181530288935     0.83429330350531     0     2     -2
42.9049003735958     0.830620448654519     0     2     -2
42.891647861556     0.826453536173769     0     2     -2
42.8783954936836     0.822047297464399     0     2     -2
42.865143270888     0.816651458303312     0     2     -2
42.8518911940789     0.810118878719286     0     2     -2
42.8386392641659     0.802617023844952     0     2     -2
42.8253874820585     0.794505230791222     0     2     -2
42.8121358486664     0.784997586759878     0     2     -2
42.7988843648995     0.774158279009575     0     2     -2
42.7856330316676     0.760066452189367     0     2     -2
42.7723818498804     0.744528436943698     0     2     -2
42.759130820448     0.724664938810214     0     2     -2
42.7458799442802     0.701853869904927     0     2     -2
42.7326292222872     0.670894269226954     0     2     -2
42.719378655379     0.640201426914017     0     2     -2
42.7061282444657     0.593399309454914     0     2     -2
42.6928779904575     0.548623369597041     0     2     -2
42.6796278942648     0.485917146359405     0     2     -2
42.6663779567977     0.422717315761302     0     2     -2
42.6531281789667     0.346178645387713     0     2     -2
42.6398785616822     0.278727886617493     0     2     -2
42.6266291058547     0.211106445051968     0     2     -2
42.6133798123947     0.170358368050103     0     2     -2
42.6001306822128     0.159492813060047     0     2     -2
42.5868817162196     0.176897733217435     0     2     -2
42.573632915326     0.222192501736454     0     2     -2
42.5603842804426     0.279828764993304     0     2     -2
42.5471358124802     0.345228378822314     0     2     -2
42.5338875123499     0.412082718221326     0     2     -2
42.5206393809625     0.472880018229022     0     2     -2
42.5073914192291     0.523821467063983     0     2     -2
42.4941436280607     0.570380196467924     0     2     -2
42.4808960083686     0.609207792306437     0     2     -2
42.4676485610637     0.642735255671849     0     2     -2
42.4544012870576     0.669126275637668     0     2     -2
42.4411541872613     0.691881881802224     0     2     -2
42.4279072625865     0.712326164297218     0     2     -2
42.4146605139445     0.728823280646698     0     2     -2
42.4014139422467     0.743829001275279     0     2     -2
42.3881675484049     0.756625998878102     0     2     -2
42.3749213333306     0.766857111303542     0     2     -2
42.3616752979356     0.776326488245922     0     2     -2
42.3484294431316     0.784254896341345     0     2     -2
42.3351837698304     0.791031624079555     0     2     -2
42.3219382789441     0.797036834218884     0     2     -2
42.3086929713844     0.802240856268712     0     2     -2
42.2954478480635     0.806603441946423     0     2     -2
42.2822029098935     0.810882204243568     0     2     -2
42.2689581577864     0.81403516826313     0     2     -2
42.2557135926547     0.817552007936248     0     2     -2
42.2424692154105     0.820189914282226     0     2     -2
42.2292250269662     0.822573908672993     0     2     -2
42.2159810282344     0.825121651125376     0     2     -2
42.2027372201273     0.827352307547324     0     2     -2
42.1894936035578     0.829336504828704     0     2     -2
42.1762501794383     0.831231140385071     0     2     -2
42.1630069486816     0.832816214551523     0     2     -2
42.1497639122005     0.834114712190782     0     2     -2
42.1365210709078     0.835576802572399     0     2     -2
42.1232784257165     0.83710028990442     0     2     -2
42.1100359775395     0.83810722319145     0     2     -2
42.09679372729     0.839288648351267     0     2     -2
42.083551675881     0.839923548192285     0     2     -2
42.0703098242257     0.840768952806139     0     2     -2
42.0570681732375     0.841248371000888     0     2     -2
42.0438267238296     0.842915286753097     0     2     -2
42.0305854769156     0.843879093578328     0     2     -2
42.0173444334088     0.844400953318348     0     2     -2
42.0041035942229     0.845208604185566     0     2     -2
41.9908629602715     0.845604204146272     0     2     -2
41.9776225324684     0.846380789372412     0     2     -2
41.9643823117272     0.846635771586229     0     2     -2
41.9511422989619     0.84707980378843     0     2     -2
41.9379024950865     0.84787451231482     0     2     -2
41.9246629010149     0.847790344315565     0     2     -2
41.9114235176612     0.848474342126257     0     2     -2
41.8981843459396     0.848816942783148     0     2     -2
41.8849453867643     0.84918374152668     0     2     -2
41.8717066410497     0.849235940578949     0     2     -2
41.8584681097102     0.849872342341218     0     2     -2
41.8452297936601     0.84976959004759     0     2     -2
41.8319916938142     0.850540901445209     0     2     -2
41.8187538110869     0.850794838325868     0     2     -2
41.8055161463931     0.851000589518391     0     2     -2
41.7922787006474     0.85112619074391     0     2     -2
41.7790414747648     0.851502663810465     0     2     -2
41.7658044696602     0.851622556015841     0     2     -2
41.7525676862486     0.851703691402346     0     2     -2
41.7393311254452     0.851844369980314     0     2     -2
41.726094788165     0.85222123832672     0     2     -2
41.7128586753234     0.851806004550305     0     2     -2
41.6996227878358     0.852317510836042     0     2     -2
41.6863871266174     0.852604206009868     0     2     -2
41.673151692584     0.852837807506722     0     2     -2
41.6599164866509     0.852927867527974     0     2     -2
41.646681509734     0.852826174017208     0     2     -2
41.6334467627489     0.852864621333495     0     2     -2
41.6202122466115     0.852922862685298     0     2     -2
41.6069779622377     0.853000420527674     0     2     -2
41.5937439105435     0.853005862401392     0     2     -2
41.580510092445     0.853045730434098     0     2     -2
41.5672765088584     0.853315527654324     0     2     -2
41.5540431606999     0.85334539996175     0     2     -2
41.5408100488858     0.853299300815618     0     2     -2
41.5275771743327     0.853281533934084     0     2     -2
41.5143445379569     0.853790414702035     0     2     -2
41.5011121406751     0.853618982632647     0     2     -2
41.487879983404     0.853608064140393     0     2     -2
41.4746480670603     0.85377712339154     0     2     -2
41.4614163925608     0.853924149634786     0     2     -2
41.4481849608227     0.853690680998842     0     2     -2
41.4349537727627     0.853847963711214     0     2     -2
41.4217228292982     0.854117804528028     0     2     -2
41.4084921313462     0.853810114542791     0     2     -2
41.395261679824     0.853658871578833     0     2     -2
41.3820314756491     0.854083435266013     0     2     -2
41.368801519739     0.854017480400623     0     2     -2
41.3555718130111     0.853876806981847     0     2     -2
41.3423423563831     0.85360890539394     0     2     -2
41.3291131507728     0.853525608451596     0     2     -2
41.315884197098     0.853936480112546     0     2     -2
41.3026554962766     0.853866794387418     0     2     -2
41.2894270492266     0.853740483262351     0     2     -2
41.2761988568661     0.853448442242551     0     2     -2
41.2629709201134     0.853850616856793     0     2     -2
41.2497432398867     0.853378532799057     0     2     -2
41.2365158171043     0.853419402611775     0     2     -2
41.2232886526848     0.853092915222271     0     2     -2
41.2100617475467     0.853054808212666     0     2     -2
41.1968351026086     0.853103167770493     0     2     -2
41.1836087187894     0.853270558363472     0     2     -2
41.1703825970079     0.85316633589592     0     2     -2
41.1571567381829     0.853103597039102     0     2     -2
41.1439311432336     0.853258015462651     0     2     -2
41.130705813079     0.853089645886095     0     2     -2
41.1174807486384     0.852977174949102     0     2     -2
41.1042559508312     0.852818071159177     0     2     -2
41.0910314205766     0.852752683644992     0     2     -2
41.0778071587943     0.852663012431097     0     2     -2
41.0645831664038     0.852522585611046     0     2     -2
41.0513594443248     0.852009957737651     0     2     -2
41.0381359934772     0.852114139003989     0     2     -2
41.0249128147808     0.851915867097358     0     2     -2
41.0116899091557     0.851836794896424     0     2     -2
40.9984672775219     0.851552814626681     0     2     -2
40.9852449207996     0.851400358642424     0     2     -2
40.9720228399091     0.85129581750382     0     2     -2
40.9588010357708     0.85102288683865     0     2     -2
40.9455795093053     0.850925333589161     0     2     -2
40.932358261433     0.850612718691324     0     2     -2
40.9191372930747     0.850486516238934     0     2     -2
40.9059166051511     0.850349425468592     0     2     -2
40.8926961985833     0.850104181376324     0     2     -2
40.8794760742921     0.849891079899032     0     2     -2
40.8662562331986     0.84960498047943     0     2     -2
40.8530366762241     0.849550948524774     0     2     -2
40.8398174042898     0.84915200294687     0     2     -2
40.8265984183172     0.849093510918081     0     2     -2
40.8133797192277     0.848811441559874     0     2     -2
40.800161307943     0.848071477598896     0     2     -2
40.7869431853848     0.847580690684725     0     2     -2
40.7737253524748     0.847463786710569     0     2     -2
40.7605078101351     0.847648118605267     0     2     -2
40.7472905592876     0.847205091254363     0     2     -2
40.7340736008544     0.846996979171536     0     2     -2
40.7208569357578     0.846850541892934     0     2     -2
40.7076405649202     0.846130676328048     0     2     -2
40.6944244892639     0.846262895762392     0     2     -2
40.6812087097115     0.846004733445115     0     2     -2
40.6679932271857     0.845388212453437     0     2     -2
40.6547780426093     0.845374858883889     0     2     -2
40.6415631569051     0.845190851774016     0     2     -2
40.628348570996     0.844628763469628     0     2     -2
40.6151342858053     0.844376453025247     0     2     -2
40.601920302256     0.844196133085075     0     2     -2
40.5887066212714     0.844018099372363     0     2     -2
40.5754932437751     0.84339127616106     0     2     -2
40.5622801706905     0.843320202212932     0     2     -2
40.5490674029412     0.842827071107823     0     2     -2
40.5358549414509     0.84247825100161     0     2     -2
40.5226427871436     0.841830996357752     0     2     -2
40.5094309409432     0.841914859348441     0     2     -2
40.4962194037737     0.841431674954813     0     2     -2
40.4830081765594     0.841047597460015     0     2     -2
40.4697972602245     0.840641931808631     0     2     -2
40.4565866556934     0.840445491563168     0     2     -2
40.4433763638906     0.839706487316186     0     2     -2
40.4301663857409     0.839198578483671     0     2     -2
40.4169567221688     0.838969234182292     0     2     -2
40.4037473740993     0.838567364731239     0     2     -2
40.3905383424574     0.838317749367999     0     2     -2
40.3773296281681     0.837540180910324     0     2     -2
40.3641212321566     0.837046687554683     0     2     -2
