44.9867361074297     0.859999762496738     0     10     2
44.9734722157648     0.85976964490148     0     10     2
44.9602083259105     0.859877876512198     0     10     2
44.9469444387722     0.859983365930679     0     10     2
44.9336805552553     0.859918790618239     0     10     2
44.9204166762651     0.859957902214074     0     10     2
44.9071528027069     0.859865742366309     0     10     2
44.8938889354862     0.859942654054036     0     10     2
44.8806250755081     0.859928627350807     0     10     2
44.8673612236781     0.859727531205647     0     10     2
44.8540973809016     0.859979396382679     0     10     2
44.8408335480838     0.859785929124077     0     10     2
44.8275697261302     0.859982424668702     0     10     2
44.8143059159461     0.859903107749591     0     10     2
44.8010421184369     0.859836222261457     0     10     2
44.7877783345079     0.860073655091027     0     10     2
44.7745145650645     0.859793841648752     0     10     2
44.7612508110122     0.859763199691206     0     10     2
44.7479870732562     0.860046124389992     0     10     2
44.7347233527021     0.859812693223497     0     10     2
44.7214596502551     0.860063307297025     0     10     2
44.7081959668207     0.859904630681381     0     10     2
44.6949323033044     0.85996284596613     0     10     2
44.6816686606115     0.860120418401882     0     10     2
44.6684050396474     0.860011728724609     0     10     2
44.6551414413176     0.86001385366516     0     10     2
44.6418778665275     0.859900982554005     0     10     2
44.6286143161827     0.860051184222914     0     10     2
44.6153507911885     0.860004724205849     0     10     2
44.6020872924504     0.860053923636843     0     10     2
44.5888238208739     0.859991661549084     0     10     2
44.5755603773645     0.859973053264936     0     10     2
44.5622969628277     0.859983439637373     0     10     2
44.549033578169     0.859981634801858     0     10     2
44.5357702242939     0.859986069454259     0     10     2
44.522506902108     0.859758739087754     0     10     2
44.5092436125167     0.859945658548737     0     10     2
44.4959803564257     0.859683282265765     0     10     2
44.4827171347406     0.859764774734903     0     10     2
44.4694539483668     0.85970483256865     0     10     2
44.45619079821     0.859890909395611     0     10     2
44.4429276851758     0.859531000660962     0     10     2
44.4296646101698     0.859691800479957     0     10     2
44.4164015740977     0.859504055116678     0     10     2
44.4031385778651     0.859683548980187     0     10     2
44.3898756223776     0.859603918512107     0     10     2
44.376612708541     0.859480133862384     0     10     2
44.3633498372608     0.859509553557765     0     10     2
44.3500870094429     0.859606797075028     0     10     2
44.336824225993     0.859388694702811     0     10     2
44.3235614878167     0.859506607078191     0     10     2
44.3102987958199     0.859137148916137     0     10     2
44.2970361509082     0.859458034797337     0     10     2
44.2837735539876     0.859356268040752     0     10     2
44.2705110059638     0.859385862930876     0     10     2
44.2572485077426     0.859035505498819     0     10     2
44.2439860602298     0.859304182574703     0     10     2
44.2307236643314     0.859286553260739     0     10     2
44.2174613209532     0.859385035826212     0     10     2
44.2041990310011     0.859090852780837     0     10     2
44.190936795381     0.859346214369163     0     10     2
44.1776746149988     0.85916929652568     0     10     2
44.1644124907606     0.859131146464541     0     10     2
44.1511504235722     0.859042172607211     0     10     2
44.1378884143397     0.859156826336214     0     10     2
44.1246264639691     0.859166546729395     0     10     2
44.1113645733664     0.859223306458541     0     10     2
44.0981027434377     0.859238713532178     0     10     2
44.0848409750891     0.85908571427492     0     10     2
44.0715792692266     0.859171727328392     0     10     2
44.0583176267565     0.859200403588984     0     10     2
44.0450560485848     0.859099802778211     0     10     2
44.0317945356177     0.859081825022233     0     10     2
44.0185330887614     0.85915648686046     0     10     2
44.0052717089222     0.859212748474827     0     10     2
43.9920103970062     0.859134387382451     0     10     2
43.9787491539198     0.858921302117745     0     10     2
43.9654879805692     0.859109337558927     0     10     2
43.9522268778607     0.859138841668562     0     10     2
43.9389658467008     0.85899832250151     0     10     2
43.9257048879957     0.859126136622157     0     10     2
43.912444002652     0.859019632036364     0     10     2
43.8991831915758     0.85899256654508     0     10     2
43.8859224556739     0.859060153960063     0     10     2
43.8726617958525     0.859062220547569     0     10     2
43.8594012130182     0.859105566009808     0     10     2
43.8461407080776     0.859139020815157     0     10     2
43.8328802819372     0.859009388150482     0     10     2
43.8196199355036     0.858801088405297     0     10     2
43.8063596696833     0.859069812229716     0     10     2
43.7930994853832     0.858949697629429     0     10     2
43.7798393835097     0.858959664212667     0     10     2
43.7665793649697     0.85890980584974     0     10     2
43.7533194306699     0.858603594401435     0     10     2
43.7400595815169     0.859005351404383     0     10     2
43.7267998184177     0.858819997641277     0     10     2
43.7135401422791     0.858902916217207     0     10     2
43.7002805540078     0.858864759104584     0     10     2
43.6870210545109     0.858939288083257     0     10     2
43.6737616446951     0.858850089797465     0     10     2
43.6605023254675     0.858767148238111     0     10     2
43.6472430977351     0.859003050293431     0     10     2
43.6339839624049     0.858824406322541     0     10     2
43.6207249203839     0.858522562915019     0     10     2
43.6074659725792     0.858846218490091     0     10     2
43.5942071198979     0.858662861836912     0     10     2
43.5809483632472     0.858520797750071     0     10     2
43.5676897035343     0.858688418373358     0     10     2
43.5544311416664     0.858613349462403     0     10     2
43.5411726785508     0.858686725527223     0     10     2
43.5279143150947     0.858724730558974     0     10     2
43.5146560522055     0.858531419209094     0     10     2
43.5013978907905     0.858639331911582     0     10     2
43.4881398317573     0.858394302867609     0     10     2
43.4748818760131     0.858499533041234     0     10     2
43.4616240244654     0.858352853760498     0     10     2
43.4483662780219     0.858406057698131     0     10     2
43.43510863759     0.858394863820825     0     10     2
43.4218511040773     0.858342406743767     0     10     2
43.4085936783915     0.858309780630989     0     10     2
43.3953363614402     0.85814358302426     0     10     2
43.3820791541312     0.858083180025888     0     10     2
43.3688220573721     0.858224616900486     0     10     2
43.3555650720708     0.857989414979593     0     10     2
43.3423081991352     0.858063822089845     0     10     2
43.3290514394729     0.858166970065291     0     10     2
43.3157947939921     0.857949640278855     0     10     2
43.3025382636006     0.857845168012977     0     10     2
43.2892818492064     0.857606944697478     0     10     2
43.2760255517175     0.857758539268424     0     10     2
43.2627693720421     0.857561873478004     0     10     2
43.2495133110882     0.857638268816426     0     10     2
43.236257369764     0.857521224203524     0     10     2
43.2230015489777     0.857455552108531     0     10     2
43.2097458496376     0.857421715337472     0     10     2
43.1964902726519     0.857221748265825     0     10     2
43.183234818929     0.85733270666727     0     10     2
43.1699794893773     0.856929261546346     0     10     2
43.1567242849051     0.857112529665245     0     10     2
43.1434692064209     0.856847318569228     0     10     2
43.1302142548334     0.856839430609735     0     10     2
43.1169594310509     0.856906987239614     0     10     2
43.1037047359822     0.856738963918809     0     10     2
43.0904501705359     0.856450946494998     0     10     2
43.0771957356206     0.856394514772772     0     10     2
43.0639414321452     0.856082755230367     0     10     2
43.0506872610184     0.85637733367431     0     10     2
43.0374332231491     0.856037995206769     0     10     2
43.0241793194461     0.855903427867736     0     10     2
43.0109255508184     0.855803766365385     0     10     2
42.9976719181749     0.855773190701748     0     10     2
42.9844184224248     0.855514419390477     0     10     2
42.9711650644771     0.8554848765169     0     10     2
42.9579118452409     0.855266667157604     0     10     2
42.9446587656254     0.855061719585957     0     10     2
42.9314058265398     0.854956122106573     0     10     2
42.9181530288935     0.854977587919471     0     10     2
42.9049003735958     0.854536809596147     0     10     2
42.891647861556     0.85449391183242     0     10     2
42.8783954936836     0.854302131167344     0     10     2
42.865143270888     0.854168027276385     0     10     2
42.8518911940789     0.853832837998978     0     10     2
42.8386392641659     0.853606122494005     0     10     2
42.8253874820585     0.853190180916584     0     10     2
42.8121358486664     0.853134737971934     0     10     2
42.7988843648995     0.852856541331936     0     10     2
42.7856330316676     0.852529914650122     0     10     2
42.7723818498804     0.852130904586275     0     10     2
42.759130820448     0.852059586927419     0     10     2
42.7458799442802     0.851743287917884     0     10     2
42.7326292222872     0.851455626573911     0     10     2
42.719378655379     0.851024952796432     0     10     2
42.7061282444657     0.850599198680014     0     10     2
42.6928779904575     0.850422140451181     0     10     2
42.6796278942648     0.849791050092972     0     10     2
42.6663779567977     0.849722763364345     0     10     2
42.6531281789667     0.849177445057567     0     10     2
42.6398785616822     0.848733892606119     0     10     2
42.6266291058547     0.848216198609675     0     10     2
42.6133798123947     0.847684863884956     0     10     2
42.6001306822128     0.847134007999505     0     10     2
42.5868817162196     0.84656922710265     0     10     2
42.573632915326     0.846036580852864     0     10     2
42.5603842804426     0.845534961554564     0     10     2
42.5471358124802     0.844804739448513     0     10     2
42.5338875123499     0.844261523618638     0     10     2
42.5206393809625     0.843401993839021     0     10     2
42.5073914192291     0.842943677005458     0     10     2
42.4941436280607     0.841973076942432     0     10     2
42.4808960083686     0.841402395460604     0     10     2
42.4676485610637     0.840615042233884     0     10     2
42.4544012870576     0.839890339486155     0     10     2
42.4411541872613     0.838943392912678     0     10     2
42.4279072625865     0.838025919331325     0     10     2
42.4146605139445     0.837115374221534     0     10     2
42.4014139422467     0.836096395115856     0     10     2
42.3881675484049     0.835077887269859     0     10     2
42.3749213333306     0.833909238697758     0     10     2
42.3616752979356     0.832503242202682     0     10     2
42.3484294431316     0.831452775568953     0     10     2
42.3351837698304     0.83008575706698     0     10     2
42.3219382789441     0.828537028375619     0     10     2
42.3086929713844     0.827050344405641     0     10     2
42.2954478480635     0.825486099892561     0     10     2
42.2822029098935     0.823602054425094     0     10     2
42.2689581577864     0.822016711619571     0     10     2
42.2557135926547     0.820056879537134     0     10     2
42.2424692154105     0.818212899179025     0     10     2
42.2292250269662     0.816060867503134     0     10     2
42.2159810282344     0.813772472695336     0     10     2
42.2027372201273     0.811422761837679     0     10     2
42.1894936035578     0.809005958817303     0     10     2
42.1762501794383     0.806203071182386     0     10     2
42.1630069486816     0.803571207296225     0     10     2
42.1497639122005     0.800677053603904     0     10     2
42.1365210709078     0.797839699816225     0     10     2
42.1232784257165     0.794624092716472     0     10     2
42.1100359775395     0.791536888859215     0     10     2
42.09679372729     0.787773623660934     0     10     2
42.083551675881     0.78431189828134     0     10     2
42.0703098242257     0.780404157900345     0     10     2
42.0570681732375     0.776296022504572     0     10     2
42.0438267238296     0.771822657094904     0     10     2
42.0305854769156     0.76754691899908     0     10     2
42.0173444334088     0.762803563238292     0     10     2
42.0041035942229     0.757883122629705     0     10     2
41.9908629602715     0.753055312399048     0     10     2
41.9776225324684     0.747936978691499     0     10     2
41.9643823117272     0.74236102414604     0     10     2
41.9511422989619     0.736872769390187     0     10     2
41.9379024950865     0.73094505066949     0     10     2
41.9246629010149     0.725182374200018     0     10     2
41.9114235176612     0.718626336361437     0     10     2
41.8981843459396     0.712412419522229     0     10     2
41.8849453867643     0.705655561297607     0     10     2
41.8717066410497     0.698986430331221     0     10     2
41.8584681097102     0.691567146593946     0     10     2
41.8452297936601     0.683804045217117     0     10     2
41.8319916938142     0.675883164940282     0     10     2
41.8187538110869     0.667966670846322     0     10     2
41.8055161463931     0.659277784960157     0     10     2
41.7922787006474     0.651163428991631     0     10     2
41.7790414747648     0.641862457390653     0     10     2
41.7658044696602     0.632821761880721     0     10     2
41.7525676862486     0.623118740282464     0     10     2
41.7393311254452     0.614220850211884     0     10     2
41.726094788165     0.60410169763191     0     10     2
41.7128586753234     0.593945016040244     0     10     2
41.6996227878358     0.58384313081153     0     10     2
41.6863871266174     0.572990622856549     0     10     2
41.673151692584     0.561933402495581     0     10     2
41.6599164866509     0.550441632047904     0     10     2
41.646681509734     0.539306289698345     0     10     2
41.6334467627489     0.528048768789187     0     10     2
41.6202122466115     0.515994891404676     0     10     2
41.6069779622377     0.504605078726932     0     10     2
41.5937439105435     0.492096410679271     0     10     2
41.580510092445     0.479128339553021     0     10     2
41.5672765088584     0.467600549611282     0     10     2
41.5540431606999     0.455571084278097     0     10     2
41.5408100488858     0.443042768241256     0     10     2
41.5275771743327     0.430863266633064     0     10     2
41.5143445379569     0.418581563196646     0     10     2
41.5011121406751     0.406091521719506     0     10     2
41.487879983404     0.393830256675079     0     10     2
41.4746480670603     0.381642460563156     0     10     2
41.4614163925608     0.368785856363715     0     10     2
41.4481849608227     0.355702958904211     0     10     2
41.4349537727627     0.342539244132809     0     10     2
41.4217228292982     0.330291673463341     0     10     2
41.4084921313462     0.317153128993465     0     10     2
41.395261679824     0.304713249668405     0     10     2
41.3820314756491     0.29190534849207     0     10     2
41.368801519739     0.279183035231428     0     10     2
41.3555718130111     0.267011714454114     0     10     2
41.3423423563831     0.255062090931474     0     10     2
41.3291131507728     0.243685865765933     0     10     2
41.315884197098     0.232114300147907     0     10     2
41.3026554962766     0.220943447287481     0     10     2
41.2894270492266     0.210223998148144     0     10     2
41.2761988568661     0.200079850093123     0     10     2
41.2629709201134     0.190380451562596     0     10     2
41.2497432398867     0.181062050237487     0     10     2
41.2365158171043     0.172503272327616     0     10     2
41.2232886526848     0.163732662448034     0     10     2
41.2100617475467     0.15577810578839     0     10     2
41.1968351026086     0.148278700648202     0     10     2
41.1836087187894     0.141302913307846     0     10     2
41.1703825970079     0.134559279426005     0     10     2
41.1571567381829     0.128639694240653     0     10     2
41.1439311432336     0.123267423530568     0     10     2
41.130705813079     0.118242390090026     0     10     2
41.1174807486384     0.113523515903549     0     10     2
41.1042559508312     0.10933281953667     0     10     2
41.0910314205766     0.105270843983218     0     10     2
41.0778071587943     0.101465122342128     0     10     2
41.0645831664038     0.0981910581665398     0     10     2
41.0513594443248     0.0953720241158705     0     10     2
41.0381359934772     0.0928722368306876     0     10     2
41.0249128147808     0.0907249914410553     0     10     2
41.0116899091557     0.0892434321122154     0     10     2
40.9984672775219     0.0878785684278054     0     10     2
40.9852449207996     0.08713893575102     0     10     2
40.9720228399091     0.0866636372618953     0     10     2
40.9588010357708     0.0862739480024205     0     10     2
40.9455795093053     0.0861273624044778     0     10     2
40.932358261433     0.0863118580988121     0     10     2
40.9191372930747     0.0862755131284887     0     10     2
40.9059166051511     0.0864472477792658     0     10     2
40.8926961985833     0.0867054986517163     0     10     2
40.8794760742921     0.0871884512779231     0     10     2
40.8662562331986     0.0875572232430391     0     10     2
40.8530366762241     0.0879700571639012     0     10     2
40.8398174042898     0.0886087716709949     0     10     2
40.8265984183172     0.0893146292350526     0     10     2
40.8133797192277     0.0899974169053073     0     10     2
40.800161307943     0.0907673150268055     0     10     2
40.7869431853848     0.0914285052809624     0     10     2
40.7737253524748     0.09202885316438     0     10     2
40.7605078101351     0.0926420109614516     0     10     2
40.7472905592876     0.0931141136508182     0     10     2
40.7340736008544     0.0936830294530422     0     10     2
40.7208569357578     0.0940104503976121     0     10     2
40.7076405649202     0.0942899285890191     0     10     2
40.6944244892639     0.0947255224820695     0     10     2
40.6812087097115     0.0952840501827981     0     10     2
40.6679932271857     0.0954065552766974     0     10     2
40.6547780426093     0.095810227746571     0     10     2
40.6415631569051     0.096101185387598     0     10     2
40.628348570996     0.096412763542773     0     10     2
40.6151342858053     0.0965056424598561     0     10     2
40.601920302256     0.0966421235014193     0     10     2
40.5887066212714     0.0968191560782066     0     10     2
40.5754932437751     0.0969764852478117     0     10     2
40.5622801706905     0.0967505837668312     0     10     2
40.5490674029412     0.0967007863318456     0     10     2
40.5358549414509     0.0965317341773043     0     10     2
40.5226427871436     0.0962339966866079     0     10     2
40.5094309409432     0.0961146671503895     0     10     2
40.4962194037737     0.0958505018028742     0     10     2
40.4830081765594     0.0955005175816209     0     10     2
40.4697972602245     0.0951916919572027     0     10     2
40.4565866556934     0.0948359824987725     0     10     2
40.4433763638906     0.0945230505588263     0     10     2
40.4301663857409     0.0942330700450999     0     10     2
40.4169567221688     0.0939249447382149     0     10     2
40.4037473740993     0.0935124319637151     0     10     2
40.3905383424574     0.0930471503803363     0     10     2
40.3773296281681     0.0924695898595481     0     10     2
40.3641212321566     0.0918573536367622     0     10     2
