40.3773296281681     0.265781820229458     0     -2     4
40.3905383424574     0.273283556152639     0     -2     4
40.4037473740993     0.274655852210438     0     -2     4
40.4169567221688     0.275877433547483     0     -2     4
40.4301663857409     0.277755743432805     0     -2     4
40.4433763638906     0.276072129645959     0     -2     4
40.4565866556934     0.276931862925703     0     -2     4
40.4697972602245     0.276784282471902     0     -2     4
40.4830081765594     0.281949926383829     0     -2     4
40.4962194037737     0.282441946414557     0     -2     4
40.5094309409432     0.282518659331395     0     -2     4
40.5226427871436     0.282434561440092     0     -2     4
40.5358549414509     0.28052706796307     0     -2     4
40.5490674029412     0.280643850491599     0     -2     4
40.5622801706905     0.287762386679876     0     -2     4
40.5754932437751     0.288297179080813     0     -2     4
40.5887066212714     0.287682885292546     0     -2     4
40.601920302256     0.28801304977993     0     -2     4
40.6151342858053     0.288790551927187     0     -2     4
40.628348570996     0.289159647515015     0     -2     4
40.6415631569051     0.287587767392432     0     -2     4
40.6547780426093     0.295261816360772     0     -2     4
40.6679932271857     0.29619665490825     0     -2     4
40.6812087097115     0.29421242533199     0     -2     4
40.6944244892639     0.29343029324865     0     -2     4
40.7076405649202     0.292881695646046     0     -2     4
40.7208569357578     0.292905392293318     0     -2     4
40.7340736008544     0.291367150732131     0     -2     4
40.7472905592876     0.296856766361036     0     -2     4
40.7605078101351     0.297376760166366     0     -2     4
40.7737253524748     0.294541443932291     0     -2     4
40.7869431853848     0.292703620618322     0     -2     4
40.800161307943     0.292834375234294     0     -2     4
40.8133797192277     0.291689084512667     0     -2     4
40.8265984183172     0.289925881972213     0     -2     4
40.8398174042898     0.295406592777604     0     -2     4
40.8530366762241     0.294436066421938     0     -2     4
40.8662562331986     0.294942807000521     0     -2     4
40.8794760742921     0.291839028212955     0     -2     4
40.8926961985833     0.290094699351012     0     -2     4
40.9059166051511     0.289376522834552     0     -2     4
40.9191372930747     0.287171874852867     0     -2     4
40.932358261433     0.294773853611881     0     -2     4
40.9455795093053     0.293105528719771     0     -2     4
40.9588010357708     0.293575213855169     0     -2     4
40.9720228399091     0.293263153403576     0     -2     4
40.9852449207996     0.292208564539084     0     -2     4
40.9984672775219     0.291266593906618     0     -2     4
41.0116899091557     0.291534205851858     0     -2     4
41.0249128147808     0.297673471884849     0     -2     4
41.0381359934772     0.297552863267483     0     -2     4
41.0513594443248     0.299927038867424     0     -2     4
41.0645831664038     0.300868350225619     0     -2     4
41.0778071587943     0.301393078557307     0     -2     4
41.0910314205766     0.305249993582751     0     -2     4
41.1042559508312     0.307243451895995     0     -2     4
41.1174807486384     0.315799761428721     0     -2     4
41.130705813079     0.319014167363948     0     -2     4
41.1439311432336     0.322814712927553     0     -2     4
41.1571567381829     0.326162050411424     0     -2     4
41.1703825970079     0.330221063123972     0     -2     4
41.1836087187894     0.334041017946359     0     -2     4
41.1968351026086     0.337182159636779     0     -2     4
41.2100617475467     0.348725965213783     0     -2     4
41.2232886526848     0.353020733269663     0     -2     4
41.2365158171043     0.35998828405426     0     -2     4
41.2497432398867     0.367203961835981     0     -2     4
41.2629709201134     0.372703012303396     0     -2     4
41.2761988568661     0.379343138046884     0     -2     4
41.2894270492266     0.38870611217331     0     -2     4
41.3026554962766     0.402960243981184     0     -2     4
41.315884197098     0.410714481193846     0     -2     4
41.3291131507728     0.420260682882691     0     -2     4
41.3423423563831     0.429039923204023     0     -2     4
41.3555718130111     0.438637659375484     0     -2     4
41.368801519739     0.44718730410608     0     -2     4
41.3820314756491     0.456236127055135     0     -2     4
41.395261679824     0.471701003849576     0     -2     4
41.4084921313462     0.480181319322069     0     -2     4
41.4217228292982     0.490165421440152     0     -2     4
41.4349537727627     0.500002805617432     0     -2     4
41.4481849608227     0.5095416139559     0     -2     4
41.4614163925608     0.518801630490157     0     -2     4
41.4746480670603     0.528566149441317     0     -2     4
41.487879983404     0.542130242195191     0     -2     4
41.5011121406751     0.552718201016764     0     -2     4
41.5143445379569     0.562019146339623     0     -2     4
41.5275771743327     0.572392585323996     0     -2     4
41.5408100488858     0.580130381693903     0     -2     4
41.5540431606999     0.589606830341286     0     -2     4
41.5672765088584     0.601998526306942     0     -2     4
41.580510092445     0.611493844048037     0     -2     4
41.5937439105435     0.620230213191767     0     -2     4
41.6069779622377     0.6294976313646     0     -2     4
41.6202122466115     0.636702094768849     0     -2     4
41.6334467627489     0.64528106816176     0     -2     4
41.646681509734     0.652867827875703     0     -2     4
41.6599164866509     0.663078270899207     0     -2     4
41.673151692584     0.67087971773696     0     -2     4
41.6863871266174     0.678165959248453     0     -2     4
41.6996227878358     0.684927735589686     0     -2     4
41.7128586753234     0.691756497237661     0     -2     4
41.726094788165     0.698369524358372     0     -2     4
41.7393311254452     0.704539992103525     0     -2     4
41.7525676862486     0.712385936653073     0     -2     4
41.7658044696602     0.718289014824287     0     -2     4
41.7790414747648     0.724643786842733     0     -2     4
41.7922787006474     0.729792259699159     0     -2     4
41.8055161463931     0.735491063461217     0     -2     4
41.8187538110869     0.740692084387555     0     -2     4
41.8319916938142     0.745670827706365     0     -2     4
41.8452297936601     0.751725272838871     0     -2     4
41.8584681097102     0.756239811429835     0     -2     4
41.8717066410497     0.760668551267028     0     -2     4
41.8849453867643     0.764904844208452     0     -2     4
41.8981843459396     0.769503514747943     0     -2     4
41.9114235176612     0.773266899130274     0     -2     4
41.9246629010149     0.777080525369932     0     -2     4
41.9379024950865     0.781547803948326     0     -2     4
41.9511422989619     0.785279140628513     0     -2     4
41.9643823117272     0.788626922439822     0     -2     4
41.9776225324684     0.79194214682471     0     -2     4
41.9908629602715     0.795060204138629     0     -2     4
42.0041035942229     0.797947998704206     0     -2     4
42.0173444334088     0.800995922804261     0     -2     4
42.0305854769156     0.803498813559935     0     -2     4
42.0438267238296     0.806733998451947     0     -2     4
42.0570681732375     0.809346868107317     0     -2     4
42.0703098242257     0.811711076814392     0     -2     4
42.083551675881     0.813981510733027     0     -2     4
42.09679372729     0.816257465714872     0     -2     4
42.1100359775395     0.818224857297863     0     -2     4
42.1232784257165     0.820095279884918     0     -2     4
42.1365210709078     0.822280760674255     0     -2     4
42.1497639122005     0.823890686639019     0     -2     4
42.1630069486816     0.825567566446638     0     -2     4
42.1762501794383     0.826906791698426     0     -2     4
42.1894936035578     0.828528003487789     0     -2     4
42.2027372201273     0.829932789800853     0     -2     4
42.2159810282344     0.831155549083428     0     -2     4
42.2292250269662     0.832381436565391     0     -2     4
42.2424692154105     0.833527289037643     0     -2     4
42.2557135926547     0.83429215681372     0     -2     4
42.2689581577864     0.835327937615169     0     -2     4
42.2822029098935     0.836269429209681     0     -2     4
42.2954478480635     0.837083949769278     0     -2     4
42.3086929713844     0.837652410341345     0     -2     4
42.3219382789441     0.838407197849147     0     -2     4
42.3351837698304     0.838903962196706     0     -2     4
42.3484294431316     0.839386533513503     0     -2     4
42.3616752979356     0.839906034450203     0     -2     4
42.3749213333306     0.840017319402144     0     -2     4
42.3881675484049     0.840482356017806     0     -2     4
42.4014139422467     0.840502093776818     0     -2     4
42.4146605139445     0.840244337217031     0     -2     4
42.4279072625865     0.840157151154625     0     -2     4
42.4411541872613     0.840163150595521     0     -2     4
42.4544012870576     0.839666943208045     0     -2     4
42.4676485610637     0.839362148564563     0     -2     4
42.4808960083686     0.838586774963384     0     -2     4
42.4941436280607     0.83806151283638     0     -2     4
42.5073914192291     0.836451662469286     0     -2     4
42.5206393809625     0.834908734441023     0     -2     4
42.5338875123499     0.83356796647287     0     -2     4
42.5471358124802     0.831720290358526     0     -2     4
42.5603842804426     0.82938830616039     0     -2     4
42.573632915326     0.826492502347313     0     -2     4
42.5868817162196     0.823039371340907     0     -2     4
42.6001306822128     0.817510648987057     0     -2     4
42.6133798123947     0.811919641269382     0     -2     4
42.6266291058547     0.805588147310673     0     -2     4
42.6398785616822     0.798594476524279     0     -2     4
42.6531281789667     0.791287038871272     0     -2     4
42.6663779567977     0.783042139893085     0     -2     4
42.6796278942648     0.776319005221214     0     -2     4
42.6928779904575     0.766982280972048     0     -2     4
42.7061282444657     0.76385273529031     0     -2     4
42.719378655379     0.763350069498128     0     -2     4
42.7326292222872     0.766590291133109     0     -2     4
42.7458799442802     0.773496787521999     0     -2     4
42.759130820448     0.780639194452827     0     -2     4
42.7723818498804     0.788306416440579     0     -2     4
42.7856330316676     0.794659102428419     0     -2     4
42.7988843648995     0.801576414177432     0     -2     4
42.8121358486664     0.808777570103151     0     -2     4
42.8253874820585     0.814775637675572     0     -2     4
42.8386392641659     0.820794479555969     0     -2     4
42.8518911940789     0.825838097148282     0     -2     4
42.865143270888     0.830541137402441     0     -2     4
42.8783954936836     0.834623408306343     0     -2     4
42.891647861556     0.837673142552755     0     -2     4
42.9049003735958     0.840526888805957     0     -2     4
42.9181530288935     0.843401287284686     0     -2     4
42.9314058265398     0.845583502832984     0     -2     4
42.9446587656254     0.847884444716501     0     -2     4
42.9579118452409     0.849715379982884     0     -2     4
42.9711650644771     0.851298639002021     0     -2     4
42.9844184224248     0.852399191380707     0     -2     4
42.9976719181749     0.853754018124001     0     -2     4
43.0109255508184     0.854757593052555     0     -2     4
43.0241793194461     0.855858069389765     0     -2     4
43.0374332231491     0.856502450570898     0     -2     4
43.0506872610184     0.857456533197749     0     -2     4
43.0639414321452     0.857855336296891     0     -2     4
43.0771957356206     0.858505985305251     0     -2     4
43.0904501705359     0.85905372213     0     -2     4
43.1037047359822     0.859634183073626     0     -2     4
43.1169594310509     0.859887112369817     0     -2     4
43.1302142548334     0.860450583302341     0     -2     4
43.1434692064209     0.860869308256685     0     -2     4
43.1567242849051     0.860997950259391     0     -2     4
43.1699794893773     0.861146458495213     0     -2     4
43.183234818929     0.861606782416239     0     -2     4
43.1964902726519     0.861678772541437     0     -2     4
43.2097458496376     0.862128773505654     0     -2     4
43.2230015489777     0.862249241050288     0     -2     4
43.236257369764     0.862267954822395     0     -2     4
43.2495133110882     0.86284694772338     0     -2     4
43.2627693720421     0.862722840824519     0     -2     4
43.2760255517175     0.863052779340943     0     -2     4
43.2892818492064     0.862997427871458     0     -2     4
43.3025382636006     0.863352041688704     0     -2     4
43.3157947939921     0.863382226917258     0     -2     4
43.3290514394729     0.863473359307692     0     -2     4
43.3423081991352     0.8635896690333     0     -2     4
43.3555650720708     0.863651605047606     0     -2     4
43.3688220573721     0.863811847726581     0     -2     4
43.3820791541312     0.863968291931594     0     -2     4
43.3953363614402     0.864002174181256     0     -2     4
43.4085936783915     0.864262031787867     0     -2     4
43.4218511040773     0.864243045049084     0     -2     4
43.43510863759     0.864178190632837     0     -2     4
43.4483662780219     0.864314786632593     0     -2     4
43.4616240244654     0.864382227811144     0     -2     4
43.4748818760131     0.864415938284927     0     -2     4
43.4881398317573     0.86437911262922     0     -2     4
43.5013978907905     0.86465285903597     0     -2     4
43.5146560522055     0.864699968835405     0     -2     4
43.5279143150947     0.864595788588843     0     -2     4
43.5411726785508     0.864592059301205     0     -2     4
43.5544311416664     0.864711262557461     0     -2     4
43.5676897035343     0.864862102006355     0     -2     4
43.5809483632472     0.864832343405831     0     -2     4
43.5942071198979     0.864809291065068     0     -2     4
43.6074659725792     0.864892964469506     0     -2     4
43.6207249203839     0.864916749274734     0     -2     4
43.6339839624049     0.864891240357661     0     -2     4
43.6472430977351     0.865011490243039     0     -2     4
43.6605023254675     0.864960271616796     0     -2     4
43.6737616446951     0.864993151270219     0     -2     4
43.6870210545109     0.865019776201442     0     -2     4
43.7002805540078     0.865206782340086     0     -2     4
43.7135401422791     0.86522680408175     0     -2     4
43.7267998184177     0.865239191708278     0     -2     4
43.7400595815169     0.865285043936694     0     -2     4
43.7533194306699     0.86533000538831     0     -2     4
43.7665793649697     0.865428150156635     0     -2     4
43.7798393835097     0.865415620301812     0     -2     4
43.7930994853832     0.865239377792001     0     -2     4
43.8063596696833     0.865510931080807     0     -2     4
43.8196199355036     0.86538904549771     0     -2     4
43.8328802819372     0.865508511238334     0     -2     4
43.8461407080776     0.865610709473487     0     -2     4
43.8594012130182     0.865456883543135     0     -2     4
43.8726617958525     0.865745744207458     0     -2     4
43.8859224556739     0.865547205799082     0     -2     4
43.8991831915758     0.865791213772386     0     -2     4
43.912444002652     0.865496319153029     0     -2     4
43.9257048879957     0.865616156129727     0     -2     4
43.9389658467008     0.865667209817721     0     -2     4
43.9522268778607     0.865767316605452     0     -2     4
43.9654879805692     0.865593274534799     0     -2     4
43.9787491539198     0.865723763411563     0     -2     4
43.9920103970062     0.865730639560261     0     -2     4
44.0052717089222     0.865787729545112     0     -2     4
44.0185330887614     0.865859451656347     0     -2     4
44.0317945356177     0.865801826430737     0     -2     4
44.0450560485848     0.866006852046574     0     -2     4
44.0583176267565     0.865610199094625     0     -2     4
44.0715792692266     0.866036136032264     0     -2     4
44.0848409750891     0.865924913538494     0     -2     4
44.0981027434377     0.8659996979811     0     -2     4
44.1113645733664     0.865913562681051     0     -2     4
44.1246264639691     0.866095874857674     0     -2     4
44.1378884143397     0.866008975064956     0     -2     4
44.1511504235722     0.866050963217267     0     -2     4
44.1644124907606     0.866116153942686     0     -2     4
44.1776746149988     0.866250942634159     0     -2     4
44.190936795381     0.866009548908133     0     -2     4
44.2041990310011     0.866130056952921     0     -2     4
44.2174613209532     0.866296970182782     0     -2     4
44.2307236643314     0.866207061308716     0     -2     4
44.2439860602298     0.866256169380811     0     -2     4
44.2572485077426     0.866279120185604     0     -2     4
44.2705110059638     0.866324890653459     0     -2     4
44.2837735539876     0.866337299409737     0     -2     4
44.2970361509082     0.866232699408191     0     -2     4
44.3102987958199     0.866349965535486     0     -2     4
44.3235614878167     0.866332172122916     0     -2     4
44.336824225993     0.86640412553894     0     -2     4
44.3500870094429     0.866178281463835     0     -2     4
44.3633498372608     0.866322222548619     0     -2     4
44.376612708541     0.866288045305068     0     -2     4
44.3898756223776     0.866406195030219     0     -2     4
44.4031385778651     0.866345712362721     0     -2     4
44.4164015740977     0.866354388308407     0     -2     4
44.4296646101698     0.866378101838711     0     -2     4
44.4429276851758     0.866372506925607     0     -2     4
44.45619079821     0.8663444952564     0     -2     4
44.4694539483668     0.866504347768478     0     -2     4
44.4827171347406     0.866359770050439     0     -2     4
44.4959803564257     0.86645770249221     0     -2     4
44.5092436125167     0.866673124790441     0     -2     4
44.522506902108     0.866448636258571     0     -2     4
44.5357702242939     0.866235740055476     0     -2     4
44.549033578169     0.866341712285148     0     -2     4
44.5622969628277     0.866333711607043     0     -2     4
44.5755603773645     0.866513633982318     0     -2     4
44.5888238208739     0.866212885110557     0     -2     4
44.6020872924504     0.866449633003977     0     -2     4
44.6153507911885     0.866161769131149     0     -2     4
44.6286143161827     0.866455268767247     0     -2     4
44.6418778665275     0.866450433732246     0     -2     4
44.6551414413176     0.866374063598523     0     -2     4
44.6684050396474     0.866381749886387     0     -2     4
44.6816686606115     0.866407378182009     0     -2     4
44.6949323033044     0.866317443696258     0     -2     4
44.7081959668207     0.86628701474984     0     -2     4
44.7214596502551     0.866352988395563     0     -2     4
44.7347233527021     0.866395172364927     0     -2     4
44.7479870732562     0.866388311835007     0     -2     4
44.7612508110122     0.866438464786208     0     -2     4
44.7745145650645     0.866426750701167     0     -2     4
44.7877783345079     0.866448749047472     0     -2     4
44.8010421184369     0.866358439817783     0     -2     4
44.8143059159461     0.86625904670009     0     -2     4
44.8275697261302     0.866439213623601     0     -2     4
44.8408335480838     0.866303987174701     0     -2     4
44.8540973809016     0.866437283201517     0     -2     4
44.8673612236781     0.866387971174398     0     -2     4
44.8806250755081     0.866182734121891     0     -2     4
44.8938889354862     0.866444473093592     0     -2     4
44.9071528027069     0.866365617545553     0     -2     4
44.9204166762651     0.866418341370094     0     -2     4
44.9336805552553     0.866345683884295     0     -2     4
44.9469444387722     0.866087307705455     0     -2     4
44.9602083259105     0.866314970920094     0     -2     4
44.9734722157648     0.866291778080558     0     -2     4
44.9867361074297     0.866185753177593     0     -2     4
45     0.866278671714027     0     -2     4
