40.3773296281681     0.101834991363655     0     4     -6
40.3905383424574     0.101405135250093     0     4     -6
40.4037473740993     0.101188125553975     0     4     -6
40.4169567221688     0.100998564214416     0     4     -6
40.4301663857409     0.100773165664817     0     4     -6
40.4433763638906     0.100747052994411     0     4     -6
40.4565866556934     0.0999643012116231     0     4     -6
40.4697972602245     0.0998968600880941     0     4     -6
40.4830081765594     0.0994771660447563     0     4     -6
40.4962194037737     0.0992723692335791     0     4     -6
40.5094309409432     0.0989921373089915     0     4     -6
40.5226427871436     0.0988233947527238     0     4     -6
40.5358549414509     0.0986410577012488     0     4     -6
40.5490674029412     0.0985217411250682     0     4     -6
40.5622801706905     0.0986378361577295     0     4     -6
40.5754932437751     0.0989355789395063     0     4     -6
40.5887066212714     0.0987517163828785     0     4     -6
40.601920302256     0.099000790517622     0     4     -6
40.6151342858053     0.0982956149072175     0     4     -6
40.628348570996     0.098693469143893     0     4     -6
40.6415631569051     0.0998517110391967     0     4     -6
40.6547780426093     0.0995419799658877     0     4     -6
40.6679932271857     0.10041156825899     0     4     -6
40.6812087097115     0.101551064692342     0     4     -6
40.6944244892639     0.102980228745045     0     4     -6
40.7076405649202     0.104150580595942     0     4     -6
40.7208569357578     0.106515836914937     0     4     -6
40.7340736008544     0.107881995194329     0     4     -6
40.7472905592876     0.110240241135241     0     4     -6
40.7605078101351     0.113012189344674     0     4     -6
40.7737253524748     0.115762254864622     0     4     -6
40.7869431853848     0.119090484739209     0     4     -6
40.800161307943     0.123195950141253     0     4     -6
40.8133797192277     0.126552586058295     0     4     -6
40.8265984183172     0.131193650617902     0     4     -6
40.8398174042898     0.135790607024756     0     4     -6
40.8530366762241     0.1405701496014     0     4     -6
40.8662562331986     0.14595073750531     0     4     -6
40.8794760742921     0.152447580670439     0     4     -6
40.8926961985833     0.158277198745219     0     4     -6
40.9059166051511     0.164896013096342     0     4     -6
40.9191372930747     0.171964550742565     0     4     -6
40.932358261433     0.179136091580655     0     4     -6
40.9455795093053     0.186776132795666     0     4     -6
40.9588010357708     0.194943445277666     0     4     -6
40.9720228399091     0.203975677693613     0     4     -6
40.9852449207996     0.212528842543136     0     4     -6
40.9984672775219     0.221718912507256     0     4     -6
41.0116899091557     0.231706616597637     0     4     -6
41.0249128147808     0.241193638978434     0     4     -6
41.0381359934772     0.251271733812464     0     4     -6
41.0513594443248     0.261974759670198     0     4     -6
41.0645831664038     0.272415494274734     0     4     -6
41.0778071587943     0.282987919394547     0     4     -6
41.0910314205766     0.294105730758908     0     4     -6
41.1042559508312     0.305695740047346     0     4     -6
41.1174807486384     0.316964125701888     0     4     -6
41.130705813079     0.328546112572615     0     4     -6
41.1439311432336     0.340560565703454     0     4     -6
41.1571567381829     0.351925683438548     0     4     -6
41.1703825970079     0.363693589949547     0     4     -6
41.1836087187894     0.375799383265676     0     4     -6
41.1968351026086     0.387780906722979     0     4     -6
41.2100617475467     0.399656321513124     0     4     -6
41.2232886526848     0.411103217955455     0     4     -6
41.2365158171043     0.422787984291906     0     4     -6
41.2497432398867     0.434575927526053     0     4     -6
41.2629709201134     0.445806884748957     0     4     -6
41.2761988568661     0.455956309390906     0     4     -6
41.2894270492266     0.467318131931217     0     4     -6
41.3026554962766     0.477997110697812     0     4     -6
41.315884197098     0.488375094495676     0     4     -6
41.3291131507728     0.499072832209905     0     4     -6
41.3423423563831     0.510006110509097     0     4     -6
41.3555718130111     0.520320853542679     0     4     -6
41.368801519739     0.531418600017436     0     4     -6
41.3820314756491     0.541380370762249     0     4     -6
41.395261679824     0.55168567082529     0     4     -6
41.4084921313462     0.561563556744954     0     4     -6
41.4217228292982     0.571214733604162     0     4     -6
41.4349537727627     0.581074940234739     0     4     -6
41.4481849608227     0.590357279651526     0     4     -6
41.4614163925608     0.598933285086357     0     4     -6
41.4746480670603     0.60795616780371     0     4     -6
41.487879983404     0.616276565461427     0     4     -6
41.5011121406751     0.624213656420457     0     4     -6
41.5143445379569     0.632309625481235     0     4     -6
41.5275771743327     0.640312485363791     0     4     -6
41.5408100488858     0.647846391627749     0     4     -6
41.5540431606999     0.655146859324294     0     4     -6
41.5672765088584     0.66268502074953     0     4     -6
41.580510092445     0.669618860148881     0     4     -6
41.5937439105435     0.677415197909998     0     4     -6
41.6069779622377     0.683958396086915     0     4     -6
41.6202122466115     0.690603082910302     0     4     -6
41.6334467627489     0.697125413321954     0     4     -6
41.646681509734     0.703320954022135     0     4     -6
41.6599164866509     0.709496648830034     0     4     -6
41.673151692584     0.71525018097672     0     4     -6
41.6863871266174     0.72103025316812     0     4     -6
41.6996227878358     0.726818789476814     0     4     -6
41.7128586753234     0.732085320358662     0     4     -6
41.726094788165     0.736956582439603     0     4     -6
41.7393311254452     0.7420817465785     0     4     -6
41.7525676862486     0.747245673561673     0     4     -6
41.7658044696602     0.751970882349296     0     4     -6
41.7790414747648     0.75619099475168     0     4     -6
41.7922787006474     0.760637581439553     0     4     -6
41.8055161463931     0.764939157288063     0     4     -6
41.8187538110869     0.768983390468425     0     4     -6
41.8319916938142     0.772963956813441     0     4     -6
41.8452297936601     0.776905381992207     0     4     -6
41.8584681097102     0.780741648446689     0     4     -6
41.8717066410497     0.78416229288816     0     4     -6
41.8849453867643     0.787628309893964     0     4     -6
41.8981843459396     0.790631240374867     0     4     -6
41.9114235176612     0.793942684579595     0     4     -6
41.9246629010149     0.79665166664093     0     4     -6
41.9379024950865     0.799628285773147     0     4     -6
41.9511422989619     0.802601981510904     0     4     -6
41.9643823117272     0.804930411636983     0     4     -6
41.9776225324684     0.807420456739455     0     4     -6
41.9908629602715     0.809830377830868     0     4     -6
42.0041035942229     0.812121151740478     0     4     -6
42.0173444334088     0.814329956416087     0     4     -6
42.0305854769156     0.816448099849976     0     4     -6
42.0438267238296     0.818451058595529     0     4     -6
42.0570681732375     0.82023760614667     0     4     -6
42.0703098242257     0.821820459213435     0     4     -6
42.083551675881     0.823666515971585     0     4     -6
42.09679372729     0.825162428891001     0     4     -6
42.1100359775395     0.826590512011061     0     4     -6
42.1232784257165     0.828190503950603     0     4     -6
42.1365210709078     0.828924519678474     0     4     -6
42.1497639122005     0.830909321754478     0     4     -6
42.1630069486816     0.8321547950823     0     4     -6
42.1762501794383     0.832890414040096     0     4     -6
42.1894936035578     0.834139931921735     0     4     -6
42.2027372201273     0.834571988610682     0     4     -6
42.2159810282344     0.83561225404538     0     4     -6
42.2292250269662     0.836496263855152     0     4     -6
42.2424692154105     0.837185338364034     0     4     -6
42.2557135926547     0.837724231896046     0     4     -6
42.2689581577864     0.83849838585176     0     4     -6
42.2822029098935     0.838909180012089     0     4     -6
42.2954478480635     0.839531054418828     0     4     -6
42.3086929713844     0.840014917379216     0     4     -6
42.3219382789441     0.840856108722811     0     4     -6
42.3351837698304     0.840689540290009     0     4     -6
42.3484294431316     0.841291476027223     0     4     -6
42.3616752979356     0.841984138373974     0     4     -6
42.3749213333306     0.842107531241294     0     4     -6
42.3881675484049     0.842896131053425     0     4     -6
42.4014139422467     0.843100620490813     0     4     -6
42.4146605139445     0.843632320984945     0     4     -6
42.4279072625865     0.844552198878134     0     4     -6
42.4411541872613     0.844808631228275     0     4     -6
42.4544012870576     0.845693223998739     0     4     -6
42.4676485610637     0.846157982911282     0     4     -6
42.4808960083686     0.846837315483536     0     4     -6
42.4941436280607     0.847549703573668     0     4     -6
42.5073914192291     0.848189352995579     0     4     -6
42.5206393809625     0.84873201316569     0     4     -6
42.5338875123499     0.8495309827769     0     4     -6
42.5471358124802     0.849951319813084     0     4     -6
42.5603842804426     0.850271615412793     0     4     -6
42.573632915326     0.850783442821465     0     4     -6
42.5868817162196     0.850989528429845     0     4     -6
42.6001306822128     0.851597010447652     0     4     -6
42.6133798123947     0.852135870653975     0     4     -6
42.6266291058547     0.852253295531075     0     4     -6
42.6398785616822     0.852724929240731     0     4     -6
42.6531281789667     0.852561402298849     0     4     -6
42.6663779567977     0.853321799783762     0     4     -6
42.6796278942648     0.853491087613314     0     4     -6
42.6928779904575     0.854019463155889     0     4     -6
42.7061282444657     0.854374829121594     0     4     -6
42.719378655379     0.854869296491654     0     4     -6
42.7326292222872     0.855259314147532     0     4     -6
42.7458799442802     0.855189319913307     0     4     -6
42.759130820448     0.855452044363223     0     4     -6
42.7723818498804     0.855567315463849     0     4     -6
42.7856330316676     0.85584152291652     0     4     -6
42.7988843648995     0.856435199788537     0     4     -6
42.8121358486664     0.856265793565436     0     4     -6
42.8253874820585     0.85642833083304     0     4     -6
42.8386392641659     0.856595726982484     0     4     -6
42.8518911940789     0.856559530483437     0     4     -6
42.865143270888     0.856954934104137     0     4     -6
42.8783954936836     0.856992602426636     0     4     -6
42.891647861556     0.857394613771955     0     4     -6
42.9049003735958     0.85732531372421     0     4     -6
42.9181530288935     0.857484386235049     0     4     -6
42.9314058265398     0.857408528340729     0     4     -6
42.9446587656254     0.858231498609385     0     4     -6
42.9579118452409     0.857942925857793     0     4     -6
42.9711650644771     0.858420431882525     0     4     -6
42.9844184224248     0.858234420696559     0     4     -6
42.9976719181749     0.858218983592303     0     4     -6
43.0109255508184     0.858616731185024     0     4     -6
43.0241793194461     0.858585755632506     0     4     -6
43.0374332231491     0.859018669548416     0     4     -6
43.0506872610184     0.859188858452199     0     4     -6
43.0639414321452     0.858827864366788     0     4     -6
43.0771957356206     0.859072226730068     0     4     -6
43.0904501705359     0.859182855058411     0     4     -6
43.1037047359822     0.859472567542169     0     4     -6
43.1169594310509     0.859252312997859     0     4     -6
43.1302142548334     0.859203041854104     0     4     -6
43.1434692064209     0.859370713356644     0     4     -6
43.1567242849051     0.859431136975944     0     4     -6
43.1699794893773     0.859798543958272     0     4     -6
43.183234818929     0.85955459761306     0     4     -6
43.1964902726519     0.859757268355396     0     4     -6
43.2097458496376     0.85974221379653     0     4     -6
43.2230015489777     0.859749505251465     0     4     -6
43.236257369764     0.859889802816788     0     4     -6
43.2495133110882     0.859918296469745     0     4     -6
43.2627693720421     0.859937791033211     0     4     -6
43.2760255517175     0.860077745183063     0     4     -6
43.2892818492064     0.860263026582037     0     4     -6
43.3025382636006     0.860257893812141     0     4     -6
43.3157947939921     0.860192624410937     0     4     -6
43.3290514394729     0.860420242909334     0     4     -6
43.3423081991352     0.860283690832493     0     4     -6
43.3555650720708     0.860729020983854     0     4     -6
43.3688220573721     0.860318704771553     0     4     -6
43.3820791541312     0.860427315974201     0     4     -6
43.3953363614402     0.860391845136695     0     4     -6
43.4085936783915     0.860657460873434     0     4     -6
43.4218511040773     0.86063500912595     0     4     -6
43.43510863759     0.860827655963373     0     4     -6
43.4483662780219     0.860542981703091     0     4     -6
43.4616240244654     0.860653474563802     0     4     -6
43.4748818760131     0.860690158283994     0     4     -6
43.4881398317573     0.86079514826524     0     4     -6
43.5013978907905     0.860775890718579     0     4     -6
43.5146560522055     0.860813654945176     0     4     -6
43.5279143150947     0.860869884481515     0     4     -6
43.5411726785508     0.861036529582402     0     4     -6
43.5544311416664     0.861178008969377     0     4     -6
43.5676897035343     0.860895922268366     0     4     -6
43.5809483632472     0.861567491414386     0     4     -6
43.5942071198979     0.861095920250311     0     4     -6
43.6074659725792     0.861395474290492     0     4     -6
43.6207249203839     0.861108804937729     0     4     -6
43.6339839624049     0.861166387714472     0     4     -6
43.6472430977351     0.861154899499358     0     4     -6
43.6605023254675     0.861090534776734     0     4     -6
43.6737616446951     0.861530990977135     0     4     -6
43.6870210545109     0.861202076127327     0     4     -6
43.7002805540078     0.861820862649495     0     4     -6
43.7135401422791     0.86135356112788     0     4     -6
43.7267998184177     0.861378408588384     0     4     -6
43.7400595815169     0.861268805981188     0     4     -6
43.7533194306699     0.861529552635243     0     4     -6
43.7665793649697     0.861297187034387     0     4     -6
43.7798393835097     0.861057493874207     0     4     -6
43.7930994853832     0.861436898815706     0     4     -6
43.8063596696833     0.861514893663465     0     4     -6
43.8196199355036     0.861464374130918     0     4     -6
43.8328802819372     0.861384909990488     0     4     -6
43.8461407080776     0.861738867628125     0     4     -6
43.8594012130182     0.861556584082197     0     4     -6
43.8726617958525     0.861706861495616     0     4     -6
43.8859224556739     0.861561792326645     0     4     -6
43.8991831915758     0.861535054952744     0     4     -6
43.912444002652     0.86163003013231     0     4     -6
43.9257048879957     0.861498191034888     0     4     -6
43.9389658467008     0.861591818517073     0     4     -6
43.9522268778607     0.861496121095546     0     4     -6
43.9654879805692     0.861585018184661     0     4     -6
43.9787491539198     0.861460812122782     0     4     -6
43.9920103970062     0.861599538432625     0     4     -6
44.0052717089222     0.861809027221726     0     4     -6
44.0185330887614     0.861603135381304     0     4     -6
44.0317945356177     0.861834727824375     0     4     -6
44.0450560485848     0.861659727494589     0     4     -6
44.0583176267565     0.861648144064509     0     4     -6
44.0715792692266     0.861587156724239     0     4     -6
44.0848409750891     0.861686758411076     0     4     -6
44.0981027434377     0.861761335476525     0     4     -6
44.1113645733664     0.861560667680372     0     4     -6
44.1246264639691     0.861829115017004     0     4     -6
44.1378884143397     0.861535593627261     0     4     -6
44.1511504235722     0.861657752690706     0     4     -6
44.1644124907606     0.861649076978803     0     4     -6
44.1776746149988     0.861477900177726     0     4     -6
44.190936795381     0.861694639764789     0     4     -6
44.2041990310011     0.861344487538657     0     4     -6
44.2174613209532     0.861717937920224     0     4     -6
44.2307236643314     0.861494464275082     0     4     -6
44.2439860602298     0.861439661859814     0     4     -6
44.2572485077426     0.86172091148172     0     4     -6
44.2705110059638     0.861595447149356     0     4     -6
44.2837735539876     0.861450048050982     0     4     -6
44.2970361509082     0.86187816794135     0     4     -6
44.3102987958199     0.861904616698985     0     4     -6
44.3235614878167     0.86151404222984     0     4     -6
44.336824225993     0.861809594400834     0     4     -6
44.3500870094429     0.861578138830105     0     4     -6
44.3633498372608     0.86167594664794     0     4     -6
44.376612708541     0.861353047917486     0     4     -6
44.3898756223776     0.861483374306874     0     4     -6
44.4031385778651     0.861380308057065     0     4     -6
44.4164015740977     0.861409119962479     0     4     -6
44.4296646101698     0.861780847094663     0     4     -6
44.4429276851758     0.861562617227381     0     4     -6
44.45619079821     0.861416211835497     0     4     -6
44.4694539483668     0.861501769262364     0     4     -6
44.4827171347406     0.861495347356741     0     4     -6
44.4959803564257     0.861440157046619     0     4     -6
44.5092436125167     0.861561853399321     0     4     -6
44.522506902108     0.861339558331324     0     4     -6
44.5357702242939     0.861353232813362     0     4     -6
44.549033578169     0.861405653036751     0     4     -6
44.5622969628277     0.861523916147595     0     4     -6
44.5755603773645     0.861826434643569     0     4     -6
44.5888238208739     0.861369295837606     0     4     -6
44.6020872924504     0.861427363314929     0     4     -6
44.6153507911885     0.861432786913736     0     4     -6
44.6286143161827     0.861482883902767     0     4     -6
44.6418778665275     0.861506770935193     0     4     -6
44.6551414413176     0.861462239130254     0     4     -6
44.6684050396474     0.861544134576638     0     4     -6
44.6816686606115     0.861460372967922     0     4     -6
44.6949323033044     0.861696964382365     0     4     -6
44.7081959668207     0.861910375949651     0     4     -6
44.7214596502551     0.86150143072385     0     4     -6
44.7347233527021     0.861513388765613     0     4     -6
44.7479870732562     0.86158998768578     0     4     -6
44.7612508110122     0.861446863079006     0     4     -6
44.7745145650645     0.862112961464935     0     4     -6
44.7877783345079     0.861563814053011     0     4     -6
44.8010421184369     0.861915004033398     0     4     -6
44.8143059159461     0.861878967455406     0     4     -6
44.8275697261302     0.861573599073481     0     4     -6
44.8408335480838     0.861686998356926     0     4     -6
44.8540973809016     0.862008345531728     0     4     -6
44.8673612236781     0.861851482825862     0     4     -6
44.8806250755081     0.862030530218277     0     4     -6
44.8938889354862     0.861748213406606     0     4     -6
44.9071528027069     0.861773536537623     0     4     -6
44.9204166762651     0.86192900841794     0     4     -6
44.9336805552553     0.862178914689964     0     4     -6
44.9469444387722     0.861823678784254     0     4     -6
44.9602083259105     0.862108923957569     0     4     -6
44.9734722157648     0.861752375973132     0     4     -6
44.9867361074297     0.861706479523645     0     4     -6
45     0.861794895824509     0     4     -6
