40.3773296281681     0.140480856892493     0     -6     0
40.3905383424574     0.147927504197589     0     -6     0
40.4037473740993     0.160799596146603     0     -6     0
40.4169567221688     0.157499690901988     0     -6     0
40.4301663857409     0.147377765139919     0     -6     0
40.4433763638906     0.151953013350167     0     -6     0
40.4565866556934     0.165734925026755     0     -6     0
40.4697972602245     0.16829647943443     0     -6     0
40.4830081765594     0.161422053117345     0     -6     0
40.4962194037737     0.164550287573973     0     -6     0
40.5094309409432     0.17848298632192     0     -6     0
40.5226427871436     0.184223105896149     0     -6     0
40.5358549414509     0.180040071143909     0     -6     0
40.5490674029412     0.185159612058054     0     -6     0
40.5622801706905     0.201174585112063     0     -6     0
40.5754932437751     0.206859709989911     0     -6     0
40.5887066212714     0.206858331143554     0     -6     0
40.601920302256     0.216156299243801     0     -6     0
40.6151342858053     0.23187537900025     0     -6     0
40.628348570996     0.237329002437882     0     -6     0
40.6415631569051     0.24115133483174     0     -6     0
40.6547780426093     0.258882249623514     0     -6     0
40.6679932271857     0.271205800103779     0     -6     0
40.6812087097115     0.274814412615698     0     -6     0
40.6944244892639     0.285279369705246     0     -6     0
40.7076405649202     0.302507690428572     0     -6     0
40.7208569357578     0.310805923296238     0     -6     0
40.7340736008544     0.316295648531928     0     -6     0
40.7472905592876     0.335778038641319     0     -6     0
40.7605078101351     0.348982735584913     0     -6     0
40.7737253524748     0.351870021896741     0     -6     0
40.7869431853848     0.364380837214704     0     -6     0
40.800161307943     0.383915137513321     0     -6     0
40.8133797192277     0.389309203694792     0     -6     0
40.8265984183172     0.393331658898492     0     -6     0
40.8398174042898     0.414571013973751     0     -6     0
40.8530366762241     0.425265805702329     0     -6     0
40.8662562331986     0.42488274958348     0     -6     0
40.8794760742921     0.436371994319342     0     -6     0
40.8926961985833     0.453784468264266     0     -6     0
40.9059166051511     0.455850208323454     0     -6     0
40.9191372930747     0.457683818314253     0     -6     0
40.932358261433     0.474032669237995     0     -6     0
40.9455795093053     0.482884523135595     0     -6     0
40.9588010357708     0.480546246645324     0     -6     0
40.9720228399091     0.486369873589752     0     -6     0
40.9852449207996     0.500683187367932     0     -6     0
40.9984672775219     0.503072887521803     0     -6     0
41.0116899091557     0.500695606384402     0     -6     0
41.0249128147808     0.510061993782522     0     -6     0
41.0381359934772     0.519591513407865     0     -6     0
41.0513594443248     0.516755321209382     0     -6     0
41.0645831664038     0.515820174286513     0     -6     0
41.0778071587943     0.526222028324566     0     -6     0
41.0910314205766     0.529576579156842     0     -6     0
41.1042559508312     0.52344102202944     0     -6     0
41.1174807486384     0.52501118906236     0     -6     0
41.130705813079     0.533119554719229     0     -6     0
41.1439311432336     0.531263401570892     0     -6     0
41.1571567381829     0.523871049309557     0     -6     0
41.1703825970079     0.526180340545733     0     -6     0
41.1836087187894     0.532087664306675     0     -6     0
41.1968351026086     0.525782520212065     0     -6     0
41.2100617475467     0.516362549519984     0     -6     0
41.2232886526848     0.519623318771474     0     -6     0
41.2365158171043     0.523392552942204     0     -6     0
41.2497432398867     0.512744065111521     0     -6     0
41.2629709201134     0.500315026392441     0     -6     0
41.2761988568661     0.502706705265749     0     -6     0
41.2894270492266     0.505448348556952     0     -6     0
41.3026554962766     0.486157033384028     0     -6     0
41.315884197098     0.469973978245419     0     -6     0
41.3291131507728     0.474956997368512     0     -6     0
41.3423423563831     0.475242803623895     0     -6     0
41.3555718130111     0.450100629552627     0     -6     0
41.368801519739     0.42964919220834     0     -6     0
41.3820314756491     0.435410480547985     0     -6     0
41.395261679824     0.429476603580387     0     -6     0
41.4084921313462     0.397138622853837     0     -6     0
41.4217228292982     0.374810653683739     0     -6     0
41.4349537727627     0.38260488813046     0     -6     0
41.4481849608227     0.378087466592842     0     -6     0
41.4614163925608     0.340712875089116     0     -6     0
41.4746480670603     0.316418126916101     0     -6     0
41.487879983404     0.325885281622986     0     -6     0
41.5011121406751     0.326983699138453     0     -6     0
41.5143445379569     0.294870510228847     0     -6     0
41.5275771743327     0.279119326219896     0     -6     0
41.5408100488858     0.301537800546983     0     -6     0
41.5540431606999     0.316530976029958     0     -6     0
41.5672765088584     0.308275281644321     0     -6     0
41.580510092445     0.323505920154727     0     -6     0
41.5937439105435     0.366581894950827     0     -6     0
41.6069779622377     0.402082448637991     0     -6     0
41.6202122466115     0.434358362164885     0     -6     0
41.6334467627489     0.479451209341757     0     -6     0
41.646681509734     0.526034762173622     0     -6     0
41.6599164866509     0.574098411243418     0     -6     0
41.673151692584     0.621252757825978     0     -6     0
41.6863871266174     0.661964849763377     0     -6     0
41.6996227878358     0.684758110157988     0     -6     0
41.7128586753234     0.705628226517522     0     -6     0
41.726094788165     0.729462584134234     0     -6     0
41.7393311254452     0.747459411118604     0     -6     0
41.7525676862486     0.751565590543122     0     -6     0
41.7658044696602     0.756151970400067     0     -6     0
41.7790414747648     0.768848288917372     0     -6     0
41.7922787006474     0.779421250306169     0     -6     0
41.8055161463931     0.78045851384676     0     -6     0
41.8187538110869     0.781382077407074     0     -6     0
41.8319916938142     0.790579596455239     0     -6     0
41.8452297936601     0.800493920249899     0     -6     0
41.8584681097102     0.801872209577477     0     -6     0
41.8717066410497     0.803667596480104     0     -6     0
41.8849453867643     0.812025207792406     0     -6     0
41.8981843459396     0.820634809650161     0     -6     0
41.9114235176612     0.822345391195746     0     -6     0
41.9246629010149     0.82363560653196     0     -6     0
41.9379024950865     0.829715198466816     0     -6     0
41.9511422989619     0.836161229577883     0     -6     0
41.9643823117272     0.836679563258592     0     -6     0
41.9776225324684     0.837806349976735     0     -6     0
41.9908629602715     0.842743944423159     0     -6     0
42.0041035942229     0.846256697271048     0     -6     0
42.0173444334088     0.845558893810024     0     -6     0
42.0305854769156     0.847454640380496     0     -6     0
42.0438267238296     0.851165459076785     0     -6     0
42.0570681732375     0.851759148415442     0     -6     0
42.0703098242257     0.851524674576438     0     -6     0
42.083551675881     0.854385463678384     0     -6     0
42.09679372729     0.855887175868707     0     -6     0
42.1100359775395     0.855525412051631     0     -6     0
42.1232784257165     0.856300885251372     0     -6     0
42.1365210709078     0.858537771636657     0     -6     0
42.1497639122005     0.857714122373629     0     -6     0
42.1630069486816     0.858087355248293     0     -6     0
42.1762501794383     0.859531326916009     0     -6     0
42.1894936035578     0.86025853248921     0     -6     0
42.2027372201273     0.859678589812414     0     -6     0
42.2159810282344     0.86044511683288     0     -6     0
42.2292250269662     0.861350149421813     0     -6     0
42.2424692154105     0.861127403609458     0     -6     0
42.2557135926547     0.861267881896982     0     -6     0
42.2689581577864     0.862199795414048     0     -6     0
42.2822029098935     0.862142469880639     0     -6     0
42.2954478480635     0.86203306693435     0     -6     0
42.3086929713844     0.862335920365128     0     -6     0
42.3219382789441     0.862471275583228     0     -6     0
42.3351837698304     0.862226128064334     0     -6     0
42.3484294431316     0.862695642745063     0     -6     0
42.3616752979356     0.863248096335862     0     -6     0
42.3749213333306     0.863080990393848     0     -6     0
42.3881675484049     0.862483774616641     0     -6     0
42.4014139422467     0.863292621644118     0     -6     0
42.4146605139445     0.863324645417968     0     -6     0
42.4279072625865     0.862801124102358     0     -6     0
42.4411541872613     0.862905767396665     0     -6     0
42.4544012870576     0.863792567540443     0     -6     0
42.4676485610637     0.86349729963291     0     -6     0
42.4808960083686     0.863287313943755     0     -6     0
42.4941436280607     0.863623231652741     0     -6     0
42.5073914192291     0.863702890634434     0     -6     0
42.5206393809625     0.862926368331967     0     -6     0
42.5338875123499     0.863412779180565     0     -6     0
42.5471358124802     0.86375204862928     0     -6     0
42.5603842804426     0.864001081393281     0     -6     0
42.573632915326     0.863840482949795     0     -6     0
42.5868817162196     0.863805140490497     0     -6     0
42.6001306822128     0.86394173150298     0     -6     0
42.6133798123947     0.863449774422032     0     -6     0
42.6266291058547     0.862869223302852     0     -6     0
42.6398785616822     0.863694842313219     0     -6     0
42.6531281789667     0.863626483874816     0     -6     0
42.6663779567977     0.863485648998124     0     -6     0
42.6796278942648     0.863033204269975     0     -6     0
42.6928779904575     0.863552057878667     0     -6     0
42.7061282444657     0.863331329767531     0     -6     0
42.719378655379     0.863097407487837     0     -6     0
42.7326292222872     0.862961556489763     0     -6     0
42.7458799442802     0.863305879496216     0     -6     0
42.759130820448     0.863501800450333     0     -6     0
42.7723818498804     0.86374199611319     0     -6     0
42.7856330316676     0.862961574169599     0     -6     0
42.7988843648995     0.863351104458101     0     -6     0
42.8121358486664     0.863653579907571     0     -6     0
42.8253874820585     0.863480298709076     0     -6     0
42.8386392641659     0.863431039389085     0     -6     0
42.8518911940789     0.863493974529852     0     -6     0
42.865143270888     0.863598306425863     0     -6     0
42.8783954936836     0.86381922868875     0     -6     0
42.891647861556     0.863225974827585     0     -6     0
42.9049003735958     0.863356981326592     0     -6     0
42.9181530288935     0.863436247537367     0     -6     0
42.9314058265398     0.863256022342247     0     -6     0
42.9446587656254     0.863690701820669     0     -6     0
42.9579118452409     0.863353164959783     0     -6     0
42.9711650644771     0.863075500890119     0     -6     0
42.9844184224248     0.863300073234585     0     -6     0
42.9976719181749     0.863151187260411     0     -6     0
43.0109255508184     0.863154131626026     0     -6     0
43.0241793194461     0.863589359190728     0     -6     0
43.0374332231491     0.863152452351739     0     -6     0
43.0506872610184     0.863251236312832     0     -6     0
43.0639414321452     0.86319571841543     0     -6     0
43.0771957356206     0.863046747211272     0     -6     0
43.0904501705359     0.862805661917114     0     -6     0
43.1037047359822     0.86297541293677     0     -6     0
43.1169594310509     0.862982749355979     0     -6     0
43.1302142548334     0.863059839443862     0     -6     0
43.1434692064209     0.862814626039348     0     -6     0
43.1567242849051     0.863213708785064     0     -6     0
43.1699794893773     0.863157706904986     0     -6     0
43.183234818929     0.86289502269074     0     -6     0
43.1964902726519     0.863034190542746     0     -6     0
43.2097458496376     0.863024773354038     0     -6     0
43.2230015489777     0.862856252752284     0     -6     0
43.236257369764     0.862841459415579     0     -6     0
43.2495133110882     0.86258043252822     0     -6     0
43.2627693720421     0.862715038919838     0     -6     0
43.2760255517175     0.862624073206362     0     -6     0
43.2892818492064     0.862330986172141     0     -6     0
43.3025382636006     0.862549893934391     0     -6     0
43.3157947939921     0.862676629399869     0     -6     0
43.3290514394729     0.862486327050997     0     -6     0
43.3423081991352     0.862491648077968     0     -6     0
43.3555650720708     0.862252999625224     0     -6     0
43.3688220573721     0.861904402998136     0     -6     0
43.3820791541312     0.862190330571495     0     -6     0
43.3953363614402     0.862144565701824     0     -6     0
43.4085936783915     0.861985609100493     0     -6     0
43.4218511040773     0.862121542601263     0     -6     0
43.43510863759     0.862333428647999     0     -6     0
43.4483662780219     0.861804297740621     0     -6     0
43.4616240244654     0.861770762548641     0     -6     0
43.4748818760131     0.861363464195552     0     -6     0
43.4881398317573     0.86174911060971     0     -6     0
43.5013978907905     0.861673561886137     0     -6     0
43.5146560522055     0.86195178133766     0     -6     0
43.5279143150947     0.861547039129344     0     -6     0
43.5411726785508     0.861451252518368     0     -6     0
43.5544311416664     0.861537153008924     0     -6     0
43.5676897035343     0.861488197057315     0     -6     0
43.5809483632472     0.861479814604545     0     -6     0
43.5942071198979     0.861510571611314     0     -6     0
43.6074659725792     0.861623358737914     0     -6     0
43.6207249203839     0.861355897748044     0     -6     0
43.6339839624049     0.861401484490654     0     -6     0
43.6472430977351     0.861278800204222     0     -6     0
43.6605023254675     0.861464123358003     0     -6     0
43.6737616446951     0.861218867822542     0     -6     0
43.6870210545109     0.861585564542007     0     -6     0
43.7002805540078     0.861477328394487     0     -6     0
43.7135401422791     0.861385024334813     0     -6     0
43.7267998184177     0.861651266429596     0     -6     0
43.7400595815169     0.861545577168292     0     -6     0
43.7533194306699     0.861276287169942     0     -6     0
43.7665793649697     0.861096457908534     0     -6     0
43.7798393835097     0.860986415637073     0     -6     0
43.7930994853832     0.861692439468769     0     -6     0
43.8063596696833     0.861438633686268     0     -6     0
43.8196199355036     0.861818054003826     0     -6     0
43.8328802819372     0.861891405069296     0     -6     0
43.8461407080776     0.861626868435018     0     -6     0
43.8594012130182     0.861237770268835     0     -6     0
43.8726617958525     0.861415566711219     0     -6     0
43.8859224556739     0.86131985851898     0     -6     0
43.8991831915758     0.861607301054203     0     -6     0
43.912444002652     0.861485025086159     0     -6     0
43.9257048879957     0.861806450589946     0     -6     0
43.9389658467008     0.861708136792417     0     -6     0
43.9522268778607     0.861746562746896     0     -6     0
43.9654879805692     0.86149758976602     0     -6     0
43.9787491539198     0.861653760408037     0     -6     0
43.9920103970062     0.861753100392086     0     -6     0
44.0052717089222     0.861681298759713     0     -6     0
44.0185330887614     0.86144915151853     0     -6     0
44.0317945356177     0.861508472911514     0     -6     0
44.0450560485848     0.861321785394961     0     -6     0
44.0583176267565     0.861323104293277     0     -6     0
44.0715792692266     0.861483187526703     0     -6     0
44.0848409750891     0.861336653475457     0     -6     0
44.0981027434377     0.86142759226157     0     -6     0
44.1113645733664     0.86128648430868     0     -6     0
44.1246264639691     0.860959062198284     0     -6     0
44.1378884143397     0.861323065413926     0     -6     0
44.1511504235722     0.86043951881814     0     -6     0
44.1644124907606     0.861063292634015     0     -6     0
44.1776746149988     0.861084767699196     0     -6     0
44.190936795381     0.861018313684495     0     -6     0
44.2041990310011     0.861329939894602     0     -6     0
44.2174613209532     0.86124983643254     0     -6     0
44.2307236643314     0.861166229261235     0     -6     0
44.2439860602298     0.861028071579234     0     -6     0
44.2572485077426     0.860513626376149     0     -6     0
44.2705110059638     0.860979398895585     0     -6     0
44.2837735539876     0.860650172046005     0     -6     0
44.2970361509082     0.860594430651952     0     -6     0
44.3102987958199     0.86039679742662     0     -6     0
44.3235614878167     0.860585465188846     0     -6     0
44.336824225993     0.860685418212317     0     -6     0
44.3500870094429     0.860442573419157     0     -6     0
44.3633498372608     0.860430206858947     0     -6     0
44.376612708541     0.860304021767316     0     -6     0
44.3898756223776     0.860074454906386     0     -6     0
44.4031385778651     0.859996530307319     0     -6     0
44.4164015740977     0.860065633087095     0     -6     0
44.4296646101698     0.860078163792302     0     -6     0
44.4429276851758     0.859957265991637     0     -6     0
44.45619079821     0.859649026028637     0     -6     0
44.4694539483668     0.859730906573162     0     -6     0
44.4827171347406     0.859650316672198     0     -6     0
44.4959803564257     0.859353397077783     0     -6     0
44.5092436125167     0.859411455108255     0     -6     0
44.522506902108     0.859558517036333     0     -6     0
44.5357702242939     0.859250673240742     0     -6     0
44.549033578169     0.858876573204653     0     -6     0
44.5622969628277     0.859200496937915     0     -6     0
44.5755603773645     0.858898504246614     0     -6     0
44.5888238208739     0.858989782571415     0     -6     0
44.6020872924504     0.859088278661795     0     -6     0
44.6153507911885     0.858984494540737     0     -6     0
44.6286143161827     0.858803381482194     0     -6     0
44.6418778665275     0.858623865150195     0     -6     0
44.6551414413176     0.858540654689478     0     -6     0
44.6684050396474     0.858653445154579     0     -6     0
44.6816686606115     0.858406045619308     0     -6     0
44.6949323033044     0.858687086973176     0     -6     0
44.7081959668207     0.858652088623413     0     -6     0
44.7214596502551     0.858588746770802     0     -6     0
44.7347233527021     0.858518152969841     0     -6     0
44.7479870732562     0.858558807811887     0     -6     0
44.7612508110122     0.858033507256082     0     -6     0
44.7745145650645     0.858399328866916     0     -6     0
44.7877783345079     0.858520012604915     0     -6     0
44.8010421184369     0.858468210360576     0     -6     0
44.8143059159461     0.858152334152104     0     -6     0
44.8275697261302     0.858182207088074     0     -6     0
44.8408335480838     0.857895170131943     0     -6     0
44.8540973809016     0.858223304116677     0     -6     0
44.8673612236781     0.858383202126423     0     -6     0
44.8806250755081     0.858382154063603     0     -6     0
44.8938889354862     0.85850937104448     0     -6     0
44.9071528027069     0.858516778982306     0     -6     0
44.9204166762651     0.85867662673241     0     -6     0
44.9336805552553     0.858694479828428     0     -6     0
44.9469444387722     0.858179661975153     0     -6     0
44.9602083259105     0.858353370204942     0     -6     0
44.9734722157648     0.85850375580024     0     -6     0
44.9867361074297     0.858349640322453     0     -6     0
45     0.858615341192343     0     -6     0
